148 160
-1 486940125 -2 -2 -2 -1 -2 -1 -2 -1 -1 -1 -2 -2 -1 -2 -2 -2 -1 944642792 -2 -2 -1 -2 -2 -2 -1 -2 771537634 -2 -2 -1 -2 -1 -2 -2 -2 -1 -1 -1 -1 -1 -1 -2 -2 -1 -1 -2 -2 -2 -2 -2 -1 -2 -2 -2 -1 -1 -1 -2 -2 -2 -1 -2 573349629 374802911 938232824 -2 -2 -1 -2 -1 -1 -2 -1 -1 -2 -2 -2 -1 -2 -2 -1 -2 -2 -1 -1 -2 -1 -2 -1 -2 -1 -1 -1 -2 -1 -1 165267359 -1 -2 -2 -1 -2 -1 -1 -2 -2 -2 -2 -1 -2 -1 -2 -2 -2 -1 138176228 -2 -2 -1 -2 -1 -2 930914829 -1 -1 -2 -2 775289755 -1 -1 -1 -1 -1 -1 -1 911388862 -1 -2 -1 -1 -2 -2 -2 -2 -1 -1 -2 -2 -2 -2 -2 -1 -2 -2 -2 -1 -2 -2
-2 -2 -2 -1 -1 -2 -1 -1 488287591 -1 -1 -1 -1 -2 -1 -1 -2 -2 -1 -1 -2 -1 -2 -2 -2 -1 -2 -1 433999908 -2 -2 -1 -1 -2 -1 -2 -1 -2 -1 -2 -2 -2 -1 -1 -2 -2 329390741 86580646 -2 -2 360144736 -1 -2 -1 -2 -2 -1 -2 -2 -2 -2 -1 -1 -2 -2 -2 765882925 -1 -2 -2 -2 -2 -2 938584833 -1 -1 -1 -2 -2 4396739 -2 -1 -1 -2 -2 -2 -2 -2 -2 -1 -1 -1 159192633 -1 -1 -1 -1 -1 695051420 -1 -1 -1 -1 -1 -1 -2 -1 -1 143055839 -2 -1 -1 -1 -1 552939335 -1 -1 -2 -1 -2 728655994 -2 -2 -2 -2 905711845 -2 -1 -2 -1 -1 -2 190109706 -1 405599003 -1 -1 -2 584004031 -2 -2 -1 -1 -1 -2 -2 -2 -1 -2 -2 -1 -2 -1 -2 -2 -1 -2 439802641 -2 -1
-1 -1 -1 -2 -2 -2 -1 -2 -2 -1 -1 -1 -2 -1 -1 -1 -2 298817247 -2 -2 -1 -2 -1 -2 -2 -1 -1 -1 -2 -2 -1 392963018 -1 -1 -2 969624214 -2 -2 -1 -2 -1 -2 -2 -1 -1 -1 -1 -2 -2 -2 -1 -1 -1 -1 -1 -2 -2 -2 -1 -2 -1 -2 -1 -2 -2 -2 -2 -2 -1 -2 394391349 -2 -2 -2 -1 -2 -2 -1 -2 -1 -1 -1 14067525 -2 -2 -2 -1 -2 -1 -2 -2 208228496 -2 -1 -1 -2 -1 -2 -1 -2 -2 -2 -2 -1 -2 -1 -1 -2 -2 -1 -1 -1 -1 -2 -1 39746757 -2 -2 -2 -1 932715263 -2 -1 741770884 -2 -1 -2 420480192 -2 -2 978064067 -2 -1 -1 -2 -2 -2 -2 -1 -1 -2 -2 -2 -1 -1 -2 -1 -1 565051990 -2 -1 -2 -1 -1 -1 -2 620142193 -2 -2 -2
-1 -1 -2 -2 -2 -1 -1 -2 -1 -2 -1 -1 -2 -2 -2 -1 -1 -1 -1 -1 -1 -1 698568354 -1 -1 -2 -1 -2 -1 -1 -1 -1 -1 -2 -2 874616344 -2 -1 -2 -1 -1 -2 -1 -1 -1 -1 -1 -1 -1 -2 -1 -2 -1 -2 -1 -1 -2 -2 -2 -2 -2 -2 -2 958503833 -1 -2 -1 -2 -2 -1 -1 -2 -1 -2 -2 -1 -2 -1 -1 -1 -2 -2 863666416 -2 -1 -1 -1 -2 -2 -2 -2 -1 -2 -2 -2 -2 -1 -1 -1 -1 -2 -2 -2 -2 -1 -2 -1 883213626 -2 -2 -1 -1 -1 -1 319398132 -2 -2 -2 -1 -1 -2 -2 -1 -2 -1 -1 -2 -2 -1 -2 -1 634857686 -2 -1 937410421 -1 -2 -2 -1 -1 -2 -2 673073320 -1 -2 -1 -1 -2 -1 464022045 -1 -1 -1 -2 -1 -2 -1 -1 -1 -2
-2 -2 -2 -2 -1 -1 -2 221592445 -1 -1 -1 -2 -2 -1 -1 -1 291324557 -2 -2 -2 -2 -1 -1 -2 -2 -1 -1 -1 727001727 -1 -1 -1 -1 -2 -2 -2 -2 -2 -2 128454402 -2 -2 -1 -2 -1 553272200 -2 -2 -1 -2 -1 -2 -1 -2 -2 -2 -1 -2 -2 -1 -2 -1 904200576 728331103 -1 -1 -1 -1 -1 -2 -2 -1 -2 -1 -1 -2 -1 -2 -1 -1 -1 238390002 -1 -1 -1 -1 -1 -1 -2 -1 -1 -2 -1 -2 -2 -1 -1 192661165 -1 -1 -1 -2 987328523 -1 -1 -2 -1 -1 -2 -1 -2 -1 483943921 -1 754910739 -1 366329863 -1 -1 -1 -1 -2 -2 558869268 -2 -1 901107379 -2 -1 -1 -1 -1 -1 -2 -2 -1 -1 -1 -1 -2 -1 -1 -2 -2 -1 -1 -1 -1 -2 -2 -1 -1 -2 -2 -2 -1 -2 -2 -1 -2
-2 -2 639514234 -2 -1 -2 313766177 -1 -2 -1 -1 746324202 -1 -2 -1 558108820 -2 -1 -1 -1 -1 -2 -2 -1 -2 913267857 -1 -1 -1 -1 -1 -2 -2 -1 -2 -2 -2 -1 -1 -2 -2 -1 51199371 -1 -1 -1 955438521 -2 -1 -2 -2 -1 -2 -1 -2 -2 -2 -1 626746585 -1 -1 -1 -1 -2 -1 -2 -2 191153505 -2 -1 -2 -1 -2 -2 -1 -1 -2 -2 307365421 -2 -2 -2 -1 -2 -1 -1 -2 -1 -1 -1 -1 -1 -1 993388029 -2 959078976 -2 -1 -2 -1 -2 -2 -1 -2 -1 -2 -1 -1 -1 -2 -2 -1 -1 -2 -1 -1 -2 -2 -1 821711605 -2 101839851 -1 -1 -1 -2 955786282 -1 -1 -1 922897722 -2 -1 -1 -2 -2 -1 -2 -2 -2 -2 -1 -2 -2 -2 -1 -2 -1 -2 -1 -1 -1 -1 -1 -2 -2 -2 -1 -2 645861176
-1 -2 238312297 -1 -2 -1 -1 -2 -1 -2 407416607 -2 706982045 -2 -2 -2 -2 -1 -1 456485856 -1 -2 -1 -1 -2 252001418 284888359 -1 -1 -2 -1 -1 101937735 715950571 -1 -2 -1 -1 -1 -2 -2 -1 -1 -2 -2 -2 -1 -2 -1 -1 -1 -1 -2 -2 -2 -2 -1 -1 -1 -1 -1 -1 14567803 -1 -2 -1 -2 -2 -1 -2 119073655 439852900 -2 -2 314070470 -1 -2 -1 -1 -1 -1 205959841 -1 -2 -1 974802006 -2 -2 -1 -1 -2 -2 -1 -1 -1 -2 93153019 -2 -1 -1 3011912 -2 -1 -2 -2 -1 -1 -1 -1 -1 -1 -1 -2 -2 -1 -1 897720250 428415422 -2 -2 -2 -2 -1 -2 -1 -1 -2 -2 -1 -2 -2 -1 -2 -1 -2 -1 -1 -1 824647731 -1 -1 -1 37414259 -2 -1 -1 -1 -1 -1 453531163 -1 -2 -1 -1 -2 -2 -2 -2 308983235 -2
-1 -1 -1 -1 -2 -1 -1 -1 -2 -1 -2 -1 -1 -2 -1 -2 -2 -2 -2 -1 -2 -1 -2 -2 -1 856723918 -1 -1 -2 -2 -1 -2 -2 -1 12604789 -1 -2 -2 -1 -2 -1 -2 -2 320247895 952000766 458286373 -2 -2 -1 -1 -1 -1 -2 -2 -1 -2 497875630 301904897 -1 -2 -2 -1 -2 -2 -1 -1 -1 -1 -1 -2 -2 -1 -2 -1 -1 -1 -2 -1 -1 -1 -1 -1 -2 -1 -1 -1 -1 -1 -1 -1 -2 -2 -2 -1 -2 -1 622503586 -2 -1 -2 -2 -1 -2 -2 -1 -1 -1 -2 -2 -1 -1 -2 -2 -2 -2 150601442 -2 -2 -1 -2 -1 -2 608361841 -1 -1 -1 -1 -1 707345101 84706479 -1 -2 -2 -2 -2 -2 -1 -1 -1 -1 -1 -1 -1 -1 -2 -1 -1 -2 -2 -1 -1 352146972 -2 -1 -2 -1 -1 -2 -1 -2
-2 -2 -1 -1 -1 -1 -1 -2 -1 -1 -1 -2 -1 -2 -1 -1 -1 -2 -2 -1 -1 -2 -2 450287724 -2 79883918 361341072 -2 -2 -2 -2 -2 -2 -2 -2 -2 -2 497624084 29279043 -1 -1 -2 -2 -2 -2 -2 101332251 -1 -2 -1 -1 -1 -2 -2 581075440 -1 -2 294045547 -1 -1 -1 -2 -1 -1 -2 -1 -2 -1 -2 -1 324252549 -1 -1 -1 -2 -1 -2 -2 -1 -2 -1 -2 -1 -2 -1 -2 -2 -2 -2 -2 -1 -1 605865722 -2 -2 -1 -2 -1 -2 -1 -1 -2 -1 -2 -1 -1 -1 -2 -2 768916647 -1 -1 -2 -1 -1 -1 848966559 -1 -1 -2 -2 -1 346977562 -1 -1 -2 -2 -2 -2 -2 659039056 -2 -1 -1 -1 -1 -2 -1 -1 -1 -2 259636831 -1 -1 -1 -1 -2 609942307 -2 -1 -2 -1 -1 -1 -1 960204809 -1 -2 -1 -2
-1 21201042 -1 -2 -2 -1 -2 -2 -1 -2 -1 -2 -2 919560783 -1 -1 -2 -2 -1 -2 276689084 -2 414551430 -2 -1 -1 -1 283546550 -2 -1 -1 -2 -2 -1 -1 -1 -1 -2 -1 -1 430826206 -1 -2 -2 -1 -1 569594221 -2 -2 -2 -2 -1 -2 -1 -2 -2 -2 -2 -2 -1 -1 -1 -1 -1 -1 -2 -1 -1 -1 -1 -2 -1 -2 486618110 -1 -1 -1 -1 -1 -2 5336925 -2 -1 -1 -2 -1 -1 -2 733731702 -2 621596299 -2 -1 -1 -1 833075635 -2 -1 -2 56925176 -1 -2 -2 -2 469318242 -2 -1 -1 -1 -1 -1 -1 -2 -2 -2 -1 -2 -2 231672414 117068231 -2 -1 -2 -1 -1 -2 -1 -1 -2 -1 -1 -2 -2 -1 -1 -2 -1 -2 -1 -2 -2 459360688 5603493 -1 -1 -1 -2 -2 -2 -2 406667535 -2 -1 -1 -2 -1 698903342 -2 -1 -2
579415166 63888615 532139050 -1 -2 39637585 -1 -1 -1 150987982 -1 -1 -1 -2 -2 -1 397901985 -2 -2 -2 -1 -1 -2 -1 -2 -2 804658595 -2 -2 -2 542124158 -1 -2 -1 -1 -2 -2 -2 -2 -1 -2 -1 -1 -2 -2 -2 -2 -1 255020281 -1 -1 -2 -2 -2 -2 -2 -2 -1 -1 -2 -2 -2 507449255 -2 765026636 -2 -1 -2 -1 -2 -2 -1 87373278 -1 -2 -1 26592047 -1 -1 -1 -2 -2 -2 -2 -2 -1 -1 -1 -2 -2 -1 -2 -2 44053209 -1 -2 -2 -2 -1 -1 -1 -2 -1 -1 -1 -2 -1 -2 -1 -1 -1 -2 -2 724369712 841571569 -2 -1 -2 -2 -1 492746067 -1 -2 -2 -1 482705016 -2 -2 -2 845369081 -1 -2 -2 -1 -2 -2 -1 -2 -1 -1 -1 -1 -1 -2 105460117 -2 -2 -2 -2 -2 -1 -1 237152961 -1 -2 -1 -2 -1 -1 -1
-1 -1 486129349 -2 -2 -1 -2 -1 405104960 -1 -2 -1 -1 -2 -2 -2 324692477 -2 -1 881760057 -2 -2 -2 -2 -2 -2 -1 -1 -2 -1 -1 -1 -1 -2 -1 -2 -2 138143798 -1 -2 -1 -2 302131165 -1 -2 -1 -1 -2 -1 -1 -2 92325382 -1 -2 197505896 -2 -2 -1 -2 312651060 -1 -1 800569573 -1 -2 416179650 -1 -1 -1 -2 -1 -2 -1 -2 -2 -1 -1 -2 -2 -2 -2 -1 -1 -2 -1 -1 -1 -1 -2 -2 -1 102583698 -1 -1 333362462 -1 508119242 -2 -1 -2 -1 244934210 -2 -2 -1 -2 -1 -1 -2 -1 -2 -1 -1 -1 -1 -2 840515024 -2 -2 377054870 -2 -2 -2 835827554 -2 -1 -2 -1 -1 -2 428653268 -1 -1 -1 -2 -1 -2 -2 -2 -1 -1 -2 -1 -1 -1 576624740 -1 -2 -1 -2 -1 273624977 -1 -1 -2 -1 398125208 -1 -2 203366647
-2 -1 -2 -2 -2 -2 -1 -1 -2 -1 -1 -1 -1 -1 -2 -2 -2 -1 -1 -1 -2 -1 -2 -2 -1 20239676 -1 -2 -2 -1 -2 -2 -1 -1 674678565 -1 -1 -2 -2 -1 -2 -2 -2 -2 -1 -1 -2 -2 -1 -2 751335114 -1 -1 -1 -2 -2 -1 -2 -1 -2 -1 -2 -2 -1 -1 312021657 -1 437339033 -1 -2 -1 -1 -2 -1 -1 -1 -2 -2 -1 -1 -2 -2 -2 -1 -1 -2 -2 -1 -1 -2 -1 -1 -2 -1 -1 -1 -1 -1 678618787 -1 426785802 -2 -2 -1 -2 -1 -2 -2 -2 -2 -1 -1 -2 -2 -2 -2 -2 -1 -2 -2 -1 -1 -1 -1 -2 -2 -1 -1 -1 -1 -2 395843705 -2 -1 -1 -1 -2 -1 -2 -1 948249327 -1 -2 -2 580350193 -1 -1 -1 -2 -1 674683696 -1 -2 -2 -1 -1 -1 -2 -2 -1
-1 -2 -2 -1 -2 -1 -1 -1 -2 -2 -1 -2 -1 -1 -2 -2 -1 -2 -1 -2 989028078 -2 -1 -1 -1 460667615 -1 -2 -2 -2 -2 -1 -2 332482460 -1 -1 -1 -1 -2 -2 -1 -2 -1 -2 -2 -2 -2 -1 -2 -1 -1 -2 -2 -1 -2 -2 376286562 -1 242031229 125779977 -1 519266047 601779474 -2 -2 -2 -1 -1 -2 502888928 -1 -1 -2 -1 -1 -1 -1 -1 -1 362896964 -1 292468619 -1 -1 -2 -2 -1 -1 -2 -1 -2 -2 -1 -1 38699549 781534938 -2 -2 -2 -1 -1 -1 -1 -2 -2 -2 -2 -1 -1 352703461 -2 -1 -2 50524735 -2 -2 -2 -2 -1 -2 -1 -2 622312521 -1 281839208 69453410 -1 516671128 -2 -2 -1 -1 -2 -2 -2 -1 -1 -2 -2 -2 -2 -1 -1 -2 -1 650095508 -1 -1 -2 -1 -1 -1 -1 -2 -1 -1 710792386 -1 -1 -2
-1 -2 -1 -2 -2 -2 -2 -1 -2 -2 -1 -1 -1 -1 -2 55266641 -2 589431563 -2 -2 -2 -1 -1 -2 -2 -2 244248549 -2 -1 -2 -2 -1 -2 -2 -2 -2 -1 -1 -2 -1 -1 -1 645001914 -2 -1 -1 -1 -2 77476267 -2 -1 -2 315179372 -2 -1 -2 -2 -1 -1 -1 -2 -1 -2 50624105 -2 -2 -1 841066317 -2 -2 533477067 -1 -2 -1 -2 -2 -1 -2 -2 -2 -2 551756921 -1 -1 -1 -2 -1 -1 -2 -2 -2 -1 -2 -2 -2 -2 -1 -1 -2 -2 -1 -1 -1 -2 -1 -1 -2 -1 -2 -2 -2 -1 -1 -2 -2 778232784 -2 -1 -2 -2 44911507 -1 -1 -1 -1 -1 -2 -2 -1 -1 -1 -2 152575400 -1 -2 -1 -2 -1 -2 -1 -2 -2 -1 -1 -1 -2 -1 -2 -2 -2 -2 -2 -2 -1 -2 -1 -2 -1 -1 -1
-2 -2 -2 -1 -1 -2 -1 -1 -1 -1 -2 -1 -2 -2 530066447 -1 428602181 -1 564857296 -1 -2 -1 -2 -1 -2 -2 111808298 -1 -1 -1 -1 -2 -1 -2 -1 -2 -2 396211982 -1 -2 -1 -2 -2 -2 -1 -1 -1 -2 -2 -1 -1 -1 -2 -2 -2 439483205 -2 -1 -1 -2 -1 -1 856900364 -2 -1 -2 -1 49726 -2 -1 -1 -2 -2 -2 -2 -1 -2 -2 -1 -1 -1 -2 -1 -1 -2 -1 -2 -1 -1 -1 -2 -1 -1 -2 157139915 -2 -1 600282496 993005011 943873649 -1 -2 -2 -1 -1 -2 -2 -1 -1 -1 -1 -2 -1 -2 -2 -2 -1 -2 -1 -1 -2 -1 -2 -2 -1 -1 -1 682704595 -1 -1 -1 -2 -2 -1 -1 -1 961699445 140991370 -2 -1 -2 -2 -1 -1 -1 -2 -1 -1 -2 -2 -1 -2 -1 623180757 -1 -2 -1 -1 -2 -1
-2 -2 -2 -1 -1 -2 -1 -2 -1 492503032 -1 -2 -1 -1 -1 268243856 -1 -2 -1 -2 -2 -2 -1 -1 -1 -1 -2 -1 -2 -2 -2 -1 -2 -1 -2 -1 -2 661831749 -2 -1 -2 -1 -2 -1 -1 -2 -2 -1 -2 -2 -2 -2 -1 -2 -1 -1 -2 -2 -1 -1 -2 -1 -1 -2 -2 -1 -2 -2 -1 -2 -2 -1 -1 -1 -1 -2 -1 -1 -1 618997298 -1 -1 -1 -1 80437899 -2 -1 -2 -1 -2 -1 -2 -1 -1 -2 -2 -2 -1 -2 -1 -1 -1 -1 323093285 156357493 694000811 700097946 -2 -2 -1 -1 -2 -2 -1 618489830 -2 -1 -1 -1 -1 -1 706274559 -1 -2 -1 -1 -2 -1 -1 -1 -1 -2 -1 -1 250143384 -1 -1 -2 397177367 -2 193234653 -2 932745931 -1 -2 -2 -1 -1 -2 -1 -1 -2 662956346 -2 -2 -1 -2 -2 -2 -1
-1 -2 -1 -1 -2 147733932 -1 -1 -1 -1 -1 -1 973587905 -2 -2 -1 -2 -1 -1 -1 7404325 -1 -1 -1 -1 -2 -2 -2 422535336 -1 -2 -2 438261479 -1 -2 -2 -1 -2 -1 -2 -2 -2 -2 -2 -2 -1 -1 -1 -2 -2 989606240 -1 -2 -2 -2 -2 101842693 -2 531590914 -1 -1 -2 -1 -1 -1 -1 -1 -1 -2 -1 -2 791435695 -1 -2 812746911 -2 -2 -1 -2 -1 -2 -1 -1 -1 -2 -1 -2 214200820 -1 -1 -1 -2 -2 -2 -2 -2 -1 -1 903391052 -1 -1 -2 -2 -2 -1 -1 -2 -2 -2 -2 -1 -1 -2 -2 -2 -2 -2 -1 -2 -2 -2 -1 -2 -1 -1 -1 -1 -2 -2 -2 -1 457464974 -2 -2 -2 -1 -2 -1 -2 -1 -2 -1 -2 -2 -1 -1 88833656 645138154 -2 -2 -2 -1 -1 -1 267316403 -2 -2 -1 162364403 -2
-1 -1 -1 -1 -1 -1 494607202 -2 -1 961188190 -1 -2 -1 -1 -1 -2 -2 -2 -2 554172051 -2 -2 -1 -1 -2 -2 -1 635689337 -2 -2 -1 -1 119487371 -2 -1 685551304 -2 -1 -1 -2 -1 130347817 -1 -1 -2 -2 -1 -1 328747677 -2 -2 -2 -1 -1 -2 -2 -2 -2 -1 -1 -1 -2 -2 -1 -1 -1 -2 -1 -1 -2 -1 -2 -1 -2 -1 216581812 -2 -2 -1 -1 -2 -1 -1 -2 -2 -2 -1 -1 -2 -2 -1 -1 -1 -1 -1 -2 -2 -1 -2 -2 -1 -1 -1 -2 -2 -1 -1 -2 -1 -2 -2 -2 -1 -2 -2 -1 -2 -2 -2 -2 -2 -2 -2 -2 -1 -2 -2 -2 -2 -1 -1 -1 -2 -2 -2 -2 587326938 -1 -1 -2 -2 677483478 -1 -2 -1 813074554 -1 -1 -2 -1 -2 -1 -1 -1 -2 -1 -2 -1 -1 -1
-2 -2 -1 -1 -2 -1 -2 -1 -1 -2 -2 -2 -1 -1 -2 -1 -2 -2 -2 -1 -2 -2 -1 -2 -1 -2 -1 -2 -1 -1 -1 -1 -1 -1 22061955 -2 -1 226726844 -1 -1 -2 -1 -2 -1 -2 -2 -1 -1 -1 -1 -2 -1 -1 -2 -2 -1 -2 -2 103054549 -1 -1 -2 -2 -1 -2 73428112 -2 -2 -1 -1 -1 -1 -1 -2 -1 -1 -1 -1 -2 -1 -1 -2 -2 -1 -2 -1 -1 -2 -1 -1 -2 -2 -1 -1 -2 -2 -1 -1 -1 -2 -2 -1 -2 -1 -2 -2 -2 -1 -1 -2 -1 -1 -2 -2 -1 -2 -2 -1 -2 612138587 -1 973197939 -1 553271873 893883151 -2 -1 -1 -1 -1 -1 -2 -2 -2 -1 -2 -2 -2 699115299 -1 34537213 -1 -1 -1 -1 -1 -2 -1 -2 -2 -1 -1 -1 -1 -2 -1 -2 685440115 -2 -2
-1 -2 -2 -1 287766447 -2 -1 -1 859583226 -1 -2 -2 -1 -1 -1 -2 -2 743969136 -2 -1 -1 -2 -2 -2 -1 -2 -1 -1 -2 -2 -2 -2 -1 -1 -2 -2 -1 -2 -1 77056782 -2 -1 -2 -2 -2 -2 -1 570153504 -1 -1 -1 -1 387360237 -1 -2 -1 -2 -1 -1 -2 -1 -1 -2 -1 -2 977038717 641572916 -1 -1 42305530 -2 -2 -2 -2 -2 -2 -2 -2 -2 288125808 -1 -2 -2 -1 -2 -2 151130509 -1 -1 912351453 601274237 -2 -2 -1 -2 -1 -2 -1 -2 -2 -1 -1 -1 -2 -1 -2 -1 -1 -2 -2 611298491 -1 -1 -2 -1 -2 -1 -2 -1 -2 -1 -2 -1 -1 -2 -2 -1 -2 -1 -2 -2 -1 -1 -2 -1 406025135 -1 -1 -2 -2 -2 -2 672583244 553869292 -1 -1 -2 -1 -1 -1 -2 -2 -2 -1 -2 -1 -2 -2 -1 -2
-2 -2 -2 -1 -2 -1 -2 -1 -2 -2 -1 -1 219242934 -1 -1 -2 -1 -2 -2 -2 -2 922048842 815644367 -1 -1 -1 252087698 -1 -1 -1 -1 -2 -2 -1 -1 -2 -1 -1 -2 -2 -2 -1 -2 -1 -2 -1 -1 -1 157939280 -1 -1 -2 -1 -1 -2 -1 -1 -2 -2 -2 -1 -1 -1 -1 -2 -1 -2 862449302 -2 953404258 -2 -1 -1 -1 -1 -2 -1 299945457 -1 -1 743756421 -2 -1 -1 -1 -2 822496479 -1 40964068 -1 -1 -1 -1 -2 -1 -2 -2 -1 -2 -1 26774616 114579234 -1 -2 -2 -2 -1 -1 -1 -2 -2 -2 -1 -2 -2 -1 -1 -1 -2 217853823 -1 -2 -1 -2 -1 -2 -1 -2 -1 -1 -2 -1 -1 -1 -1 -2 -1 -1 -1 90882539 -1 -2 -1 -2 -2 -1 -2 -1 -1 -2 -2 21569908 -1 -1 -2 -2 -2 -2 -2 -2
534430427 -1 -1 -2 -1 -1 -1 -1 -1 -2 -1 -2 -1 -2 -2 -1 -1 -1 -1 -1 -2 -1 -1 936161690 -2 275884551 -1 -1 -1 -1 -2 -1 -2 -2 847593084 -2 -2 -2 -1 -2 -1 -1 879999905 150101418 -1 -2 -1 -1 755855348 -1 -2 161586699 -2 -2 -1 -1 -1 -1 -2 -2 -1 -1 -1 -1 -2 -1 504721862 -2 -1 104661836 -1 -1 744185576 -2 -1 -1 -2 -1 -2 466102319 -2 -1 -1 -2 -2 -2 -1 -2 -1 -2 -2 -1 -2 154156829 -2 -2 -2 -2 -2 -2 -2 -1 -2 -2 -1 644048514 -2 -1 792398863 -1 -2 -2 -2 -2 -1 -1 -1 -2 -1 -1 -2 -1 -2 -2 -2 -1 -1 -2 -1 -2 -1 -1 978848196 -1 -1 -2 -2 -2 -1 933306647 -1 -2 -1 -1 -1 -2 -2 -1 -2 -2 -2 -1 -1 -1 -1 621151462 -1 237865276 -1 -2
-2 -2 -2 -1 -1 -2 -1 144387552 -1 -2 -1 -2 -1 -1 739652600 -2 -1 -2 744593216 -1 -1 -2 -2 -2 -1 -1 -1 -1 474283925 -2 -1 -2 -1 -1 -1 -2 -2 -1 -2 -2 -1 -2 -2 -2 -1 -1 603012287 -1 -2 -1 -1 -2 -2 -1 -1 -2 -2 -1 -1 -1 -1 -2 -1 -1 -1 -1 -2 -2 -2 -1 -2 -1 840351110 -2 -1 -1 595836228 -2 -1 -1 -2 -1 -1 -1 -2 -2 -1 -1 -2 -2 -1 -2 -1 -1 -2 -1 -2 -1 250708844 734501314 -2 -2 -2 -1 -1 375789460 -2 -1 -2 -2 546967340 -1 785750335 -2 -2 -1 -2 -2 41137906 -2 -1 -1 -2 -2 -1 -2 -2 -2 -2 -1 -2 -1 -1 -1 -1 -2 -2 -2 -2 -2 -1 -2 -2 -1 -2 -1 -1 -2 -2 -2 -1 -1 -1 -1 -2 -2 -2 742445803 595144281 -1
-1 -1 -2 -1 -1 471419728 -1 -2 -1 -2 -2 -2 -1 -2 -1 -1 -2 -2 6532581 -1 -1 -1 -2 -1 -2 -1 -2 -1 -1 -2 -2 -2 -2 -1 -1 507074224 -1 -1 -2 -1 -1 -1 -1 -1 -2 -1 -2 -2 252876386 -2 255648457 236936289 -1 -2 -1 -2 -2 -1 -2 -1 -2 -1 -1 -2 -1 -2 -1 -2 -2 -1 -1 -2 -2 982137347 -2 -1 -2 -1 -1 -2 -2 485237856 -2 -1 -1 -2 -1 -2 -2 844553249 -1 -2 -1 -2 454805004 -2 -2 -1 -1 -2 -1 -1 -2 -1 -1 -1 -2 861289672 -2 -2 -1 -2 -2 -2 -1 -1 -1 -2 -2 -1 -2 -2 -1 -1 -1 -1 -1 -1 -1 856091574 197486302 -2 -1 -2 -2 -1 -2 -2 323333201 199264551 -2 -2 -2 -1 -1 -1 139983994 -2 -1 -2 -1 -1 -2 -1 -2 -1 -1 -2 -2 -2
-1 -1 -2 -1 427151275 -1 -1 -1 -1 -2 -2 -1 -1 -1 -2 -1 -1 -1 325810945 -1 -2 -2 -1 -1 -1 -1 -1 -1 -2 214504508 -1 -2 -1 -2 149735572 -1 -2 -1 -1 -1 -2 -2 -2 -1 -2 -2 -1 -2 -2 -1 -2 131371922 -1 -2 600836669 21273859 -2 -1 -1 -1 -1 -1 -2 -1 -2 315517998 -2 -1 -1 203551957 -2 531390053 -1 -2 -2 -2 -2 -1 -1 -1 -2 -2 -2 -2 -1 -1 -2 665852749 -2 -1 -2 -1 -2 -2 -2 -1 -1 -2 -1 -2 -2 -1 -2 976527161 -2 -1 -1 -2 -2 -1 -1 -1 -2 -1 -1 -1 -2 487021421 -2 -2 -1 -1 -2 -1 -1 -1 -2 -2 -2 -1 -1 -1 -2 -2 -2 -1 -2 117027421 -2 -2 -1 -1 -1 -2 -1 -1 -2 -2 -2 -1 122741747 -2 -2 -1 -1 -2 -2 -1 -1 -1
-1 -2 -1 -1 -1 -1 -2 -1 666981504 -1 -1 -1 -2 -1 -1 866948289 -2 -2 94721049 -2 -2 -1 -1 754887507 -2 -1 -1 -2 -2 -1 -2 -1 -1 -2 -1 -1 -1 -1 587766624 -2 69533135 -1 -1 -1 -1 127150432 -2 -1 -2 -2 -2 -2 -1 -2 -1 -1 -2 61472326 -1 -2 593650070 298147631 -1 -1 -2 522249847 -2 -2 315681155 -1 -2 -1 -2 -2 -2 -1 -2 -1 -1 -2 -1 -1 -1 -1 595671521 -2 -2 -1 -2 -2 665355586 -1 -1 -1 966313901 -1 -1 -2 -2 -2 -2 -2 -2 -2 -1 -1 -2 -1 244197800 -2 748007821 -1 -1 678090623 -1 -1 -1 -1 -1 -2 -1 -1 135329259 -2 -1 -2 -2 938500600 -1 -2 -2 -1 -1 -1 -2 -2 -1 -1 -1 -1 -2 -2 -1 -2 -1 -2 -1 -1 -2 518528396 -1 -2 -1 -2 -2 -2 -1 -1 -2 -1
-1 -2 -1 -2 -1 -1 -2 -1 -1 -2 -2 -1 -2 -1 932367251 -2 -1 -2 -1 -1 -1 -1 125415539 -2 -2 -2 -2 -2 -1 -2 -1 -2 528001701 -1 -1 -1 -1 -2 -1 -1 -2 81712623 -2 -1 -2 519155289 -2 -2 -1 -1 -2 -2 -1 -2 -2 -2 615488553 69200920 -2 -2 -2 -2 -1 552822570 508066568 -1 -2 -2 -1 -1 -1 -2 -1 -1 -2 -1 -2 -2 -1 637228231 -1 710526689 -1 -2 -2 -2 -2 -2 -1 -1 -1 -1 -2 -1 -1 -2 -1 -1 -1 -2 -1 -1 -2 -1 -1 -2 -1 -2 -2 74683930 -1 -2 -1 -1 -2 -1 -1 -1 -2 -1 -1 -2 -1 -1 -2 -1 -2 -2 -2 -1 -1 -2 -1 -1 -1 -1 -1 -1 -2 -2 562240532 -2 -1 -2 -2 -2 564046526 -2 -1 -2 921165857 -2 -1 -2 -2 -2 -1 -2 -2 -1
-2 -1 -1 765935385 -2 -2 -2 105622198 -2 -2 -1 -1 -1 -1 -1 -1 -2 -1 -1 -2 -1 -1 -2 -2 -2 -1 -2 -2 -1 957838832 -1 -1 -2 -1 -2 -2 -2 -1 -1 -2 -1 -2 -1 -2 -1 -2 -2 -2 -2 -1 -1 -1 -1 -1 -1 -1 152443471 -1 -2 -2 -2 -1 -2 -2 -1 -2 -1 400731517 -1 -1 -1 -2 -2 -1 -2 -2 -2 -1 -1 -2 -2 -1 -1 -1 -1 -2 630044288 -1 915716091 -2 -2 -1 -2 414248602 -1 -2 -1 -1 -1 -2 -1 -1 -1 -1 -1 -2 -2 -1 -1 -2 -1 -2 -1 -1 -2 -1 -2 -2 6396343 -2 -2 -2 -1 -1 -2 -1 -1 -2 -2 -2 -1 -1 -1 -1 -1 -2 -2 -2 -1 -1 -1 -1 -2 -1 -2 -2 -2 -2 -2 -1 -2 -1 707793778 -2 -2 -1 -1 101050624 -1 -1
-1 -2 -1 -2 -1 -1 -2 -2 -2 -2 -2 -2 149118727 -1 -2 -2 -1 -2 -2 825963332 -2 -2 -2 -1 -2 -1 -2 -1 -2 -1 -1 -1 300375079 -2 -2 -2 -2 -1 -2 -2 -2 -1 -2 -2 -2 58028948 -1 730671182 -1 -1 -1 -2 -2 -1 -2 -1 -2 -2 -1 385043687 -2 -1 637006603 -1 -2 -1 -1 -2 -1 -1 -2 -2 -1 -1 -2 -1 -1 -1 -1 -1 -1 -1 -2 -1 793285036 -1 -2 -1 -1 -2 -1 -2 -1 -1 -2 -1 -1 -2 173763727 -1 -1 670144234 595403636 -1 -1 -1 -1 -2 -2 -1 -2 -2 -1 132129728 -1 -2 -1 -1 -1 -1 -1 -2 -2 -1 -1 -2 -1 -1 -2 -1 -1 -1 -1 -2 -1 -2 -1 -2 -1 -1 -1 -1 -2 -1 -1 -2 133528434 -1 -1 -1 -2 -1 -1 -1 -1 -1 766705818 -2 -1 -1
-1 -1 -2 988960336 -1 -2 -2 -2 -1 -1 -1 280717399 -2 -1 17194554 -2 106318930 -2 -2 -1 -1 -2 -1 -2 -2 -2 -1 -2 -2 -2 -1 239122693 -2 -1 -1 -2 -2 -2 -2 -2 -1 -2 -1 -2 -1 309302161 -1 -2 -1 -2 -1 -1 -1 -1 -1 -2 -1 -1 -1 -2 -2 -1 354822314 -2 186810625 -1 57808631 -1 -1 -2 -1 -1 -1 -2 -2 -1 -2 -2 -1 -1 -1 -1 -1 754917070 -2 -2 -2 -1 -1 99644280 -2 -2 -2 -2 -1 -1 -2 -1 -2 -1 -2 -1 -1 -1 -2 -2 -1 -1 -2 -2 -1 -2 -2 -2 -1 -2 -2 -1 989009543 -1 -2 -1 -2 -2 -2 -1 -2 -1 -1 -1 -2 633744527 -1 -1 -1 -2 -1 -1 -1 -2 -2 -2 215213170 -2 -2 -1 76483778 -2 -1 -2 -2 -2 110211829 -1 -1 -1 -1 -1 -1 -2
133747597 -2 -2 -2 -1 -2 -1 -2 -2 -2 619539188 982545154 -1 -2 -1 707154271 -2 -1 -2 -1 -1 609090177 422299095 -2 -2 194757961 -1 -1 -1 554407724 -1 -1 -1 -1 302899320 -1 -1 -1 -1 -2 560555126 -1 -2 -1 -1 -2 -2 -1 -2 -1 -2 -1 -1 659590561 -2 -2 -1 -1 -2 33132937 -1 -1 -2 -1 -2 655463006 -1 -2 -1 -1 -2 -1 -1 -1 -1 -2 -2 -2 -1 -1 -1 -1 -2 -1 772061 36341432 -2 -2 -1 -2 -2 9209260 98451913 -1 -1 572955592 -1 -2 -1 -1 190864852 -1 399862656 -2 -1 987841475 -1 -2 -1 -2 -1 -2 -1 -1 -2 -2 -2 -2 -2 -2 -1 -1 -2 -1 -1 -1 -1 -2 -2 -2 981054109 -1 261362175 -1 -2 -1 -2 -1 -2 -2 -2 -1 -2 -2 -1 -1 -1 -2 -2 -2 -1 -1 -1 -2 -1 -2 967755354 -2 -1 -2
-1 -1 -2 -1 155239809 -1 -1 -1 -2 -2 -2 -1 -1 246267607 -1 -2 -2 -2 -2 -2 -1 -2 -2 -2 -2 -1 -2 90033668 -1 231084503 -2 -2 -2 -1 -1 -2 -1 -1 -2 -2 -1 -1 -2 -2 -1 -2 -2 -1 507632201 -1 703338649 -2 -2 -2 -1 -2 -1 -1 -1 -1 -2 -2 -2 -2 -2 -1 -1 216136275 -1 -1 -2 -2 -1 -2 285289173 -1 -2 -2 -2 -1 -1 -1 -2 -1 -1 -1 -1 -2 -1 -2 -1 -2 -1 -1 -1 -2 -1 -1 887280836 -2 -2 -1 -1 -2 -2 -1 -1 -1 -2 -2 -1 -2 507306984 -1 -2 -2 -1 -2 -1 -1 -1 -1 -2 -2 -1 -1 -1 -2 -1 -2 -2 -2 -2 -2 -2 -1 -1 18734816 -1 -1 -1 121893690 -1 -1 -2 -1 -2 -2 185805747 -1 -2 802482516 -1 -2 -1 -2 -2 -2 34609346 -1
-2 -1 -2 -1 -2 -1 -2 -1 -2 -1 381420183 -1 574244719 408352671 -2 -1 -1 -2 -2 -2 -1 -2 -1 -1 -2 -1 -2 -2 -2 -1 -2 -1 -1 -2 -1 -1 -2 -1 -2 -1 -1 -2 -1 -2 -2 -1 40619937 -1 -1 -2 -1 -1 -1 -1 -2 -2 -2 -1 -1 -2 -1 -1 -2 -1 -2 -1 -2 65271770 -1 -2 -1 253921080 -2 -2 -2 -1 -1 -1 38856874 -1 404431867 -1 -2 329846823 -2 -2 -1 -1 -1 424348213 -2 -1 -1 302367315 -1 13230251 -1 -2 -1 -1 -1 633942428 -2 -2 -1 -2 458990270 -1 820497680 -2 -1 -2 479322607 -1 -2 -1 -2 -2 -2 -2 -1 -2 -1 -2 -1 -2 -1 -2 -2 -2 -1 136732733 -1 -2 -1 -2 -2 -2 160366458 -1 -2 -1 -2 -1 -2 -1 -1 -1 -1 751805509 -1 -2 -1 -1 -1 -2 -2 -2 713620773 -2
-2 -1 -2 -1 -2 -2 492299657 -2 -2 -2 512923194 -2 -2 -2 -1 -2 -1 -2 -2 -2 -2 -1 -2 -1 296006814 -2 -1 -1 66152077 -1 -2 -1 -2 -1 -2 -2 -1 655596397 -2 -2 -1 -1 -1 907963808 -2 -1 -2 -1 -2 -2 -2 -2 -1 -1 -1 -2 -1 -2 -1 -2 -1 131227025 -2 -1 -2 -2 -2 -2 -2 -1 49283429 -2 -1 -1 -2 -1 -2 -1 -2 -1 -1 -2 -2 -2 -1 -2 -1 -1 -1 -2 -1 -1 -1 990561653 143671425 -1 -1 -1 -2 -1 -1 -1 -1 -1 -1 -1 -2 -1 -2 -2 -2 -2 -1 -1 -2 -1 -2 -1 -2 -2 -2 -1 -2 -2 -2 -1 -2 -1 -1 -1 -2 -1 22298047 -2 -1 -1 670113528 -1 -2 -1 -2 -2 -2 -2 -1 -2 -1 -1 -2 -1 -2 -1 243452849 -2 -2 -1 -1 -2 -1 -2
328555630 -2 -2 -1 -1 -2 -2 579350012 -2 -2 -2 -1 -1 -1 572722830 -1 -2 984665289 -1 -1 503864154 -2 -1 -2 -1 -2 -1 -2 457534584 -2 -1 -1 -1 -1 -1 -2 -1 -1 98774580 -1 579786766 -2 -2 -1 -2 -2 -1 316208283 -2 -2 -2 -1 468820558 812889613 500177090 -1 -2 -2 -2 92599042 -1 -1 -1 -1 -2 -1 -1 -2 -2 -2 -2 -1 793890209 258505427 -2 -2 -1 -2 -1 -1 -1 -2 -2 -2 -2 -2 417025468 417529803 -1 -2 325066917 -1 -1 785976738 -1 -2 -2 -2 54302667 -1 -2 -1 -1 -1 -1 -1 117641559 -1 -2 27526966 -2 447782450 -2 -1 -2 -1 -1 -1 -2 -2 -1 -1 -2 -1 -1 -1 -2 -2 -1 -1 -1 37995226 -2 -1 -2 -1 -1 -1 -1 -1 637872573 -1 -2 -1 -2 -2 -1 -1 122973935 -2 -1 -2 -1 -2 -2 -1 -1 924253554 -1 988002554
-1 -1 -2 -1 -2 -1 -1 -2 -1 -2 -2 525083620 72336341 -1 -1 -1 -1 -2 -1 -2 -2 2976184 -1 -1 -2 -2 -2 -1 -1 -1 -1 -2 786267926 -2 -1 -2 -1 -1 -1 -2 -1 -2 -2 -1 -1 363636248 -2 712605956 -2 -1 -1 -2 -1 -1 -2 -1 456685376 -1 -1 -1 -1 -1 -2 -2 -2 -1 -2 -1 -1 -1 -2 -1 -1 -1 -1 -1 -1 -1 -2 -1 -1 -1 -1 -2 -2 -2 -1 55167090 -1 -2 228347949 -1 -2 -2 -2 -1 -2 -1 -1 -2 -2 512686624 -2 -2 -2 -2 -2 -1 -2 -2 -1 -2 -2 -2 -1 -2 832129531 -1 -2 -1 -1 -1 -1 -2 -1 -1 -2 -1 825577849 -1 687408291 -1 -1 -2 -2 -1 -1 -1 -1 -2 -2 -1 -1 -1 -2 -1 -2 -2 -1 -1 -2 -1 777302029 -2 -1 -2 -1 -1 -2 -1
-1 -1 -1 -2 -2 -1 845608084 -2 -2 605880699 -2 -1 -1 -2 -1 -1 -2 -2 -2 -2 -1 -2 -2 -1 -2 -1 -1 -2 -2 58394779 -2 -1 -2 -1 -1 -1 -2 -1 -1 -1 -2 -2 -1 -1 -1 -1 -1 -1 -2 -2 -1 -1 -2 -2 -1 -2 -1 -1 -1 -2 -2 208834900 -1 -1 -2 -1 -2 -2 -1 -1 -1 57091335 -1 -2 -2 -2 258585994 -2 -2 -2 -2 -1 130261071 -2 121899357 -2 -2 -2 -2 753182114 739924263 -1 -1 -1 -2 -2 -1 -1 -2 -2 -2 628171323 -2 -2 -2 -1 -1 -2 -1 -2 -2 -1 -2 -2 -2 -2 -2 -1 754401454 -1 -1 -1 -2 -2 -1 -2 -2 -1 -2 -2 -1 -2 -1 -2 -1 -1 -1 -1 -1 -2 -1 -1 74945559 -1 -1 -2 -1 -1 -1 -2 -2 -1 -1 -1 -1 -1 -1 -1 636757538 -1
-1 568522184 -1 453929062 -1 -2 365475068 -2 -2 -1 -1 -1 -2 -1 -1 -1 -1 -1 -2 -1 -2 -1 -1 -2 -2 -2 -2 -1 -1 -2 -2 -1 -1 -2 -2 -2 -2 -2 -2 -1 -2 -1 -2 -1 -1 -2 -1 -1 245582451 883297615 -2 -1 -2 -2 -2 -1 -1 -2 -1 -1 -1 -2 -2 -2 -2 -1 116975852 -2 -1 -2 -1 507631163 -2 -2 -2 -1 -1 -1 -1 -1 -1 -2 -2 -1 -1 -1 -1 -2 -1 -1 -1 -1 -1 107539540 -2 -2 -1 -1 379024690 -2 -2 -1 4947461 -2 -1 375111347 -2 -1 -1 -2 -2 -1 -1 -1 -1 -1 -2 -1 -2 -1 -1 -1 -2 -1 -1 -1 238851640 209321172 -2 -1 -2 -1 -1 -1 -2 -1 814402472 772118275 -2 -2 -2 -1 -1 -2 -1 -1 -1 -1 -1 -2 -1 -1 -2 -1 -1 -2 -1 917408297 -1 -1
-2 -2 -2 985343729 -1 -2 -1 860572138 -1 300427185 -2 242891311 -1 -1 -2 616819026 -2 -1 -1 -1 -1 -1 -2 -1 -1 -1 -1 -1 -2 -2 417702628 -2 -1 773997665 -2 -1 -1 -1 -2 -1 -1 -2 -2 73312936 -1 766041326 -1 -1 -1 -2 -1 -1 -2 -1 -1 -1 -1 521129165 -1 -2 -2 -2 -1 -1 -1 -2 -2 -1 -2 -2 329131615 -2 -2 -1 -2 -2 -2 -2 -1 -1 -1 -1 -1 -1 702807802 -2 -2 -1 -1 -1 -2 -1 -2 -2 -1 666218264 -1 -1 -2 -1 709621443 -2 -2 -2 -2 -1 -1 117167481 -1 -1 -1 -2 -2 -2 -1 -2 -2 -2 -1 -1 -1 -2 -1 -1 -2 -2 -2 -1 -2 -2 -1 179611832 -2 -2 -2 -1 -1 511873065 -1 -2 -2 339128358 -2 -2 -2 -1 -1 -1 -2 -2 -1 -1 -1 -2 -1 -1 -2 -1 535506551 -1
-2 -1 -1 -2 -1 270035337 -2 -1 -2 -1 -1 -2 -2 -2 -1 -2 -2 -2 -2 -1 -2 -2 -1 -2 -2 -1 -1 -1 -2 937858953 -1 -1 -1 -2 -1 89213974 -2 -1 -2 -1 39866893 -1 -1 -1 -1 -2 -2 -2 -1 -2 -1 -2 -2 -2 -1 -2 -2 -1 -2 -2 -2 -2 -1 -2 -2 -1 466320892 -2 -2 -1 -1 -2 852415359 -2 -1 -1 -1 -1 -2 -1 392912574 130490493 -2 14288772 -1 366857572 -2 -1 -1 -2 -1 -1 -1 -2 795644146 -2 -2 -1 -1 -2 -2 -2 -1 -2 -1 -1 -1 -1 -2 -1 -2 -2 -2 -1 -1 -1 42453268 -1 -2 80442532 -1 -1 -1 -1 -1 -1 959900686 -1 -1 -2 -1 -1 -1 -1 -1 -1 -2 -2 -1 313783388 -1 -2 483261476 -2 -2 548165675 -1 -1 -1 -2 -1 -2 -1 -1 -2 -1 -1 -2 -2 -2
-1 -1 -1 624605997 -1 724790542 943328554 -1 -1 -1 -2 -1 3397914 -2 -2 -1 -2 -1 -1 -1 648283692 -1 -2 -1 -1 -2 -2 -2 -1 -2 -2 -2 -1 105470749 -2 -2 -1 -2 -1 -1 -1 -2 -1 -1 -1 -1 -2 -2 -2 -1 -1 -1 917790763 -2 -1 -2 -1 30081001 -2 -1 -2 -1 -1 316523141 -2 -1 -2 -1 -1 -1 -2 -1 -1 -1 -2 -1 -1 -1 110445827 -1 -1 -1 -2 -1 -2 -2 -1 -2 -1 946251697 -1 -2 -2 -2 -1 -1 -2 -1 -1 -1 -1 -1 -2 -1 -1 -2 -2 14497560 -2 -2 -1 -2 -1 -2 506071875 -1 -1 -2 -1 -2 -2 -1 -1 -1 -2 -1 -1 -1 -2 -2 -1 -1 -2 -2 -1 -2 -1 -2 -1 -1 -1 -2 -2 -2 -1 -1 573721416 -1 -2 -1 -1 915600774 361786026 -1 -2 -1 39763767 -2 -1 -1
-1 -2 -1 -1 -1 139769033 -2 -2 -1 -2 145243676 -2 290145930 -1 -1 -2 -1 -1 295346180 -2 -2 -1 -1 -1 -1 -2 -2 -2 -1 -2 -1 -2 -2 388996124 -1 -2 103290607 -1 -1 -1 -1 -1 -2 -2 -2 -1 -2 -1 -1 -2 -2 788357512 -2 117398638 -2 -1 -2 -2 -1 -1 -1 -1 -1 -1 -1 -1 -2 -2 -2 -1 -1 -1 -1 -1 -2 -1 -2 -2 -2 -1 -1 -1 -2 -1 -1 137167575 517829310 -1 -2 -1 -1 508664830 -2 -1 -1 -1 -2 -1 -1 -1 -1 -2 -2 -1 -2 -2 -1 -2 -2 -1 -2 -2 -2 -1 -2 -1 415507032 -2 -1 -1 96242570 -1 -1 -1 -2 -1 -1 -2 208395289 -1 -2 -2 -2 -1 -1 -1 -1 -2 -1 -2 -1 -2 -1 -1 -1 -1 -1 -2 -2 494298071 -2 -1 -2 599519431 -2 -2 -2 -1 -2 -2
-1 -1 -1 -2 -1 -1 -1 -2 -1 -1 -2 -2 551462093 -1 -2 -1 -2 -2 -1 65956176 -2 -1 -1 -1 -2 -1 -2 -1 -2 -2 -2 -2 -1 -1 -2 95369542 -1 -2 -1 534599486 -1 -2 -2 -1 -2 -1 -1 -2 -2 86650429 -1 -2 -2 -2 -1 -1 756474817 -1 -2 153770904 -1 -2 -1 -1 -2 -1 -2 528407476 -2 329089601 -2 -1 -1 -1 -1 -2 -1 -1 -1 425518825 -2 -2 -2 -2 -2 -2 -2 -1 -2 -1 -2 -2 -1 -2 -2 -2 -1 -1 -1 -1 -1 -2 -1 -2 -2 -1 -1 -2 -2 -2 -1 -1 -2 -1 -2 -1 -1 -2 -1 -1 -1 832402990 -2 -1 -1 -1 -1 -1 -2 -1 -1 -1 -1 -2 372952164 -2 -2 -2 -2 -2 -2 -2 -1 -1 -2 -2 -1 -1 -2 -2 -1 -2 418426448 -2 -2 -1 -1 -2 -1 -1
-2 -2 -1 -2 -1 -1 -1 -1 -2 -2 -1 -1 -1 -1 35896223 -1 -1 -1 -2 -1 -1 -1 -1 -2 -1 -1 -1 -1 -2 -2 -2 -1 -1 -2 -2 -2 -2 -1 -2 -2 -1 -2 -1 -2 -1 48359908 -1 -1 -1 -2 -2 -2 -1 -1 -1 -1 -2 -1 -2 -2 -2 -2 -1 -1 -1 -2 -1 -2 -1 -1 -2 -1 -2 -1 -2 -2 -2 -2 -1 -2 -1 -1 992711023 495552963 -1 -2 -2 -2 -1 -2 -2 -1 -2 -2 -2 -2 -1 -2 -2 -1 -2 -1 -1 -1 -1 -1 -2 -1 -2 -1 -2 -2 -1 -2 -2 -1 -2 -2 680241958 -1 -2 -1 579484624 -2 -1 -2 -1 -1 -2 -1 -2 -1 -2 290334029 -2 131137878 -2 617476494 846802846 -1 -2 66684329 -2 -2 -1 -1 -1 -2 -2 -2 -1 -2 -1 -2 131673019 -2 721456121 -2 -1 -1
-2 484429997 -1 -2 -2 475185353 -2 -2 -1 -1 -1 -2 266969144 -1 -2 -1 -1 -2 -1 -1 -2 -2 -2 495139592 618751206 -1 -1 -1 -2 4407470 -2 -1 -2 -1 -1 351326420 -1 -1 -2 -2 -1 -1 -1 -2 -1 -2 -2 -1 768361175 -1 -2 -2 -1 26168772 -1 -2 -1 783635952 794317915 -1 -2 -1 -1 -1 -1 -1 -1 -1 -1 -2 -2 -1 -2 -2 -2 -1 -1 -1 495800984 -1 -2 -1 185228680 -2 -1 -2 -2 -2 -2 584999036 -1 -1 -2 -1 -1 -2 -2 -1 -1 -2 23725768 -2 -1 9497114 -2 -1 -1 -1 -1 -2 -2 -2 -1 -2 -2 -2 -1 -2 -2 -2 638933594 -1 -2 -1 -2 -2 -2 551444602 -1 -2 -1 -1 -2 -2 -1 -2 -2 -1 -1 -2 -1 -2 -1 -1 -2 -1 -1 -2 -1 875057288 -2 -2 249353924 -2 -2 -1 -2 -1 -1 -1
-1 -1 -2 -1 -1 -1 130292547 -2 -1 -2 -2 -2 -2 -1 -1 33852965 -1 -1 -1 -2 -2 -1 -2 -1 915627310 -2 -1 961347434 -1 -2 -2 -1 -2 -1 -1 -2 -1 -2 -1 -2 -1 -1 -1 -1 203752129 -1 -2 -2 -1 -2 988946944 606038449 -1 -1 -1 -2 -1 -2 -1 -2 -1 -1 248170477 -1 -1 -1 -2 -1 -2 -2 -2 -1 128175290 -2 -1 -1 109134057 621785477 46446895 -2 -1 -1 -1 -1 -1 197367685 -2 -2 -1 -2 -1 -1 -2 -1 -1 -1 -2 -2 -2 -2 -2 -2 410584034 -2 -1 -1 -1 -1 651386600 267224456 -1 -2 -1 -1 -1 -2 -1 -1 -1 -1 -2 464785976 -2 -2 -1 -2 965847257 -1 -2 -2 -2 -1 -1 -1 573916421 -1 -1 -1 -1 -2 -1 -1 -2 229402642 -1 -2 -2 -2 -2 -1 -2 -2 563979173 -1 -2 -2 -1 -1 -1 -2
-1 -1 -1 -2 -2 -1 641030450 -1 -1 -1 -1 -1 -2 -2 -1 -2 -1 -1 -1 -2 -2 361265888 -1 -2 -1 -1 -2 -2 -2 228458449 -1 -2 -1 -1 -1 -1 -2 -1 -1 -2 -1 -2 -1 -2 297834699 464394716 -2 -1 -1 -1 -1 -1 -2 -1 929483605 -1 -1 -2 -1 -2 -1 -1 -1 -2 -2 -1 -2 -1 -1 300358129 -1 -2 -2 -2 848893109 -1 -1 762799726 -2 -1 -1 -2 -2 -1 -2 -2 970981586 629963888 -1 -2 -2 -2 -1 730027449 -2 745610402 512783141 -2 -2 -2 -2 -2 -2 -1 -1 -2 -1 -2 -1 -2 -1 -1 -2 -1 508938033 -1 -1 -1 -1 986828555 -1 -1 -2 -2 -2 -1 -2 -1 -1 -1 -2 -1 -2 -1 -1 -2 -2 -1 390776958 -1 -1 -1 -1 -1 -2 -1 -1 -1 -2 -1 -2 -2 -2 -1 -1 -1 -2 -2 -1 -1
-1 -1 -2 -1 -2 858997410 -1 -2 -2 -1 600495200 -2 -2 -1 -1 -2 -1 -1 -1 -1 -2 490100414 -1 -1 -1 -2 -1 -2 -1 -1 -1 -2 123609144 -1 -1 -1 -1 -2 -1 -2 -1 -1 74734214 -1 -2 -2 -1 35218145 -2 -1 -2 -1 -2 -1 -2 -1 18020402 -2 -2 291737535 -1 698131923 -2 -1 253961528 -1 -1 -2 -1 -1 -2 -1 -1 -2 172568723 -2 -2 -1 -1 -2 -1 -2 -2 -1 -1 -1 -1 -1 -2 11552474 -1 -1 -2 -2 -2 -2 -2 -1 -2 -1 -1 -2 -2 -1 -1 -1 -1 -1 -1 -1 -1 -1 -2 -2 376359000 -2 -1 -2 -2 -2 -2 -2 -2 -1 -2 -2 -1 -2 -1 -2 -1 -1 -1 -2 -1 -1 -2 544617244 725617611 -2 -1 -2 -2 -2 -1 -1 -2 -2 -1 -2 -1 -2 -2 -2 665356985 -1 -2 -1 -2 -1
471241080 -2 -2 -1 -1 -1 -1 -2 -1 -1 -1 -2 -1 -2 -1 -2 -2 -1 -2 -2 -2 -1 -2 -2 -2 -1 -1 -2 -2 -1 -2 -1 -1 -2 -2 -1 -1 -1 -2 -2 -1 -2 -2 -2 -1 -1 -1 -2 -1 -2 -2 913648936 -2 -1 -1 -1 -1 -1 -1 -1 -1 -2 -1 -1 -2 -1 804937291 829853969 518816160 -2 -2 -1 -2 -2 746378459 -2 -1 -1 428896987 -2 -2 -1 -1 -2 -2 -2 -2 -1 -2 -1 -1 -1 -1 -1 -1 -1 -1 706412907 -2 -1 -1 -2 -2 -2 -1 -2 -1 -1 -2 -2 -2 148823481 -2 668278455 -1 -2 -2 -2 -2 -1 -1 -1 -1 -1 -1 -2 308636098 -2 -2 -2 -2 -1 -1 -1 -1 -2 -2 -1 -2 -2 -2 -2 -1 783903214 -2 -2 -1 -1 -2 -2 -2 -1 -1 -2 -1 -2 196664352 25459094 -2 -2
-1 -1 -1 -2 -1 -1 -1 -2 -2 841289520 -1 -1 -1 -1 -2 -2 -2 -2 -2 387204468 -2 -1 -1 -1 549500471 -2 -1 -2 -1 -1 -1 -1 -1 -1 -2 -2 -2 -2 -1 -1 -2 -2 -1 -1 -2 -2 -2 -1 -1 -2 -1 -2 -1 -2 247343612 -1 -2 -1 -2 -2 -2 -1 -1 -1 -1 -2 -2 -1 965674773 -2 -1 -1 -2 -1 -2 -2 -1 114243895 -1 -2 -2 -1 -2 -2 -1 -1 -2 -1 -1 -2 -1 903135110 -2 -1 -1 -2 -1 -1 -2 -1 841250753 -1 -2 -1 -2 -1 -1 -2 -2 -1 -2 -2 -1 -2 -1 -2 -2 -2 -2 -2 -1 -1 -1 -1 726588829 -1 -2 -1 -2 259867693 -1 -2 -1 -1 -1 -1 -1 -1 -1 -1 -2 -1 -2 -1 -1 -2 913354874 -2 -1 -2 -1 -2 -2 -2 -1 -2 -2 -1 234487043 -2
452935060 -1 -2 -2 119151694 -2 -1 369372472 -1 -2 -1 -2 -1 -2 -1 -2 -1 -2 -1 -1 -2 -1 -1 -1 -1 -1 -2 -2 -2 -1 -1 153985188 -2 -1 -2 -1 -2 -2 -2 -2 -2 -1 510028751 -2 -1 -2 -2 -2 -1 -1 -1 -1 -2 -2 -1 -1 -2 -1 -1 -2 -2 -2 -2 -2 -2 -2 -2 -2 -1 -1 -2 -1 446504825 -1 -1 -2 -2 -2 -2 -2 -1 -1 -1 -1 -1 -1 -2 -2 -2 -1 -2 -2 -2 -1 -2 -1 -2 -2 -1 -2 -1 -1 -1 -2 440782313 -2 776549248 -1 -1 -2 -1 -2 -1 -1 -2 -2 -2 -2 -1 60155184 -1 -2 -1 -2 714201454 -1 -2 -2 -1 -1 -1 -2 -2 -2 -2 -1 -2 -1 -1 -2 -2 -2 -1 -2 -2 -2 -1 -1 -1 -2 -1 -2 -2 -1 -1 -1 -2 882761732 -2 -1
-1 -1 -2 -1 -1 -2 -2 -2 506514068 -1 175654889 -2 -1 -2 -1 928615069 -1 -1 -2 -2 -2 -2 -1 -1 144754380 -2 -2 -1 -2 972265929 -2 -2 -2 -1 78286967 -2 -1 -2 -2 276494474 475180453 -1 -1 -2 -2 -1 -2 -1 -1 -2 -2 91959032 -1 -1 -1 -2 -2 790049889 979580503 -2 -1 834032848 -1 -2 475620655 -1 -1 -2 -1 -2 -2 -1 -1 -2 -1 -2 -2 -1 -1 -1 -2 -2 -1 -2 -1 -1 -2 -2 -1 -1 -1 997197521 -1 -2 -1 -2 -2 -1 -1 -1 -1 -2 -1 -2 -2 -2 -2 -1 -1 -1 -1 -1 -2 -2 -2 -1 -1 -1 -1 -2 135325801 471903581 -1 -1 -2 -1 -1 -2 -2 -2 -1 382818233 352260256 -2 915725926 828351960 -2 -1 -1 -1 -1 -1 -2 -1 -2 -1 989716573 -2 -1 -1 -1 820199369 -2 -2 -1 -1 -1 -1 -2 -1
-1 -1 -2 405730642 -1 -2 -1 -2 -1 -2 589377378 468317910 -1 -1 272866439 -2 -1 -2 -2 -1 933956104 -2 -1 -1 -1 988749550 -1 -2 -2 -2 -2 -1 -2 910919263 -1 -2 -2 -2 -1 -2 -1 -1 -1 -1 -2 -2 -1 -2 -2 -2 -2 -2 -1 -2 -1 934922124 -2 -2 -1 427343901 -1 -2 -2 -1 -1 -2 -1 -1 -2 -2 -1 -1 -1 -2 -2 -1 -1 -2 -2 -1 -1 -1 622240890 -2 368023354 -2 -1 -1 -1 -1 -2 -1 -2 -2 -1 796631725 -2 -2 -2 -1 -2 -1 -2 -1 -2 -1 -1 -1 -1 -2 -1 -2 -1 -1 -2 -2 -2 -2 -2 -2 -1 -1 -1 -2 -2 -2 -2 -1 -1 -1 -1 369630184 -1 -1 -1 -1 -1 -2 -2 679759765 -2 -1 -1 -2 -1 -1 -1 -2 -2 -1 30205128 -1 -1 -1 -2 -2 -1 -1 -1 208138606
-1 -1 -2 -1 -2 -1 -2 -2 -2 -2 -1 -2 -1 -2 -1 -2 -1 -1 -2 -1 -2 -1 -1 -2 -1 -2 -2 -2 671340741 -1 -2 -1 -1 -1 -2 -2 -1 -2 -1 -1 -1 -2 -2 -2 -1 -1 -1 -2 965532602 -1 769566862 -1 -1 -1 -2 -1 908388257 -2 -2 -2 -1 -1 298064537 -1 105521151 -2 -2 -2 -1 -1 -1 -2 -1 -2 -1 -1 -1 -2 -1 903685704 -2 -2 -1 -1 953842446 -1 -1 486242407 -1 -1 -2 -2 -1 -2 -1 -2 -2 -2 -2 -2 643693302 -1 -2 -2 416107327 -2 -1 -2 -1 -2 -2 -2 -1 -2 -2 -2 -1 -1 -1 -1 -2 -1 -1 650921170 55919020 -1 -1 -1 -1 -2 -1 -2 -1 -1 -2 -1 -2 -2 705100316 -1 -1 -1 974458371 -1 -2 887038498 -2 -2 -2 -1 -2 -1 -1 -2 -1 -1 -1 -2 -2 -1
-2 -1 -1 -1 -1 -1 -2 -1 -2 -1 -2 -1 -2 -1 -1 -1 -2 -1 -1 -1 -1 -1 -2 -2 592952003 199385946 -2 -1 -2 -1 -2 -1 672485887 -2 -1 -1 -2 -1 -1 -1 -2 -2 -1 632935858 -2 -2 -2 -1 -2 594469272 -1 -2 -1 -1 -2 -1 -1 -1 -1 -1 -1 -2 -2 -1 -2 -2 -1 -1 -2 -1 -2 -1 -2 -1 -2 892848704 -1 -1 -1 -2 -2 -1 -2 -1 -2 -2 -1 741605564 -2 -1 -2 -1 -1 -2 499998595 -1 -2 -2 -1 -1 -2 -2 -1 -1 -2 -2 -2 -1 -2 -2 -2 -2 -2 -1 -1 -1 -2 -2 -2 -1 -1 844573796 -1 524119723 -2 -2 -1 924019438 -2 -1 133102661 -1 -1 58008147 -2 -1 -2 -2 -2 -2 -1 -1 -2 -1 -1 -1 -1 825757219 -2 -2 -2 -2 -1 -1 -2 62306367 -1 -2 -1 -1
-1 -2 995412757 -2 -2 -2 -1 -1 -1 -2 127351400 -1 -1 -2 -1 -2 357233390 -1 610127320 -2 -2 570991331 -2 -2 459014291 -1 -2 -2 -2 -2 -2 -2 -2 -1 -1 629004576 -2 85904079 -1 -2 -1 -2 -2 -2 -2 -2 -1 -1 -1 -1 -1 -1 -2 -1 -1 -1 -2 -1 -2 -1 -2 -1 -2 144097118 -1 425568743 644790134 -1 -1 -1 -1 -2 -1 -1 -1 -1 -2 -1 -2 -2 -1 -1 -1 -2 -1 -2 -2 -2 -1 -2 -1 232449403 -1 -1 -2 -2 -1 -2 -2 -2 -2 -2 -2 -2 -2 -1 524161738 -1 -2 -2 -2 -2 -1 -2 -1 -1 -2 852010450 -1 -1 -1 -1 -2 -2 -1 902446858 -1 -1 21348174 -2 -1 -2 -1 293605773 -1 -2 -1 -1 -1 -2 -1 -2 -1 -1 -2 -2 -1 -1 -1 -2 -2 -1 -2 -2 -1 -1 -2 -1 -2 -2
-2 -1 -1 -2 -1 -1 509395206 -1 -1 930016382 -2 -2 634085364 -1 641482647 -2 781664703 -1 -2 -1 -2 -2 -2 -2 -2 936594159 -1 -1 -2 -2 -2 -1 -2 -2 -2 -1 -1 -1 -1 -1 -2 -2 -2 -2 -2 -2 -2 -1 -2 -1 -1 -1 -1 -2 -1 -2 -1 -2 -1 -2 -1 -1 -2 -2 -2 -2 -1 -1 -1 746752413 -2 -1 581845230 -1 -2 -2 -1 -2 -2 -1 -2 -2 -1 -1 92652017 -2 -2 -1 -2 -1 -1 -1 -2 -1 -2 -2 -2 -2 -1 -2 -2 -1 -2 -1 -2 -1 -1 -1 -1 -1 -1 -2 37119059 -1 568317347 -1 -2 -2 -2 -2 -2 -1 -1 -2 -1 -2 -1 422963694 -2 -1 -2 -1 -1 871268876 -1 -2 -1 -1 -1 -2 -2 -1 -2 -1 579687110 -1 -1 -1 -1 -1 780093709 363837458 -2 457522641 -2 -2 -2 -2 -2 -1
-1 -2 -2 -1 -2 -1 -2 -1 -2 -2 -1 -1 -2 -1 -1 -2 -2 -1 130211972 -1 -1 -1 -1 -2 -2 -1 -1 -1 -2 -2 -2 -1 -2 -1 -1 -2 -1 -1 18550554 -2 -2 -1 759249712 -2 -2 -2 -1 -1 -2 -1 -2 -2 -2 -2 -2 -2 118390942 -2 878797991 -1 -1 -2 -2 -2 -2 -1 -1 -1 -1 -2 -2 -1 -2 -1 -1 691890047 -1 -1 -2 -1 -2 -2 -1 -1 -2 951882171 -2 -1 -1 -1 -2 -2 -1 -1 -1 -2 -2 708474511 -1 -2 -2 -2 -2 465071015 -2 -2 -2 -1 -2 -2 -1 -2 -1 -2 -1 -1 -1 -2 -2 -1 43730252 -2 -2 -2 -1 -2 -1 -2 -2 -2 -2 -1 -2 -1 -1 -2 -2 -1 -1 -1 -2 -1 -1 241090665 -1 -1 -1 -1 -2 -1 -1 -2 -2 -2 -1 -2 -1 311110008 -1 -2
-1 -1 -2 -1 -1 -1 -2 -1 -2 23793091 -2 -2 -1 -2 -1 -1 -1 -1 -2 -1 162043244 -1 -1 -2 960324763 -1 -1 -2 -2 -2 -1 -1 -2 -2 450532693 142958843 -1 -1 -1 -2 -2 -2 -1 -1 -1 -1 -1 -1 -1 -2 -2 -1 -2 -1 -2 -1 -2 -2 -1 -1 831340703 -1 -2 -1 472316207 -1 -1 -2 -1 -1 -1 -2 -1 -2 -1 -1 -2 -2 -1 -1 -2 -2 -1 -2 -2 -1 -2 -2 -1 -1 -1 552388104 -2 -1 -1 -2 -2 -2 -2 -2 -1 -1 -1 61661484 -2 41194317 -1 -2 -2 -1 -1 -2 -1 -2 -1 -1 -2 -2 16940919 -2 201033831 -2 -1 70170523 -1 -1 -1 -1 -2 -1 -1 -1 -1 -2 -1 -2 -2 -1 -1 -1 -2 -2 -2 -2 -2 -1 -1 -1 -1 -2 -1 -2 -2 660549595 -2 -2 744143880 -2 -1 -1
-1 -1 -1 -1 -2 -1 -2 -2 962723026 -1 -1 -2 -2 -1 -2 -1 -2 -1 -2 -1 -2 -1 -1 -1 30325052 -1 -2 -2 -1 -1 -2 -1 -1 -2 -1 -2 -1 -2 -2 -1 -2 926633699 -2 -2 -2 -1 -2 -1 246822642 -2 -1 -1 -1 -1 -2 -1 -2 -2 -2 -1 -1 -1 -1 -2 -2 -1 -2 -2 -1 -1 -1 -1 -1 322460676 -2 -2 97308147 -1 -2 820823404 -1 -1 -1 -2 -1 -1 -1 -2 -2 -1 -2 -1 -2 -2 -1 -2 881455919 -2 -1 -1 -2 735852078 898029548 -2 -1 -2 -1 -1 -1 -2 -1 -2 -1 -1 -1 -2 -2 -1 -2 -2 -2 -1 -2 -2 -2 -1 -1 -2 -2 946448080 -2 -1 -1 9296784 -1 -1 -1 616703208 -2 -1 -1 -1 -1 -1 -2 71424318 -1 -1 -1 -1 -1 -2 -1 -2 -1 -2 -1 -2 -1 -1
-2 -2 -1 258963876 -2 -1 -1 -2 239803479 -1 -2 -1 -2 -1 827379110 -2 -1 -2 -2 -1 -1 260340886 -1 -1 -1 -2 -2 -1 -1 -1 -2 -1 -2 -2 -1 -1 -1 -1 -2 -1 -1 37060262 74415627 -2 -1 -2 -2 -2 -1 -1 -1 -1 -1 -1 -1 -2 -1 -2 -1 -2 -1 -1 -2 -2 -2 298184734 -2 -1 -2 -2 -2 -2 -2 -1 -2 71808752 -2 -1 -2 -1 -1 -1 -1 -2 -2 -2 -1 -1 356280337 -2 -2 217152865 -2 -1 -2 -1 55794680 -2 -1 -2 -2 -2 -1 -2 -2 951948866 863721342 -1 951281992 -1 -2 -1 -2 -1 -2 62984417 -2 -1 -1 -2 -1 -2 -1 -2 -2 -1 -2 -2 -1 -2 -1 -2 -1 -1 -1 518060181 -1 -2 -2 839937314 -1 -1 711494935 -1 -1 -2 -2 -2 -1 10040902 -1 -1 -2 -1 -1 -2 65130846 -2 -1 -1
-1 -1 -2 -2 -1 -2 -1 -1 -2 -1 -1 -1 -2 -2 -2 -1 -1 -1 -1 -2 -2 -1 -1 -2 -2 -2 -1 -2 805862668 -1 -1 -2 666725032 -2 -2 -1 -2 -1 -2 -1 -2 -2 -2 -1 -1 -1 -1 475224659 -1 -2 -2 -1 -1 -2 964644012 -2 -2 -1 771873085 -1 -2 -2 -1 -1 -2 -1 -1 -2 -1 -2 -1 305224763 -1 -1 -2 -1 -1 105180766 -2 -1 -1 -1 -2 -1 -1 -1 653164136 -1 -2 144987485 -1 -2 -2 -2 -2 -2 -2 -1 -2 -1 974865194 -1 -1 -1 -2 412648985 -1 -2 -1 368411291 -1 507543039 -2 -1 -2 -2 -1 -2 -2 -2 -2 -1 -1 -2 -1 547062733 -1 -2 -2 -1 -2 146152868 -1 -2 -2 -2 -1 -2 -2 -2 819920291 -2 -2 -2 -1 -2 -1 -2 -2 -2 -2 -2 -2 -1 -1 421897781 168397486 -1 -1 -1
-2 -2 -2 -2 -1 843603923 -2 -2 -2 -1 -2 -1 -1 -2 -2 -1 -1 -2 -2 -2 -1 -2 641788185 -1 -2 -2 -1 -1 -1 -1 -1 -1 -1 -1 -2 -1 -2 -1 -2 -2 285436202 -1 -2 -2 -1 -1 -2 -1 -2 -2 -1 -1 -1 -1 -2 -2 -1 -2 -1 -1 -2 -2 -1 115539523 -1 -1 -2 -1 -2 -2 655269261 -2 176966226 -1 -1 934657154 -1 -2 -1 -2 566203356 -2 -1 -2 -1 -2 -2 63371008 -2 -2 -1 -2 -2 -1 -1 -1 -1 -1 -1 -2 -2 -1 846340437 -1 -1 -2 -1 -2 -2 -2 728509317 -1 -1 -2 415804759 -2 -1 -1 -1 -2 -2 -1 -1 -2 -1 -1 -2 -2 -2 -1 -1 -1 -2 -2 -2 -2 -1 -1 -2 -1 -2 -1 -1 -1 -2 905154617 -1 -2 -1 -2 -1 -2 -1 -1 -1 200223289 -2 -1 -1 -2
-1 5783748 -1 655784794 -1 -2 -2 -2 -2 -2 -1 -2 -2 -1 -1 931582400 -2 -1 -2 -1 -2 -1 -1 -2 -2 -2 -2 -1 -1 -2 -2 98519209 -1 -2 -2 -2 -2 -2 -1 -2 -2 -2 -2 -2 -2 -1 -1 -1 371279584 -1 -2 -1 476155875 -1 -2 -2 -1 -1 -2 -1 -2 -2 -1 427987112 -1 -1 -2 -2 723203741 -2 -1 -2 -2 -2 -1 -1 -1 -1 -1 39698220 -1 -2 -1 -2 -1 -1 -1 -2 -2 -1 -1 -1 668691273 -2 -2 -2 -2 -2 -2 -1 429112331 -1 -1 -2 -1 -1 -1 -2 -2 -2 -2 -2 -1 -1 -1 -1 -1 -2 -2 -1 416042080 -1 -2 -1 -2 381125373 -2 -2 -1 -1 909457167 647029099 -2 -2 -1 -2 -1 -2 -2 -2 -2 -1 -2 -2 -2 -1 -2 -2 -2 -1 -1 929668266 -2 -1 -2 -1 -1 -1 -1 -2
-2 -2 -1 -1 -2 -2 230353307 -1 -1 -1 -1 140601278 -2 -1 -2 -1 -2 -1 -2 -2 -2 -2 -1 850791569 -2 -2 -1 -2 -2 -2 -1 -1 -1 -1 -1 537454516 -1 -2 -2 -2 -1 -2 -1 -1 -1 -1 -1 -1 -2 -1 -1 988217535 -1 -1 -1 -2 -2 439888882 -1 -1 -1 -1 -2 -2 -2 -1 -1 -2 -1 -1 -2 963129523 -2 -2 -2 -1 27342035 -1 -2 -1 -2 -2 -2 822953056 879188780 -1 -1 -1 -2 -1 -1 164973367 -2 -1 -2 -2 -2 -2 -2 562349436 -1 -2 -1 -1 -1 -2 -2 -1 -1 -2 893179499 -2 -2 -1 -2 -2 52109862 -1 -2 -1 -2 -2 -1 -1 -1 -1 -1 -2 -1 -1 -1 -2 -2 -2 -2 -1 -2 -2 -1 -1 -1 -2 -1 -1 -2 -1 -1 -2 -2 448512942 -1 -2 -2 -2 -1 -2 -2 -1 -2 -2
-2 -1 -1 -1 -1 -2 -1 609493076 -2 -2 -1 -1 133664443 -2 -1 -2 -2 -2 -1 -2 -2 -2 -1 -1 -2 -1 -1 -1 -2 -1 -1 -2 -2 688474015 -1 -2 -1 -1 988967368 -2 -2 -2 -1 -1 -1 -1 -2 401360781 -2 -1 -1 -1 -1 -2 -2 -2 -1 -2 -1 -1 -1 -1 -1 -2 -1 -1 -2 -2 -2 -1 -1 -2 -2 -2 -1 -1 -1 -1 -2 -2 -2 -2 -1 -1 -1 -2 -1 -1 -1 -1 -1 -2 -1 -2 -1 -2 -2 -2 -2 -1 -2 -1 -2 -1 -1 -2 -2 -1 -2 -2 922477174 -1 -2 -1 -2 -2 -1 -2 -2 441030299 74258401 -2 -1 -1 -2 -1 -1 -1 -1 -1 -1 -1 -1 -1 145149962 -2 -2 -2 -2 -1 -2 -1 -1 -2 -1 -1 -2 -2 -2 -1 -1 -2 -1 620008649 992693563 -1 -2 -2 -1 -1
-2 -1 -2 -2 -1 -1 347489346 -1 -1 -1 -2 -2 -2 -1 -1 -2 -1 -1 -1 -1 -2 -1 -1 485839295 -2 -1 -2 -1 -1 -1 -1 -2 -2 -2 -1 -1 -1 -1 -1 -2 -2 -2 -1 -2 629848201 -1 -2 -2 -2 -1 -2 -2 -2 -1 -1 256068332 317733518 -2 -1 -1 -1 -2 -2 -2 -1 -2 -2 -2 624291182 -2 -1 -1 -2 -2 596493723 71682819 -2 -2 -2 -2 -1 -1 -2 -1 -1 -2 -1 -2 -1 -1 617988474 -1 -2 -1 -2 -2 -1 640408483 -1 287005733 -2 -2 -1 -1 -2 -1 -1 -1 -2 -2 -2 -1 -1 617769106 -1 -2 -1 -1 -1 -1 -2 -2 -2 -2 -2 208697097 -2 -1 -2 -2 -1 -1 -2 -2 -1 -2 -2 -2 -2 -1 -1 236778303 -1 990949704 -2 -2 -2 -1 -2 -1 -1 -1 -2 -2 -2 882638145 -2 -2 -2 199199669
-2 -2 -2 -1 -1 -1 -2 -1 -1 -1 -2 -2 -1 -2 -1 -2 -1 -2 -1 -1 -1 -1 -1 -2 -1 -1 304105241 -1 -1 -2 -1 -1 -1 707889852 -2 -1 -1 -2 -2 -1 -2 -2 -2 -2 -2 -2 -1 -1 -1 -1 -2 -1 -1 -1 -2 -1 -1 -1 -2 -2 -1 -1 -2 -1 -2 807937154 -1 -2 -1 -2 369718032 -1 -1 -1 -1 -1 -1 -2 -2 -2 -2 -2 -1 -1 -1 -1 -1 -2 -1 -1 -1 -2 -1 -1 -1 -1 -1 -1 -1 -1 -2 -2 -1 -2 -2 -1 -1 -1 -2 760584054 343860478 -1 -1 -1 -2 -1 -1 -2 -1 -2 -2 -2 -2 -1 -2 -1 -1 -1 -2 -1 -1 -2 26332419 -2 -1 -2 38709642 -1 -2 -2 -1 -2 -1 -2 762456162 -2 -1 -1 -1 -2 -2 161005094 -2 -1 -1 -1 -2 -1 -1 -1
101471835 -2 -1 -1 -2 -1 -1 -2 -1 -1 -2 -1 -2 -1 -2 -1 371554524 -1 -1 800589831 -2 -1 -1 -1 -2 -2 -1 -1 -2 -1 -1 -2 -1 -1 564498557 -1 -2 -1 -1 -1 -1 -1 -1 -2 750605337 -1 84901212 -1 -1 -2 -1 -1 -1 -2 -2 -2 -2 -1 -2 315636276 -1 -1 -1 -1 -1 -1 -1 -1 -2 -1 -2 -1 -2 -2 -2 659442280 -2 -2 -2 -1 -1 -2 -1 -2 -2 -2 -2 -1 838895543 449640999 -1 -1 -1 -1 -1 -1 27620499 -1 -2 -1 -1 -1 -1 -2 -2 297358531 -1 339378627 -2 -1 -2 -1 -2 -1 -1 -2 -2 -2 561992466 -1 -1 440713682 167239541 -1 560610204 -2 -2 -2 -2 -1 -1 -1 -1 -1 -2 657035314 -2 -1 -2 -1 -2 -2 -1 -1 -2 -1 -1 -1 -2 -1 833584338 -2 -1 -1 -2 -1 -1 -1 -2 -2
-2 -1 -1 -2 506488454 -2 -2 -1 -2 -2 -1 -1 -1 -1 -1 -1 -1 -1 -1 -2 -2 -2 -2 -1 -1 -1 -2 -1 -2 -2 -2 -1 77538595 220546498 -1 -2 -2 -1 -1 224806685 -2 -1 -2 -2 -1 -2 -1 -2 -1 -2 -2 -1 190253426 -2 -2 5294882 -2 -1 -2 -2 -1 -1 -1 -2 -1 -1 -2 -1 -2 -1 -2 -2 -1 -1 -2 904867157 -1 -2 -2 -2 -2 -2 -2 -2 -2 -1 -1 -2 -2 -1 -1 -1 -1 -1 -1 -1 -1 -2 -1 -1 78150147 -1 -1 -2 -1 -1 -2 -1 -2 -2 -1 -1 135190054 -1 -2 -1 -1 -2 -2 -2 -2 -2 -1 -1 -1 -1 -1 -2 -1 -1 -1 -1 -1 -1 -2 -1 -1 -1 -2 -2 -2 -1 -1 -1 -2 -1 -1 -1 -2 949056468 -2 -2 -1 -2 -2 -1 -1 -1 -1 -1
-2 -1 232998061 -2 -1 -2 -2 -2 -1 -1 -2 826110345 -2 -2 -2 651254528 -2 -2 -1 -1 166866449 -2 -1 -1 -1 -1 -1 -2 -1 -1 -2 -1 -2 -1 -2 -1 -1 -1 -1 -2 -2 -2 705723640 -1 -2 -2 -2 -1 25289402 -1 -1 -1 -2 899758482 -2 -2 841795890 -1 -2 -2 -1 -1 -2 129070804 -2 -2 -1 -2 -2 -2 -1 -1 -1 -2 -2 -1 -1 -2 -2 -2 -2 -2 -1 -1 -2 -1 -2 -1 -1 -2 -1 -2 487068624 -1 -2 -1 512446685 -1 -2 -1 -2 -2 -1 -1 651517678 -1 -1 -1 930399909 -2 -2 -1 -1 -1 -1 -2 -2 -2 -2 -1 -1 -2 -1 -2 -2 -2 -2 -1 -2 -2 -1 -1 -2 -2 -2 34851181 -1 -2 -2 -1 -2 -1 -1 -1 -1 -1 -2 -1 -1 -1 -1 -1 891968319 -1 560043130 -2 -2 982090355 -2 -1
-2 -1 -1 801574359 -2 127094276 -2 -2 -2 -2 -2 -1 -1 -2 -1 852824209 -1 -1 -2 -2 454466841 -1 -2 -2 805318309 -2 -1 -1 -2 -2 -1 -1 -1 844777687 903403427 -2 139094432 -2 -1 -2 -2 -1 -2 -1 -2 -2 -2 -1 -1 -1 -2 -2 -1 -1 -2 -1 25038540 -2 -2 -1 -2 -2 -1 -2 -2 -2 -1 -1 -2 -2 -1 -2 -2 644264079 -2 -2 -2 -1 817516060 -2 238257604 -1 -1 -2 -2 -1 -2 -1 -1 -1 239994718 -2 471364372 -2 -2 -2 -2 -1 -2 -2 587058775 -2 -1 -2 -1 -1 -1 -2 -2 -1 667891961 -2 -1 -2 -2 -1 -1 6209069 -1 -1 -1 -1 -2 -1 -1 -2 -1 -2 -2 -1 -2 -1 -1 -2 -1 -1 -1 -2 340082968 -2 -1 -1 -1 -2 -1 -1 -2 -2 603992892 -2 57725561 -2 -2 -2 -1 -2 -1 -1 -1 -2
-1 -2 -2 -1 -2 -1 -2 -1 -2 -1 -2 -1 -1 -2 -2 -2 -1 -2 -2 -1 -2 -1 -1 -1 -1 220921934 -1 -1 -1 -1 -1 -2 -2 -2 -1 -1 6130667 -2 -1 -1 -2 -2 -2 -2 -1 -2 -2 -2 -2 341302194 -2 -1 -1 -2 -2 -1 353615434 -1 -2 -1 -2 -2 -2 -1 -1 -2 -1 -2 -2 -1 -2 -1 -1 -2 -2 -2 -2 -2 -1 -1 -1 -1 -1 -2 -2 -1 -2 -1 -2 -1 -2 -1 -1 -2 -1 -1 -1 903597233 -2 -2 -2 -2 -2 -2 -1 -1 -2 -1 -1 -1 -1 -2 756731365 -2 -2 -2 -2 -1 -2 -2 -2 -2 -1 -2 -2 -2 -1 737191345 -2 -1 -1 -1 -1 -1 -1 -2 -2 -1 18196234 -1 -1 -2 -1 530549213 -1 -2 -2 -2 -1 -2 -1 -2 -1 -2 -2 -2 -1 -2 -1 -2
-1 -2 -2 -2 113250863 -1 -2 -2 -1 -1 -2 97899009 -2 -1 -2 -2 -2 -1 -2 37245039 -2 -1 -2 -1 -1 135931946 -1 -2 -1 -1 -2 -2 -2 -2 -1 -1 -2 -1 -2 -2 -1 -1 -1 -1 -2 -2 -2 -1 -1 -2 -1 170662698 -2 -2 44644488 -2 -2 -2 776914875 -1 -1 -1 -1 881603744 -1 -1 -1 -2 -1 9062814 -1 -1 -2 -1 -1 -2 -1 -1 -2 -1 -1 -1 -1 -1 -1 -2 493425157 -2 -2 -2 -1 -2 -2 -1 -2 -2 -1 10046617 -2 -2 -1 -2 -2 -1 -1 56865517 -1 -1 -1 -1 -1 -1 -2 -2 -1 852324193 -2 -1 -2 469236455 -2 -1 -1 -1 -2 -1 -2 -1 -2 -1 -2 -1 -2 -1 -1 -2 -2 -2 -1 -1 -2 -1 -2 -1 -1 -1 -1 -2 -1 935486932 -2 -1 -1 737303585 -1 -1 -1 -2 -1 -1
-1 -1 -2 -1 -1 -1 -1 -2 -1 -1 -2 -1 -2 -2 -1 -1 -2 -2 -2 -1 -2 -1 -2 -1 -1 -1 -1 -2 -2 -1 -2 -1 -2 262741668 10592170 -2 -1 -1 -2 -1 -1 -2 -1 -1 -1 -2 -1 -2 -2 -1 -1 -2 -2 736537452 -1 -2 -1 -2 -2 -2 -2 -2 -2 -1 -2 -2 -1 -1 -2 -1 -2 996286738 -2 -2 -2 -1 -1 -2 -2 -1 -2 -2 -2 -1 -1 -1 580243995 -1 -1 -1 -2 -1 -2 -1 -1 -2 -1 857725681 -1 593416796 -1 143658591 -2 -1 -1 -2 -2 -1 -2 -2 -1 -2 475815103 -1 -1 -1 -1 -2 -1 -2 -1 -2 -1 -2 -2 -2 827337770 -1 -2 -1 -2 -1 -1 -1 -2 -2 -2 -1 -2 -2 -1 -1 -2 -2 27900697 -1 -2 -1 -2 -1 711475297 -1 -2 -1 -2 -1 -2 -2 -1 -2
-2 -2 -2 -1 -1 -1 -2 -2 -1 -2 -2 -2 -2 330580457 -2 -2 -2 -2 -1 -1 -1 601133759 -1 -1 -2 -2 -1 -2 -2 -1 -2 -1 -1 -2 -2 -2 778662581 -2 -1 -1 -2 -2 -1 -2 -2 -2 -1 -2 -2 -1 -2 -2 -2 -1 -2 -1 -1 -1 -1 -1 -2 -1 -1 -2 -2 -2 -2 -2 939995197 -1 -2 -1 -2 -2 -2 -1 -1 -1 -2 -2 -2 -2 -1 -1 -1 -2 -2 -2 -1 -1 924714568 -1 -1 -1 692533865 -2 -2 -1 -1 -1 233959478 -1 -1 -1 -2 -1 -1 -1 -1 -2 -1 -1 -2 2234692 -1 199870233 -1 -2 -1 -1 -1 328585954 604682267 -2 -1 976610435 -2 -2 -2 36905729 -1 -2 854763679 -1 -1 293610104 -1 -2 -1 -1 8342325 -1 -1 -2 -1 -2 487019981 -1 -2 -2 -2 -1 -1 -1 -1 -1 -2 -2 -2 -2
-2 -1 -2 532089817 -2 -1 -2 580692237 -2 -1 -2 -1 -2 -1 -1 -1 -1 -2 65637520 -1 -1 -1 -2 -1 -1 -1 -2 -1 -2 -1 -2 -1 -2 -2 -1 -2 -2 -1 -2 -1 -1 -2 -2 380937354 -2 -2 -1 541209393 -1 -2 -1 250471600 -2 -2 -1 -1 -2 -2 -2 -1 -2 -1 -1 -2 787378226 -1 -2 -2 -1 -2 -1 -1 -2 559830636 -1 -2 -2 -1 -1 892776985 -2 -2 -1 -2 -2 -2 -2 266603696 -1 -1 -1 -2 -1 -1 -1 -2 -1 -1 -2 -2 -2 -2 -1 -2 -1 -2 -1 -1 -1 -1 -2 -2 -1 -1 501135324 -2 -1 -1 -1 -1 -2 803828889 -1 -2 -1 -1 -2 -1 -1 -1 88338245 -2 -2 -1 -1 -2 -1 -1 700968891 -2 -1 -1 -1 -1 977940340 557435137 -1 -1 -2 -2 -1 -1 -2 109821256 -1 -2 -2 -2 -2 -1
-1 -2 -2 -1 -1 -2 -1 -2 -1 -1 -1 -2 -1 -2 -1 -2 -1 -1 -1 -1 636118121 -1 -1 -1 -1 -2 -2 -2 -1 -1 -1 -2 -2 -2 -2 -1 -2 -2 -1 -1 -1 -1 -1 996241174 -2 -2 -2 -1 -1 -2 -2 -1 -2 -1 -1 -2 -2 -1 -2 -1 -1 -1 -1 -1 -1 -2 -2 -1 -2 -2 -2 -2 15573463 -1 -1 -2 -1 -1 -2 -2 -1 -2 -1 -2 -1 -1 -1 -2 215606761 -1 -1 -1 -1 -2 -1 -2 -2 -1 -1 -2 -1 -1 -2 -1 -1 -2 -1 -2 -1 -2 -2 -1 -2 -1 -1 -1 -1 -2 -1 239384236 135179697 -1 -1 -2 -1 -1 -2 568200244 -2 361396662 -2 -2 -1 -2 -2 -2 -2 890263253 -1 -2 -1 -1 -2 -1 -2 -1 -1 -1 -1 -1 -1 -2 -2 -2 -2 -1 741765847 -2 -2 87288981
-2 -1 -2 -1 -2 -2 -1 -1 806254487 -2 -1 -1 -1 -1 -1 -2 -2 -2 -2 -2 -1 -2 -2 -1 -1 -1 -1 -2 -1 -1 89152816 -1 -1 760393278 -2 -2 -2 -2 649954103 -2 -1 -1 -2 -2 -2 -2 68609592 -1 -2 -1 -1 -2 -2 -1 -2 -2 -2 77202897 -2 -2 -2 -1 -1 -1 463806333 -1 -1 590921465 -1 -1 -1 -2 48602237 -2 -2 -1 -1 -1 -2 -2 -1 -2 -2 -1 -2 -1 -1 440068082 -1 -1 -2 -2 -2 -2 -2 -2 -1 -2 -2 -1 -2 -1 -2 -2 541092714 -1 -2 -1 905449930 -1 -1 -1 -2 -1 -2 -1 -1 -1 -1 -2 -1 -2 -1 -1 -2 -1 -2 -1 -2 714513482 -1 673544903 -2 -1 -2 -2 -2 -2 -1 -2 -2 -2 -2 -2 -1 -1 -2 -1 -2 -1 -2 -1 -2 -1 -2 -2 90264556 -2 -1 -1
-1 842258210 -2 -1 -2 -2 -1 -1 -1 -1 933806935 -1 -1 -2 -1 -1 -1 -1 -2 -2 -1 -1 -1 -1 -2 -2 -1 -2 -2 -2 -1 -1 -2 -2 -1 -1 -1 -1 -2 -2 -2 -1 -2 -1 -2 -1 -1 -1 -1 -1 -1 -2 -2 -1 -1 -1 -2 -2 -1 236408736 -1 289911475 -1 -1 -2 -1 -2 -1 -1 -1 -2 41504156 -2 -1 -2 -1 -1 -1 -1 -1 -2 -1 582336486 -1 -1 -1 -1 -1 -1 -2 -2 -1 -2 -2 -2 -2 -2 -1 -2 -2 -1 531019001 -2 -1 -2 -2 -1 -1 -2 -2 -1 -2 -1 -2 -1 -1 -2 -1 -1 -2 -2 172317830 -2 -2 -1 -2 -2 -2 -2 -1 -2 -2 -1 -2 -2 -1 -2 -2 -2 -1 -1 -1 -2 -1 -2 -2 -2 -2 -2 -1 -2 -1 -2 -2 -1 -1 -1 -2 30395817 -1
-2 -1 -1 -2 -2 -2 -1 -2 -2 -1 516421212 -2 -2 8577660 -2 -2 583754304 -1 -2 996283392 -1 -1 -2 -1 -1 -1 783889802 -1 -1 51960145 -1 -1 -1 -2 -2 -1 -1 -1 -1 -2 -1 -1 -1 -1 -2 -2 -2 -2 -1 -1 -1 -2 385149860 -1 -1 -1 -2 -1 -1 -2 -1 -2 -1 -2 -2 -2 -2 -1 -2 -1 -2 -2 -1 -1 -1 -2 -1 -2 -1 -1 -1 -1 -2 595137564 -2 710658002 -1 -2 -1 895285421 -1 399977836 -2 -1 -2 -1 -1 -2 -1 -1 -1 -2 -2 -1 -1 -2 -1 -1 -1 -1 108256421 -1 138339583 -2 -2 -2 -1 -1 265956748 -1 -1 -2 -2 -1 -2 -2 848995808 -2 517770753 -1 382399577 -2 -1 777325710 -2 -2 -2 -2 -2 -2 -2 -1 -2 -2 -2 -1 -1 -2 -1 -1 -1 -1 -1 -2 -2 -2 -1 -1 336299388 -1
-1 443055878 -2 -2 -1 -1 -1 -1 -1 744740257 -1 808389214 -2 500002064 -1 -2 -1 -1 -1 -2 -2 -1 -2 -1 -2 -1 -1 -1 -2 -2 -2 78564011 -1 -2 -1 -2 -2 -1 -1 -1 -2 -1 -2 -1 -1 134389492 -1 282735077 -1 316658824 -1 -2 -1 -2 -1 -1 -2 -1 -1 -2 -1 -1 -1 -2 -2 -2 -2 -2 -1 -1 -2 194372019 -2 -1 -1 -2 -1 -2 -1 -1 -1 198424129 -2 -1 -2 92869845 -2 -2 -2 -1 -1 -2 -1 -1 -2 -1 71061726 -2 -2 -1 -1 -1 -2 -1 -1 -2 -1 -2 -1 -2 -2 -1 -2 -1 -2 -2 -1 -2 135482380 -1 259892477 -2 31532554 -1 -1 111633262 -1 -1 -1 -1 -2 -2 -1 -2 -1 -1 -1 -2 -1 -2 -2 -2 -1 708584547 -2 286452612 -1 -2 -2 -2 -1 -2 -1 -1 -1 -2 -2 -1 779416367 -2
-1 176489393 -2 -1 -2 -2 -2 -1 -1 -2 -1 -1 -2 -2 -1 -2 -1 -2 -1 -1 -1 -2 -2 -1 -1 -1 -2 -1 -1 -1 794101143 -1 444512755 -1 -1 -1 -2 316233663 -2 -2 -1 -1 -1 -1 -2 -1 -1 573521618 -2 -1 -2 -2 -2 -1 -2 -2 -2 -2 -2 -2 633176895 -2 -2 -1 -2 -1 -1 -2 -2 -1 -1 -2 -1 -2 -1 496491004 -1 -2 873714620 -2 -1 -1 -1 -2 -1 279196244 -1 -2 -2 -1 -2 -2 -2 -1 804233981 -2 -1 -2 -1 -2 -2 451194188 408186981 659452669 -2 -1 -2 -1 -2 -2 -1 519716736 -2 -2 -2 -1 -1 -2 -2 -2 -1 -1 -1 -1 -2 -2 -1 -2 -1 -2 -1 -1 -2 -2 -1 -2 -2 307118663 -1 -2 -1 -2 -2 -2 -2 -1 -1 -2 -2 -2 -2 -2 -2 -1 -1 -1 -2 -2 214477484 136826909
-2 -1 -2 -2 -2 -1 -2 -1 -1 -2 -1 -1 -1 -2 -1 -2 958792584 -2 754901619 -1 -1 -2 155915720 -1 -1 -2 -2 -2 -2 -1 -2 -1 -1 -2 -2 -2 -1 -2 -1 -1 -1 -2 -1 -1 -2 -1 -1 -1 -2 -2 -1 -2 -2 -2 -1 -1 -2 -1 -2 -1 -1 -1 538428725 -2 -2 -2 -2 -2 -1 -1 -2 -2 -1 -1 -1 -1 -2 -2 -2 -1 -1 -1 -2 -1 -1 -2 -2 -1 -1 -1 -1 -2 -2 -2 -1 -1 -2 -2 818320560 -2 -2 717280176 -1 -1 -2 -2 -1 -2 -1 -1 -1 -2 -1 -1 -2 -1 -1 -1 -2 -2 -2 -2 -1 -2 -1 -1 -2 -2 -1 -1 -1 -1 -1 -1 -1 -1 -1 -2 -2 -1 -1 -1 -1 -2 -2 -1 -1 -2 -1 -2 -2 116591487 -1 -1 -1 -2 -2 -2 -1 -2
-1 -2 -2 -1 -1 -2 -1 478971561 -1 -1 -1 -1 -2 -2 31268888 -1 -1 -2 -1 -2 794037368 -2 -2 -2 -1 -2 -1 -2 -1 -1 -1 -2 -1 379872730 -1 -2 -1 -1 -2 -2 -1 -1 -2 -2 567257045 -1 -2 -2 -1 -1 -1 -2 833945398 -2 -1 -2 -2 -2 -1 -2 -1 -1 -1 -2 859530232 201436633 -2 -2 -2 -1 -1 -2 -2 -1 -1 -1 -1 -2 -2 -1 -2 -1 979395803 -2 -2 -2 523752039 -2 803016797 -1 -2 891494353 -2 -1 -2 -1 -1 951531657 -2 -1 -2 -1 -1 -1 -2 23207731 -2 -1 -2 -1 481834228 -2 -1 -1 -2 -1 -1 -1 621607871 -1 -1 -1 -1 -2 -1 -1 -2 -1 -1 -1 -2 -1 -2 -1 -1 -2 -2 -1 -2 -1 75078040 -1 -2 -1 -2 -2 241107761 -1 -1 -1 -1 -2 -1 -1 -1 -1 -1 -2 391074032 364019557
-2 -1 -1 -2 -2 -1 -2 -1 -1 -2 -2 -2 -2 514842999 -1 -1 -2 -1 -1 -2 -2 -1 -1 -2 -1 82906216 -2 -1 -2 -2 543488602 -1 -1 -2 -2 -1 -2 -2 -2 -1 -1 -1 -2 -1 -2 -1 -1 -2 -1 -1 -2 -1 -2 -1 818602300 -2 -1 -2 -1 -1 -2 -1 -1 -2 -2 -1 -2 -2 -2 -1 -1 -1 -2 -1 -1 -2 -2 -1 -1 -1 -2 -1 -1 -1 -1 -2 -2 -1 -2 -2 -2 -2 -1 289782128 -1 -1 -1 -1 -2 -2 -2 -1 -2 -1 -1 -2 -1 793628114 -2 -1 395691579 190131606 -2 -1 -2 -1 -2 -1 -1 -2 -1 -2 8533547 -2 -2 -1 -1 -1 -1 -1 -2 -2 6136129 -1 -1 -1 -1 -1 790674039 -1 -1 -2 -2 -1 -1 -2 -2 -1 -2 919100871 -1 -2 -2 768708387 -2 -1 -2 -2 -2 101515151
-1 -2 -1 189167368 -1 -2 -2 -1 655405103 259207208 -1 -2 -1 -1 464898281 -2 -2 -1 -2 -1 -2 -1 -2 -1 -1 -1 -1 -1 -2 -2 -2 -2 -2 -1 -2 -1 -2 -2 -2 -2 822703949 -1 -2 -1 -1 -1 -2 -2 338499682 -1 21256285 -2 -2 -2 -1 -1 -2 -2 -2 -1 -2 -2 -1 -1 -1 -1 -1 -2 -1 -1 -2 -1 -1 -2 -1 -2 -1 -1 -2 -2 82295402 636941377 -1 -2 -1 -1 -2 -1 -1 -1 -1 -1 -2 -1 -1 -1 -2 -2 -1 192226756 -1 -1 -1 -2 -1 -2 -2 629306338 -1 -2 -2 -2 -2 -1 -1 -2 -1 -1 -2 -2 -2 -1 -2 -2 -1 -1 -2 -2 -2 -2 -2 435503291 -1 -2 -1 -2 -2 -1 -2 -2 -2 -2 -1 -2 -1 -1 -1 -2 922742644 -2 -2 -2 -2 -1 -1 -1 -1 -2 -1 -1
-1 -2 -2 -1 -2 -1 705560723 -1 -2 -1 470820251 -2 -2 -2 -2 -1 -1 839635746 -1 -1 -2 780104628 -1 -2 -1 -1 -2 -1 -2 747019919 -2 -1 692013050 -1 -2 -1 -1 -1 -2 552830679 -2 -1 835411421 -1 -1 806284588 -2 -1 -1 -2 -1 -1 -2 -2 -1 -1 -1 -2 -1 -2 -2 -2 927586236 -2 -2 -2 -1 -2 488089946 -1 -1 -2 183787637 -2 859467515 101296367 -2 52014913 -2 -1 -1 -2 -2 -2 -1 968094378 -2 -1 -2 -2 -2 -1 -2 -1 -1 -1 -2 -2 797937821 -2 -2 700396772 -2 -2 -2 552652530 -1 -1 -1 -1 329401662 372221400 -1 -2 -2 -1 -2 -1 -2 -2 -2 -1 -1 -2 819235887 -2 -2 -1 -1 -2 917808389 -2 -1 -1 -1 -1 -1 -2 -1 -2 -1 -2 -2 277754437 -2 -2 -2 -1 -2 -2 -2 -1 -1 -1 -2 -1 -1 -2 -1 -1
-1 -1 -2 -1 -2 -1 -2 -2 -1 -1 -2 11785064 -2 -1 -1 -2 -1 -1 -2 -2 -1 -1 -2 -2 149292890 -2 -1 -1 -1 -1 993052986 -2 -2 -1 -2 -1 -2 -2 -1 -2 456783720 -2 -2 -2 -1 -1 -2 -2 -1 -2 -1 -1 -2 -2 240055407 -2 -1 -2 -2 -1 -2 -1 -1 -1 -2 -2 -1 -2 -1 -1 -1 -1 -1 -2 89646188 -1 -2 -1 -1 -1 -2 -2 -2 -1 -2 -1 -1 -1 879132609 -2 -1 -1 778228034 -1 -2 -1 -1 -1 -2 -2 -2 -2 -2 278767772 -1 385798792 -1 -1 -2 -2 -1 -2 -1 -1 -2 -2 -1 -1 -1 -2 -1 -1 -2 -1 -2 -2 -2 -1 -2 -1 -2 633544287 -1 -2 -2 -1 -1 -1 -2 5816887 -2 -1 797083833 -2 386093933 -1 -1 -1 -2 -1 247417273 -1 -2 -1 -1 -1 -2 -2 -2 872205508
-2 -2 -2 -2 -1 -1 -2 -2 -1 -2 -1 -1 -2 -1 -2 37187833 -2 -2 -1 -1 -2 -2 -2 -1 -1 -1 -1 -2 -2 -2 -1 -1 -2 -1 -1 334548068 916177268 -2 -2 -2 -1 -1 -1 -1 -2 -2 -2 -1 -1 -1 -2 -1 -2 -2 369274082 -2 520171719 -1 -1 -1 -1 -1 -1 -1 -2 -2 -2 -2 -1 -2 -1 -1 -2 74001243 -1 -1 -1 -1 -2 -1 -1 -1 -2 -1 -1 -1 -1 -1 -1 749952029 -2 499796415 -2 -1 -1 -2 -2 -1 -1 -1 983593297 -1 -1 -2 -1 -1 -1 -1 -2 -1 -2 -1 -1 -1 -2 -1 -2 -2 -1 -2 -1 -2 -2 -1 -2 -1 -2 -2 -2 -1 -1 -1 -1 134334580 -2 -2 -2 -1 -2 -1 -2 451364599 -1 -2 -2 -2 -1 -1 -1 -1 -1 -1 -1 -1 -2 -2 -1 316668289 -2 -1
-2 -2 -1 725396578 -2 -1 -1 -1 -1 -1 162255610 -2 -2 -2 -1 -1 -1 -1 -1 -1 -2 -1 -2 -2 537455075 -1 -1 -2 -1 -1 -2 -1 -2 -2 -1 -1 -2 -1 -1 -1 -1 531451112 -1 -1 -2 -1 -2 290212217 -2 -1 -1 130693504 -1 -2 663413204 -2 44173649 -1 -1 692837131 929220622 -1 -1 -2 -1 -2 -2 -1 -1 -1 -1 -2 -1 -1 -2 -1 -1 -2 -2 -1 -2 -1 -2 193937023 -2 -1 -1 95193113 -1 -2 -2 -1 -1 -1 -1 -2 -1 -1 -2 679226706 -2 -1 -1 -1 885638910 -2 -1 785609282 -2 -2 -1 -1 -2 817577367 -2 -2 -2 -1 -1 -1 -2 -2 -2 -1 -2 -2 -2 -2 -2 -1 -1 452643454 -1 -2 -2 -2 -2 -2 -1 -2 -2 -1 -1 -1 -1 -1 -1 -2 -2 -2 -1 -1 -1 -1 -2 -1 -1 -1 -1 -1
249233286 -1 212877485 -1 -2 -1 -1 -1 -2 -1 -1 -2 -1 46396344 -2 -2 -2 -2 -1 -2 -2 -1 288679445 -1 -2 -1 -1 -1 -1 -1 -1 -2 -2 -1 -1 -2 -1 -1 519366458 -1 -1 -1 -1 -1 -1 -2 -2 -1 -1 -1 381881858 -2 -1 18597052 492267007 -2 -1 -2 -2 -2 -1 -1 -2 -1 -2 -2 -1 -2 -2 675943105 -1 -1 -1 -1 -1 -1 -2 -1 -2 121642886 -1 -1 -2 -2 -2 -1 -1 -1 -1 -1 -1 -1 -2 -2 -1 -1 -2 -1 -2 -2 -1 -1 -2 -1 -2 -2 -1 -1 -2 -1 -1 -2 -2 -2 -1 -2 -1 -2 -1 -2 437387306 -1 -1 120967929 -2 -1 -2 -1 360913113 -1 -2 -1 -1 -2 -1 -1 -2 -2 -1 -2 -2 204539960 -2 -1 204880763 -2 -1 936979214 -2 -1 -1 -1 -2 -1 -1 -1 -2 339332016 -1 -2
-2 -2 -2 -2 -1 -1 -1 -1 -1 -2 -1 -1 -1 -2 -2 55499608 765873691 -2 523529770 -1 158656850 -1 -1 -2 178640877 -2 -1 -1 -2 -1 -2 -2 -1 409907167 -2 399692918 -1 181382902 -1 -1 -1 314994911 -2 -2 -2 -1 -2 958499374 -1 -1 -1 -1 -1 -1 -2 -2 -2 -1 -2 -1 773589676 -2 -1 -1 -1 -1 351615029 -2 -1 -2 -1 -1 -1 98198271 -1 -2 -2 -2 -2 -2 -2 -1 -1 -2 -1 -2 145769508 -2 -2 -1 -1 -2 -1 -2 -2 -2 -1 -2 675498451 -1 -1 264191263 -2 -1 -2 -1 -2 -1 -1 528167842 -1 -1 882666286 -1 -2 -2 -1 -1 -2 -1 -1 -2 -2 -1 -2 -1 -2 -2 -2 -2 -1 -1 -2 -2 -2 -1 -1 -2 -2 -2 -2 -2 -1 -2 -1 -2 -2 -2 -1 -1 -2 334801637 -1 -2 -2 -1 -2 -1 -2 -1
-2 -2 -1 -1 -1 -2 -2 -1 -1 -1 -2 -2 -1 -2 -2 -1 -1 -1 -1 -2 -2 -1 -1 -2 -2 -2 -2 -1 -1 -1 -2 -1 -1 -2 -1 -1 -1 -1 -1 -1 -1 560665489 -1 -1 -1 -1 -2 -2 -1 -2 -1 -2 -1 -1 -1 -1 -2 -2 -2 -1 684052923 -2 24140282 -2 -2 -1 -1 -1 109144366 -2 69225976 643022367 -2 -1 -1 -2 -1 -1 -1 314825105 -1 -2 -2 -2 -1 -1 368339506 -2 -1 -1 -1 -1 -2 -1 -2 -1 -2 -2 -1 -1 -1 -1 -2 -1 -2 -2 -2 -2 -2 -1 -2 -2 -2 -2 -1 -1 -1 -1 -1 -1 -1 -2 -2 -1 179374892 -1 -1 724437433 -1 -1 -1 -1 -2 -1 -2 -2 -2 -1 -2 -1 -1 503590503 -1 -1 -1 -1 -2 -1 -2 -1 -1 -2 -1 -2 -1 -1 -1 -2 -1 -1
-1 -1 -1 -1 -1 -1 -1 -1 953854207 -1 -2 -1 -1 -1 -1 -2 -2 -2 -1 -2 -1 -1 74426874 -1 -1 -1 -1 -1 -1 -1 -2 -2 -1 30216734 -2 -1 -2 -1 -1 -1 661925776 -1 -1 -2 -2 -2 -2 -1 -2 -1 -2 -2 -2 -1 -1 -1 -2 -1 -1 -2 -2 -2 -1 -2 -2 -2 -1 -2 -2 -1 -1 -2 62314865 -2 -1 -1 -2 -2 263858395 -2 -1 -2 -1 -2 -1 320711172 -2 386501226 -2 -1 -2 -1 -1 -2 -2 -1 -2 316916740 -1 -2 -1 -1 -1 -1 802274797 -1 -2 -1 -1 -1 -2 -2 -1 -2 -1 132259213 -1 -2 -1 -1 -1 -2 -1 -1 -1 -2 -2 -2 -2 -2 -1 -1 560410003 -2 -2 -2 -1 573383870 -2 -1 -1 -1 -2 231341552 -2 -2 -2 -1 -1 -2 425969457 -1 -2 392449997 -2 -2 -1 -1 -1 -2
-1 -2 -1 -2 -1 -1 -1 -1 -1 -1 -1 -2 -1 -1 -1 -1 628024311 651578023 -2 427673511 -1 -1 -2 -1 -1 -1 -1 -2 -2 -2 -1 -2 -1 350668482 -1 -2 -1 -2 -2 -2 -1 -2 -1 767114203 -2 -2 -1 -2 -1 -2 -2 -2 -2 -2 -1 -2 -2 -1 -1 -1 104340598 -1 -1 899599960 204541521 -2 -2 -2 -2 -1 763156105 -1 -2 -2 -2 -2 -1 -1 -2 -2 -2 -1 -2 -2 -2 -1 -1 -2 -2 -1 -2 397974909 -1 -2 -1 -2 -1 -2 -1 -2 -2 -1 -1 -2 -1 -2 515060485 -1 -1 -2 -2 -1 -1 -2 -1 -2 -2 -2 -1 -2 -1 -1 -1 -2 -1 -1 -2 -1 -2 -1 -2 -1 -2 873346231 -2 -1 -2 -2 -1 -1 -1 -2 -1 -1 -1 496520699 -1 598582773 -2 -2 -2 -2 -1 -2 252449367 -1 -1 -2 -1 -2
714961295 -2 -2 -2 871762773 -2 -1 -2 -1 -1 -1 -2 -2 -1 -2 -1 -1 -2 -2 -2 -1 -1 -1 -2 -1 -1 -2 -2 -1 -2 -1 -1 -2 -1 -1 -2 157125173 -1 -2 533422223 -1 -1 -1 -1 -1 -1 -2 -1 -2 502721210 -1 -1 -1 -2 -1 -2 -2 -1 -1 -2 -1 -2 -1 -1 -1 -1 -1 -1 92341064 -1 -2 -2 -1 -2 -1 -2 903376128 -1 -2 -2 -1 -2 -1 -2 -1 -1 -2 -1 -1 -1 -1 -1 92779251 -1 -2 -2 -1 68607345 498959907 -1 -1 -1 -2 -2 -1 -2 683506342 -2 -1 -2 -2 -1 -2 -2 -2 -1 -1 -1 107431916 -1 -1 -1 -1 -1 -2 -2 -1 -2 -2 113879428 -1 -2 450768966 -1 -2 -1 -2 741751528 -1 -1 -1 899398976 -2 -1 -1 -2 -1 -1 -1 -1 -2 -2 -1 -1 -1 -1 -2 -2 -1 -1
-1 979365049 -1 -1 822171362 -2 -1 -2 -1 -2 -2 -1 -2 -2 -1 -1 74537472 -1 -2 -2 -2 -2 -2 -1 -2 75064621 -1 -2 -2 -2 426523634 -2 -2 -1 -1 -2 -2 -2 895893263 -2 -1 -1 -1 -2 -1 -2 -1 -1 -2 -1 -1 -1 -2 -1 -2 -1 -1 -1 962240152 -1 -2 -1 -2 -2 871521090 -1 -2 -1 -1 -1 -1 881061822 -2 -1 753342832 -1 -1 -1 806182208 -1 -2 -1 -1 -1 -2 529387293 -1 200191557 -2 -1 -1 -2 -1 -1 -1 -2 -2 -2 -2 -1 364228926 -1 -2 -2 -1 -1 -2 -2 -2 -1 628696771 -1 -1 -2 -2 913234061 946914353 -2 -2 -2 -1 -2 -2 -2 -1 -2 -1 -1 -1 -2 -2 -2 -2 -1 -2 -2 838138692 -1 -2 -2 -2 65304822 -1 -1 484337821 -1 618357888 -1 -2 -1 -1 -1 -2 -1 -1 -2 -1 -2 -1 -2
578742775 -1 -2 57858396 -2 -1 -1 -1 -1 -2 329281807 -1 -1 -1 -2 -1 -2 -2 -1 516738296 -2 -1 189164075 -1 -2 -2 145057377 -2 -1 -2 -2 -1 -2 -1 -1 -2 -2 -1 -1 -1 -2 -2 -1 -2 -2 -1 835668491 -2 -2 -2 -1 -2 948401263 -1 -1 -1 818321950 -1 -2 -2 -1 -1 -1 -1 -1 -1 795454485 -1 -1 40132442 -2 -2 -1 -1 -2 172797191 -2 -2 -2 -2 -2 -2 -1 -2 -2 -2 -1 -2 243843144 -1 -1 352678322 -2 -2 -2 -2 -2 -1 -1 -2 -1 -1 -2 -2 -2 -1 -1 -1 849095737 -2 -1 -2 -1 -1 -1 -1 -1 -2 -1 -1 -1 -1 -2 -1 -2 -2 -2 -1 -1 -1 -2 -2 -1 -2 -1 -2 -1 -1 -1 -1 -1 -2 -2 -1 -1 -2 -2 -2 -2 -1 -1 -2 -1 -1 -2 -2 465748088 -2 -1 -1
-2 -2 -1 -2 -1 -2 -2 -2 -1 -2 -1 556375020 -1 -2 -2 -1 -1 -1 -2 -1 -1 71859328 -2 473514314 -1 -1 -2 -1 -1 -2 -2 -2 -1 -1 360950837 -1 47868770 -1 -1 -2 -2 -2 -1 -1 -1 -2 -1 -2 -1 -1 -1 -1 -2 -1 -2 -2 -1 796194111 -1 -1 -1 -2 511350134 -2 -1 -1 -1 -1 -1 -1 -1 -2 -2 131073169 -2 -2 -2 -2 -2 -1 -1 -2 -2 -1 -2 -1 -1 -1 634613635 -1 -2 -2 -2 -1 -1 -1 -1 -2 -2 -2 -1 570785666 -2 -2 -2 -1 -2 -2 -1 -2 -1 -2 -1 -1 -1 -1 -2 -2 -2 -1 -1 -1 -2 -1 -2 -2 -1 -2 -1 -1 -1 -1 -2 -2 665690503 64503379 28484278 -2 -1 -1 -1 -2 -2 -2 -1 -2 650379022 -1 422136322 -2 -1 -1 -1 960100867 -1 -2 -2 -2 -1 -2
-2 -2 -1 -1 -2 -2 -2 -2 -2 -1 -1 810477 -2 -1 -1 -1 -1 -2 -1 -1 -1 221442521 -1 -2 -1 -2 -2 -1 -1 -1 -1 -1 -1 -1 -1 -1 -1 240519250 -1 -1 -1 673139089 -1 -2 -2 -2 -1 -2 -2 -2 -2 -2 231501440 101066735 975508361 567518889 -2 92963973 -2 -1 -1 -2 -2 -1 -2 -2 49800478 -1 -1 -1 -1 -2 -2 -1 -2 -1 -1 -1 940235439 -1 -1 -2 758165131 -1 -1 -2 -1 -1 320918475 114424257 -1 -1 56007802 -1 -1 -2 -2 -1 -2 -1 -2 -1 -2 -1 -2 -1 -2 -1 -2 -2 -1 -1 -2 -1 -2 -2 -1 -2 -1 -1 991318230 -1 -1 -1 -2 -1 -2 -1 458811520 -2 -1 -2 -2 -2 -2 -2 706618926 -2 -1 -1 -1 -1 -1 -1 -1 -1 -1 -1 -1 -2 -2 538639671 -2 747356355 -2 -2 -2 -1 -2 -1
-2 -2 -2 -1 194066053 -2 -2 -2 -1 -2 -1 -1 -1 49829698 -1 -1 -2 -2 -1 -2 770393763 -2 511167696 -1 -1 -2 -2 -2 631465936 -1 -2 -1 -1 -1 -1 -1 574217548 -1 -1 -1 -1 -2 -1 26111894 -1 -1 -2 -1 -2 -2 -1 -1 763856999 -2 -2 -1 -1 -2 -2 -1 -2 -1 -1 -1 -2 -1 324848700 -2 -2 -1 -2 -1 -1 -1 -2 -2 -2 -1 -1 -2 -2 -2 -2 -2 -1 -2 -2 -2 -2 -2 -2 840646284 -1 -2 -1 -1 -1 -1 -2 -1 -1 -1 -1 -1 -2 -1 -1 575012823 -2 254611142 -1 -2 -2 -2 -2 446991995 -1 -1 -1 -1 -2 -1 -2 -2 -2 -1 -2 -1 -1 -2 86481952 -2 -1 -2 -1 -2 -2 -1 -1 -2 -1 -1 -2 -1 -2 -1 -1 -1 -2 -2 -2 -1 -2 -2 970369182 55275730 -1 -1 -2 78852141
-1 -2 -2 -2 622273221 -2 -1 -1 -2 -2 -2 -1 -1 -1 42534009 -1 -2 -2 -1 -2 -1 -2 -1 -1 751213600 -1 -2 -1 -2 -1 -1 -2 713382512 -1 -2 516859895 -1 -2 -2 -2 -1 -2 -1 -1 -1 -1 134566998 -1 -2 -1 -2 -1 -1 -1 980484053 -2 -1 388130890 -2 -1 -1 42147666 634314364 -2 -2 -2 -1 -2 -2 -1 -1 -2 -1 -1 -1 -2 163623922 -2 -2 882899625 -2 318552840 -2 -2 -2 -1 -2 -1 -1 -2 -1 -1 -2 -1 -2 -1 -2 -2 -2 -1 -1 -1 -1 -1 -1 -2 -2 908403311 889133389 -2 -1 -2 -1 -1 -2 -1 -2 -1 -2 427060152 -2 -2 -2 -2 -2 -1 -1 -1 -1 -2 732223082 -1 -1 -2 101814125 194485418 -2 -1 -1 -2 -1 -2 -2 -2 -2 -1 -2 464966282 -2 -1 -2 -2 -2 -2 -1 -1 -1 -1 -2 -1
-2 -1 728497312 -2 -1 382525856 -1 -1 -2 -2 -1 -1 -1 258500055 -2 -2 -2 -2 -2 -2 -1 -1 -1 -1 -2 -2 -1 -2 -2 -1 -2 -2 160784526 -2 -1 -1 -2 -2 -1 545752001 492661296 -2 -2 -2 -1 -1 -1 -1 -2 -2 -2 -1 -2 -1 -2 -2 -2 -1 -1 -2 -1 -2 -1 -1 -1 -2 -1 -1 604239582 -2 -1 -1 -1 -2 -1 621481992 -2 -1 -1 -1 -2 -1 -1 -1 -1 -1 -2 -2 -2 -1 -1 -1 -1 -1 -1 -1 -1 216818388 400047895 -1 -1 -2 -2 -1 -1 -1 506811326 -2 -1 -2 -1 -1 -2 -2 -2 -1 -2 -1 -1 -1 -1 -2 619056079 -2 -2 -1 -2 -1 -1 -2 -1 -1 -2 -1 -2 -1 -2 -1 -1 -1 -1 -2 -1 -2 321117574 -2 -1 -1 684653286 61325365 -2 -2 -2 -1 -1 -1 -2 -2 -1 -1
-2 -1 -1 -1 -2 -1 -2 -1 316928152 553078896 -1 -2 -1 -2 -2 -1 -2 -2 -2 -1 -2 -1 -1 -2 -2 -2 -1 -2 -1 -2 -2 -1 -1 362008057 -1 -1 -1 -2 -2 -1 -2 -2 -1 -1 -2 -1 -2 -2 -1 -1 -2 -2 -2 -2 -2 52592409 -1 -1 -1 -1 -2 -2 -1 -2 -2 -2 -2 -2 -1 -1 -2 -1 245690175 -1 -2 -2 -1 -2 -2 -1 -1 -1 -1 -1 -1 -1 -1 -2 -1 -1 -2 -2 -2 -1 -1 26982922 -1 -2 -1 -2 648658227 -1 -1 -1 -1 -1 -1 -1 -1 -2 -1 -2 -2 -1 860073186 -2 -1 -2 -2 -1 -1 -1 -1 -2 -1 -2 -1 -2 -2 -1 -2 -2 -2 -1 -2 -1 -1 -1 -1 -2 -2 -1 -2 -2 -2 -1 -1 -2 -1 -1 -1 -2 334399087 868099775 -1 -1 -1 -2 -2 -2
80538821 -2 -1 -1 -1 -2 758672574 -2 -2 -2 -1 -1 -2 -1 -1 -1 -2 92801825 -1 578700766 -2 -1 -1 -1 -2 -1 -2 -1 -1 -2 -2 -1 813503990 -2 -1 -2 -2 -2 -2 -2 -2 -2 -2 465059389 -2 -2 -1 -1 -1 -1 -1 -2 -2 -1 -1 -1 -1 -1 -2 -2 -2 586496704 -2 -1 -1 -1 -1 -2 -2 -1 -1 -1 -2 -2 878360652 -2 -2 -2 -2 -2 -1 -2 -1 -1 -1 -2 -2 -2 -2 -2 -1 -1 586923143 -2 -1 -1 893107264 -1 -2 -2 -1 -2 -2 -1 -1 -2 -1 -1 841667684 -1 -1 -1 -1 -2 -1 -1 -1 -1 -1 -1 -1 -1 278405553 -2 -2 -1 -1 -2 -2 -2 -2 -1 -2 -2 -1 -1 -1 -2 -1 -2 -1 -1 -2 -1 751204607 -2 -2 -1 -1 -2 -2 -1 -1 -1 -1 -1 -1 -1 -1 926995875
-2 -2 -2 -2 -1 -2 -2 -1 -2 809364113 -1 808446592 -2 -1 -2 -1 -1 -2 -2 -1 -1 -1 -2 -2 -2 -2 -1 -2 -2 -1 -1 -1 -2 -2 -2 -2 -1 -1 -1 -2 -1 77253293 -1 -1 -2 -1 -2 -1 -1 -1 -2 -1 -1 -2 825076883 -1 -1 -1 -1 -1 -1 -2 -1 -1 -1 -2 398885277 -1 -2 807796614 -2 -1 -1 -2 -2 -2 -2 -2 -2 318114381 -1 -2 -2 -2 -2 -2 -1 413556778 -1 -2 526830630 -2 -2 -2 -1 -2 -2 -2 -2 -2 -1 -2 -1 -2 -1 -2 964448918 -2 333747135 -2 -1 -1 -1 -2 -2 377326993 -2 -2 -1 420884517 -2 -1 -2 -2 -2 -1 721088771 -1 -1 -2 -1 220807242 -1 -1 -1 574340713 -2 -2 -1 -1 -2 361344534 -2 -1 -2 -2 -1 -1 -1 -1 -2 -2 -1 -2 493367637 -1 -1 -2 -2 -2
-1 -2 -2 -2 -2 -1 757439919 -2 -2 -2 -2 -2 -2 336505190 -1 -1 -1 -2 -1 -1 -1 -1 -1 968772567 -1 -2 -2 -1 -2 -1 872414268 -2 -1 -1 -2 -2 -1 80963849 -1 -1 -2 -2 -1 -2 -2 -2 -2 -1 -1 -1 -1 -1 6007845 -2 -1 772264400 -2 -1 -2 -2 -2 -2 -2 -1 -2 -1 -2 178160700 -2 -2 -1 -2 -1 -1 -1 17066237 -2 -1 -1 -2 -2 223830450 -1 -1 739667041 -2 -1 -1 -1 -2 -1 -2 -1 254716453 -1 -1 -2 -1 -1 -1 -2 -2 84124092 -2 374442399 -2 -1 -1 -1 -2 -2 -2 -1 -2 -1 -1 710567367 -1 -1 -1 -2 -2 -2 -1 -2 -2 -2 -2 -2 -2 -1 -1 -2 -2 -2 -2 -1 -1 -1 -2 -1 -2 -2 226050287 -2 -1 -2 -1 -1 -1 41346826 -1 -2 -2 -1 -1 -2 -2 -1 -2
-1 -1 -2 -2 -2 -1 -1 121891605 -2 844605082 39218434 -1 -2 -1 322081122 -2 -1 -2 -2 -2 -2 492845793 -2 -2 -1 -1 -2 -2 -2 -1 971202258 -1 -2 -1 68286219 -2 -1 -2 -2 -1 -2 -1 735373219 782725893 -1 -2 -2 -2 -2 970259007 -2 -2 -1 -2 503712970 -1 -1 -1 906424512 224914127 -1 -2 -2 -1 -1 -2 -1 -2 -2 -2 -2 -1 -2 39851285 -2 -2 -1 -2 13757332 -1 -2 -2 263022050 -2 -2 -2 -2 -2 -2 798206318 -2 -1 -2 -2 -1 -2 -2 -1 -2 -1 -1 -1 -2 -1 -1 -2 -2 -1 -1 -1 -2 -2 -2 -2 870369981 -2 -2 -2 -2 -2 -1 -1 -1 -2 -1 -1 -2 -1 -1 -2 -1 400142459 -1 -2 -1 -2 -1 -1 -2 -2 -1 -2 -1 -1 -2 -2 -2 -2 -2 -2 -2 -2 -2 357118817 -2 -2 -2 -1 -1 479049949
814028475 -1 -2 -2 -1 -2 -1 -1 328072544 -2 -2 -1 -2 -1 -2 -2 -1 -2 -2 -1 -2 -2 -1 -1 800136693 -1 -1 -2 -2 242575641 -2 -1 437771571 -1 -1 535311078 -1 -1 -2 -1 -1 -1 -2 -2 -1 -2 -1 -2 -1 142144706 -1 225099692 590328067 -2 -1 -2 -2 170474691 -1 -1 -1 -1 -1 -1 -2 -2 194506353 -1 551726790 -1 -1 -2 -2 -2 -2 -1 -1 116102581 508505897 -1 -1 -1 783093417 -2 -2 -1 -2 -2 -1 -2 -1 -2 -2 -2 -1 -2 -1 -2 61915751 -2 -2 -1 -1 -1 -2 -1 -2 -1 -1 -1 -1 -1 704363693 484412583 538753494 -2 -2 44600081 -1 -2 -2 -1 -2 -2 -2 -2 -2 -2 573285601 -2 -1 -2 -2 -1 -2 -2 -2 -2 -1 -1 -1 -1 -1 473098332 -1 666073703 -1 -1 449851393 -1 -1 -1 -1 -1 -1 -2 562867259 -1 266435995 -2
-2 -1 -1 3877275 -1 -2 -2 -2 -2 -2 -2 -2 -2 -1 244834135 -1 -1 -2 -1 -2 -1 -1 -2 -2 -2 -2 -2 -2 -1 -2 -2 636544049 -2 -2 -2 -1 -2 -2 -2 -2 -2 -2 -1 -2 -2 -1 -1 -2 -1 -1 -2 -1 -1 -1 -1 263366757 -1 597958280 -2 -1 -1 -1 -1 706979421 -1 -2 -1 -1 -1 -1 -2 -1 -1 -1 -2 -2 -1 -2 -1 -1 -1 -2 -1 -1 -1 -1 -1 -1 -1 -2 -2 -2 -2 -2 -2 -2 272177051 -2 -2 -2 -1 -2 -1 -2 64095949 -2 -2 -2 -2 -1 -2 297663057 -1 -1 776932106 -1 -1 -2 -2 -1 -1 -2 -2 228805914 -2 -2 -1 -1 -2 -1 -2 -2 -1 -2 626874371 -2 -1 -1 -2 -2 -2 -1 -1 -2 -1 -2 -2 -1 -1 -1 145386713 -1 256069871 -2 -1 -2 -1 -2 -2 -1
-1 -2 -1 -2 -1 -1 -2 -1 -1 -2 -1 -2 -2 -1 -2 -2 -1 -1 -1 -1 -1 -2 -1 -1 -1 -1 -2 24881278 -1 -1 609933869 -2 -1 -1 -1 -2 -2 -2 -1 -1 -2 939204246 286710951 -2 -1 73844053 -2 -2 231928622 -2 -1 -1 -1 -1 -2 -1 -2 -2 -2 -1 -1 -2 -1 -2 894995049 -1 -1 -2 -2 -1 -1 872417803 -2 -1 -2 -1 -1 -1 -2 -1 -2 -2 -2 -2 -2 -2 -1 303806444 -2 -2 -2 885264927 -2 264504507 -1 -2 -2 -1 -2 -1 264716528 -2 -1 -1 686982469 999420143 -1 -2 931798634 -1 -1 -1 -1 551054558 -1 -2 -2 -1 -2 -2 -1 -2 -1 -1 -1 347829747 -2 -2 -1 -2 -1 -2 -2 -2 -1 -2 -1 -1 -2 -1 -2 -1 -1 -2 -1 -1 -1 -1 -1 48584785 -1 -2 -2 -2 -1 -2 -2 -2 -1 -1
-1 -2 -1 -1 455934723 -2 -1 -2 -1 -1 -1 -1 2066401 -2 -1 -1 -2 -2 550778781 -1 -1 -1 -2 -2 797204992 -1 -1 -2 513314013 -2 -2 -1 -1 -1 587211052 -2 -2 -2 -2 -1 702376390 992323982 -1 -2 -2 -2 -2 -2 -1 -2 -2 -2 -1 -1 -2 -1 -2 862469703 -1 -1 130842153 -2 -1 -1 839387726 -2 -2 -2 -2 -1 -1 -2 805665043 -1 -1 -1 -2 -2 -1 -1 38868593 -1 -2 -1 -2 67294451 -1 -1 615584978 -1 -1 -1 -2 -1 -2 -2 -1 -1 -2 -2 -1 -2 -2 -2 -1 -1 -1 -2 846244338 -1 -2 -1 -2 -2 -1 -1 -1 -1 -2 136665625 -1 -1 -1 -1 -1 -2 -2 -2 478474665 -1 -2 -2 -1 -1 -2 -2 -2 -2 -2 -1 546378663 -2 -2 -1 -2 -1 -2 -1 -1 -1 -1 -2 -2 -1 -1 -1 -1 934279757 -1 -1
-1 -1 -1 -1 -2 -1 -2 -1 30284174 -1 -2 -1 -2 -2 -1 -2 483516528 -1 -1 -1 -2 -2 -1 -2 -1 -2 -2 -2 -1 -2 -1 778133278 -2 -1 -2 -1 -1 -2 -2 15593661 -1 524211762 -2 -1 -1 557713416 -1 -2 -1 -1 -1 -2 -2 -1 -1 -2 -2 -1 -2 -1 -2 -1 -2 -2 -2 33564432 -2 -2 -1 -1 -1 538738082 -1 -1 -1 -2 -2 -1 -2 -1 -2 -1 -1 -1 -2 -1 -1 -2 -1 636672916 -2 -1 -1 -2 -2 -1 -2 -2 -2 -2 -2 -1 -1 -2 -2 -1 -2 -2 -1 -1 -1 -2 -2 -2 -1 -2 -1 246483075 -2 65217960 -2 -1 -1 -1 -2 -1 -2 -1 -1 -2 525763144 -2 -1 -2 -2 -1 -2 914175023 -1 -1 -2 -1 -1 -2 -2 571476418 -1 -1 -1 996565676 -1 -1 -1 219711006 -2 -1 -1 -2 -1 -2
-1 -1 -2 -2 -1 -2 -2 -1 -1 -1 -2 -1 -1 -1 -1 -1 -1 -1 -1 -1 -1 406050757 -1 -1 -2 -2 -1 -2 -1 -1 -1 -2 -1 -1 397503737 -2 -1 -2 503955775 73342106 -2 -1 -1 -1 -1 -1 633921821 -2 -2 619744892 966092088 854984360 -2 -1 -1 -2 -1 -1 -1 -1 -1 -2 -2 -2 -1 -1 -2 -2 -1 -1 -1 -1 -1 -1 -1 -2 -2 -1 -2 -1 351284423 -1 -2 -2 -1 -2 -1 -1 -1 -1 -1 -1 -2 -2 -2 -1 -2 -1 -1 767291398 -2 -2 -2 -2 -1 -2 -1 -1 -1 -1 -1 -1 -1 -1 -2 -2 -1 -1 870597545 -2 475242165 -2 -1 -2 -1 -1 -2 -1 -1 -2 -2 -2 -2 -1 -2 -1 -1 -1 -1 408722891 -1 -1 -1 -2 -1 -1 -2 -1 -1 -1 -1 -1 -1 -1 -2 -1 983580211 201506348 -1 -2
-1 -2 -2 -2 -2 -2 -2 -2 -2 691541930 -2 -1 -2 -2 -2 -2 -2 -2 -2 -1 -1 -1 -2 -2 -2 -1 -1 -1 -2 126317558 -2 658231707 -1 -2 -2 -1 -2 -2 -2 -2 -2 -1 -2 -2 -2 -2 -1 -2 -2 -1 -1 -1 -1 -1 386098105 584774115 -1 655545910 366930581 -2 -1 -1 -2 976360845 -2 -1 -1 -2 -1 -1 -2 -2 -1 -2 -1 -2 -2 -2 -1 -1 275784076 -2 -1 -1 -1 -1 -2 -1 -1 -2 -2 -2 -2 -2 -1 -2 -2 -1 -1 -1 -2 -1 -2 -1 -1 -1 -1 -2 -2 -2 -1 -2 32807462 -2 -1 662954534 -1 -2 -2 45572249 -1 -1 -1 -2 -2 -1 -1 -2 -2 359456916 -2 -2 -2 -2 819701881 -2 197381691 -1 -1 -1 -2 982307454 -2 -1 -1 -2 -2 -1 -1 -1 897347580 -1 -1 -2 304091084 -2 -2 -2 -1 -1
-2 -1 -1 878131419 -2 -1 -1 -2 690333799 -1 -2 -2 -1 -1 -2 -1 -1 -1 -1 -1 -2 -2 -1 -1 -1 -2 678653206 -1 231271526 -1 -1 -2 -1 -2 -2 -2 -2 700985978 -2 -1 -1 -1 -1 -1 -2 -2 -1 -1 -2 -2 -1 -1 -1 -1 -2 -1 -1 -1 -2 -1 -1 -1 -1 -2 -1 -2 -1 -2 -1 -2 -1 -1 -1 -1 -1 -1 -1 -1 -1 -2 -2 -2 -2 -1 -2 -2 -1 -1 -1 -2 -2 -1 -1 -2 -1 -2 -1 -1 -1 -2 -1 -2 357038571 -2 -1 319326125 -1 -1 -1 -2 -1 -2 -2 -2 -1 -2 906179542 -1 -2 -2 409664223 -1 454607130 -1 -1 317485400 -1 -1 275109360 -2 -1 -2 -2 29226091 401326242 -2 -2 -1 -2 -1 -2 -2 -1 -1 -2 -2 -1 -1 -1 -1 -2 759099928 -2 448835329 -1 238221822 -2 -2 -1 -2
-2 -2 -1 -1 -2 -2 -1 -2 476821697 -2 -1 -1 -2 -2 -1 -1 -2 626026217 -2 275296080 -1 -2 716095035 -2 -2 -1 -1 -1 -2 399612239 70863341 -2 -1 -2 -1 -1 -2 -2 -2 -2 -1 -2 -2 -2 -1 -2 -1 -1 -2 -2 -2 -2 -2 -1 -2 -2 -1 -1 -1 -1 -1 -2 -2 -2 -1 -2 -1 -2 418432099 -1 -1 -2 -1 998437431 -2 -2 -2 -2 759560481 -2 -1 -1 -1 -1 -1 -2 -1 221758422 -2 -1 -1 -2 -1 -2 499320321 -1 -2 -1 -2 436456475 -2 -1 -2 -2 -2 -2 -2 -1 -2 -2 -1 -1 -2 -1 -1 -2 467316094 -2 -2 -1 -2 -2 -2 -2 94069241 -1 -2 -1 -1 -1 -2 -1 -1 -2 -2 -1 -1 -1 -1 -1 -1 -2 -1 -1 -2 -1 -1 -1 320987741 -1 -1 -1 -2 -2 -1 -1 -1 -2 -1 -1
-2 -2 -2 -2 -2 -2 -2 -1 -2 -1 -1 -2 -1 -2 -2 -1 -1 -1 -2 -1 -2 -2 -1 -1 -1 -1 -1 -2 778192456 -1 375801387 -1 -1 -1 -1 -1 -1 -1 -1 405393429 -2 -1 -2 -2 -2 -1 -2 -2 -2 -2 -1 -2 -2 -1 -1 -2 679388681 -1 -1 -2 -2 -1 -2 -1 -2 -2 -2 -1 -1 -1 -2 450455738 -1 -1 251604999 -1 -1 -2 -2 -2 -2 -2 -2 -2 -2 -2 -2 -1 -2 -2 -1 -1 -1 -2 -2 -2 -1 -2 -2 -1 -1 -1 -1 -2 -2 -1 873874222 -1 -1 -1 101268036 -2 -1 -1 -1 -1 -2 -2 -1 -2 -2 -1 -2 -2 -2 -1 -1 -2 -2 -1 -2 -1 -2 -2 -1 -1 343319446 -2 730192224 -2 -2 -1 -2 -1 -1 -1 -1 -1 -1 -2 -1 -2 507586553 15403333 -2 -2 -2 -1 -2 -1
-2 -2 -1 -1 -1 107362482 -1 -2 144456204 -1 635361786 -1 -1 -1 925543520 -1 -2 -2 -1 -2 -1 -2 -2 -2 -2 -1 -2 -2 -2 -2 -2 -2 -2 678962101 -2 181079454 -1 -1 -1 -2 -1 -1 -2 -2 -1 -2 -2 -2 -2 -2 -1 -1 -2 -1 -2 660303158 -2 -2 -1 -1 -1 -2 -2 -1 39881532 -2 486529562 -1 -1 -2 -2 -2 -2 -2 -2 -1 -1 -1 -1 -1 -2 -1 -2 -1 -1 -1 -1 -2 -1 -2 -2 -2 -2 -2 -2 -1 -2 -1 -1 -2 -2 -2 -2 -1 -1 -2 -2 -2 -2 -1 -2 -2 -1 -2 -1 -2 -1 -1 -2 -1 -2 -2 -1 -2 -1 -1 -2 -2 -2 273129309 -2 -1 -2 -2 -1 -1 48800705 -2 -2 688367387 -2 -1 -1 -2 -1 -1 -1 -2 -1 -2 -1 -2 963498573 -1 -1 -1 -1 -2 -2 -2
-1 -1 -2 -2 653008579 -2 -2 -2 -2 264360619 204909214 -1 -1 -1 -1 -1 711766291 -1 -2 -1 -1 -1 -1 -1 -1 648949254 -1 -2 -1 -1 -1 -2 -2 -2 -1 -2 -2 -1 -2 -1 -1 -2 -1 -2 -2 -2 -2 -2 -2 -2 -1 -2 -2 -1 -1 -1 -1 -2 -1 -2 -1 -1 -2 -1 -2 -2 -2 -1 -1 -2 -2 -2 -2 -1 -1 -2 -2 -1 -1 -2 -2 -2 -1 -2 -1 -1 -2 -1 -2 -1 420711220 -2 -2 -1 918485962 -1 -1 376829567 -2 -2 -1 -1 -2 -1 -1 -2 -1 -1 389492309 -1 -2 -2 -2 832750113 -1 947717450 -1 337381047 468461371 -1 -1 -2 -1 -2 -1 -2 -2 -2 -2 818391796 -1 -1 -1 -2 -1 -1 -2 913930591 -1 -1 -1 -1 -1 -2 -2 -1 -1 -1 930891898 -2 -1 -2 -2 -2 -1 -2 -1 -2 -2 -2
-1 -1 -1 -2 -1 -1 -2 -2 -2 -1 -2 -1 -2 -2 -1 539933222 -1 -1 74070455 62924698 -1 -1 -2 -2 -2 -1 -1 -1 -1 -2 -1 -1 436851296 -1 -2 -2 -1 -2 -2 -2 202890321 -2 -2 -1 -2 -1 -1 -1 -2 -2 -2 -2 -1 -2 -2 -2 -1 -2 -1 -1 796162902 -1 -2 -1 -1 -2 -1 -1 -1 97435742 283327068 -2 -2 -2 -2 -2 -2 -2 -1 -1 401817127 -2 -2 -2 -1 -1 -2 -1 -2 -1 -2 -1 -1 -1 -2 -2 -2 -2 -1 808095039 -2 -1 -1 -2 -2 -2 549940120 -2 622656819 -2 -2 -1 -1 -2 639249787 -2 -2 -1 -2 476580453 -2 -1 -1 -2 448293020 -2 -1 -1 -2 -1 -2 -1 -1 -1 -2 -2 -1 795574395 -1 -2 -2 -1 -1 638518004 -1 -2 -1 -1 -1 -1 -2 -2 -2 -1 -1 -1 -1 -1 -1 -2
60775706 -2 -2 -2 -1 992922537 -2 -1 -1 -1 -2 -2 -2 -2 -2 -2 -2 -2 -1 -1 -1 -2 -1 445377200 -1 931350112 -1 -2 -1 -1 -1 -1 -1 -2 -1 -2 -1 -1 -2 -1 -2 228305238 -1 -1 -2 10018490 647395268 -1 138898994 -2 -1 -1 671538469 858235233 -2 -1 -1 -2 -1 -1 -1 -2 -2 687952936 -1 -1 -1 -2 -1 -1 -2 -1 -2 -2 -2 -2 -1 -1 -2 -1 -1 -1 -1 862017061 -2 -2 441741748 -1 -2 975136010 -2 -2 -1 -2 -1 -1 -1 -1 -1 -1 406548590 -1 -1 773612908 -1 -1 -2 -1 -1 -1 -1 -2 -2 -2 -1 -1 -1 -2 -1 -2 -1 -1 -1 -1 -1 -1 -2 -2 -2 -2 -1 -2 -2 -1 -2 -1 -2 -1 -1 -2 -2 -1 -2 -1 -2 -2 -2 -2 -1 -2 999752090 -2 170956570 -2 -2 -2 -2 -2 -1 -1
-1 -2 -1 -2 -1 -2 -2 -1 -1 -1 -2 -2 -1 -2 -2 -2 -2 -1 -2 830883386 -2 -2 -2 -2 -2 -2 -1 -1 -2 370802286 157213950 -1 156070057 -2 -1 -2 -1 -2 -2 -1 -1 -2 -2 853994447 -1 -2 -1 -2 -2 -1 -2 618770273 -1 -2 733921285 73935811 -2 -1 842815391 -1 -1 -1 -1 -2 -1 -1 -2 -2 -1 -2 -2 -1 -1 -1 -1 -1 -2 -2 -1 -2 -2 -1 -1 -2 -2 -2 -2 48002410 -1 -1 -2 -2 -2 -2 -1 -1 -1 -2 -2 -2 -1 697239981 -1 -2 575425275 -2 -1 -2 -1 -2 -1 841275798 475959323 -1 -1 445806648 -1 -1 -1 590427768 -1 -1 -2 -1 -1 -1 -1 521563244 -1 -2 -2 -2 -1 -1 -2 -2 -1 -1 -1 -2 -2 -2 -1 -2 -2 -2 -1 -1 -1 -1 -2 -1 -1 -2 -2 -2 -2 -2 -2 938807212
-2 -2 -1 -1 -1 121567200 -1 -2 -1 -2 -2 -2 -1 -1 -1 -1 262784514 -2 -2 -1 -2 -2 -2 -2 -1 856981180 -2 -2 -2 -2 -1 -1 262374998 -2 -2 -1 -1 -2 -2 568942428 -1 -2 -2 -1 -2 -2 -1 -2 -1 -1 -2 -2 -1 -1 952064055 -2 -1 -2 -2 -1 -2 -1 -2 -2 -2 -2 -2 -1 -1 -2 -1 -2 -1 -2 -2 -1 -1 -2 -1 -1 -1 906191804 -1 -1 -1 -1 -2 -2 -2 -2 -1 -2 -1 -2 -2 -1 -2 -2 -2 -2 684838173 -2 -1 -2 -2 -2 -1 -1 -2 -2 -2 -2 -2 -2 8212255 -2 -1 -1 -2 -2 -1 -1 -1 -1 -2 -1 -2 105956535 -2 -1 -1 -1 -2 586942940 -2 -1 -2 -2 914497782 -1 -2 604411536 -1 -2 -1 -2 -2 -1 -1 109491880 -1 -1 -2 -1 -1 -2 -1 -2 -2 -2
-1 -2 810072805 -1 -2 -2 -2 -2 -1 -1 -2 -2 -1 -1 -1 -2 -2 -1 -1 -2 -2 -2 -2 -1 -1 340450638 -2 -2 -1 -2 -1 -1 -1 -1 -1 -1 -2 -1 -2 -2 -2 -1 -1 -1 -2 773549512 -1 -1 -2 -2 -2 -1 -2 -2 -2 -1 -2 -2 -2 -2 -1 -2 -2 -1 -2 -1 -1 420127690 -2 -2 -2 -1 40220739 -2 -2 -2 -2 -2 -2 -1 -1 -1 -1 -1 -1 -1 104159446 -1 -1 -2 -2 -1 -2 -1 -2 -1 904202913 -2 -1 -2 -2 -2 47470959 35588863 -1 -1 -2 101981005 783092560 -1 649327364 -2 183119408 920722305 367826684 238156604 -1 -1 646024649 -2 -2 -1 61724982 -1 -2 113491358 -1 -2 -2 -2 -1 -2 -1 -2 -1 -2 -2 -1 -1 -2 -1 -2 -1 -1 -2 -2 -1 -1 -2 -2 -2 -1 -1 370325013 -2 -1 -2 -1 -1 -1
78378667 -1 -2 -2 -1 -2 -1 -2 989107415 -1 -1 -2 -1 -1 -1 -1 -2 -1 -1 -2 -2 -1 -2 -1 -2 -1 405266439 -2 -2 -2 -1 -1 -1 -1 -1 -1 -1 -2 -1 -2 -2 -2 -1 -2 -1 -2 -1 -1 -1 -1 -1 -2 -1 -2 -2 581664360 -1 -1 -1 -1 -1 -1 -2 324813957 -1 -2 -2 -2 -1 -1 -1 -1 -2 -2 -1 -2 -2 -2 -1 -2 697858387 -2 -1 -1 -1 -1 122734615 -2 -1 -1 -2 -2 -2 -1 -1 -2 744050902 -2 -2 -1 -2 -1 -1 -2 -2 -1 -1 469619806 -1 -1 -1 -1 -1 -2 -1 -1 990654942 -1 -1 801560543 -1 -1 -2 -2 -2 -1 -1 -2 -2 -2 -2 -1 -2 -1 -1 -2 -1 -2 -2 -1 -2 -2 -1 -2 -2 -2 -2 -2 -1 -1 -1 -1 -2 473308717 -2 -2 -2 -2 -1 -1
-2 -2 -1 -1 -1 -2 729146137 -2 -2 825302505 -2 845950176 65202319 -1 -1 -2 -1 -2 158161090 -2 -2 -1 -1 235154999 -2 -2 -1 -2 -1 918473832 -1 -1 297394884 -2 -1 -1 -1 -1 -1 -1 -2 -2 -1 -1 -2 717878632 -2 -2 -2 -1 -2 -1 -2 -1 899682497 -2 -1 -2 19565584 -2 -1 -2 -1 -1 -1 -1 -2 -2 -2 -1 -2 -2 -2 -1 -1 -1 -2 -2 -1 -2 -1 -2 -2 -1 -1 -2 -1 -1 -1 -1 -2 -2 136216908 -1 -2 -1 -1 -1 801591416 836503617 -1 -2 -1 -1 -1 -2 -1 -2 -1 938753536 -2 66586432 -1 -1 -1 -2 -1 -1 -2 -1 -2 -2 -1 -2 -1 -2 -1 -2 -1 -1 -2 -2 97466640 -1 -1 -1 -2 -2 -1 -1 -2 -2 -2 -1 -1 -1 107156760 -2 -2 -2 -1 -2 -1 -1 -1 -2 -1 -1 -2 -1
-1 -1 -1 -2 -2 -1 -1 -2 -1 -1 -1 -2 -2 -1 -1 -2 -2 -1 -2 -1 -2 -1 -2 -2 -2 522388657 -1 -2 -2 -1 -1 -1 -1 -2 -2 -1 -1 -1 -2 -2 -2 -1 -2 -2 -2 -1 504106444 -1 -1 94620063 -2 -1 -2 220362147 -1 598197680 -1 -2 -1 858926525 -1 -2 8160142 -1 -1 -2 -2 -1 -2 -1 -1 -2 -1 -2 -1 -2 145715816 -1 628408272 -1 -1 -1 -2 -1 -2 -1 -1 -1 -1 -2 -2 -2 -2 -1 -1 -1 -2 -2 -2 -2 -1 -2 -1 -2 -1 -1 -1 -1 115128804 -2 -1 -1 -2 -1 -2 -1 -2 -2 -2 -1 -2 -2 -1 583223809 -1 -2 851551546 -1 -1 -2 -1 -2 -1 -2 -2 -1 -2 -2 -1 -2 -2 903141121 -2 -2 -2 -1 -2 -1 -1 -2 -1 -1 -2 -1 -1 105507135 -1 -1 -2 -2
-1 -2 -2 -1 -1 -1 -1 -2 -2 -2 -2 -2 -1 -1 -1 -1 -2 -2 -1 -1 -1 -1 -2 651094860 -1 -2 -1 -2 -1 -2 -1 -1 -1 -2 -1 -2 -1 685100855 -1 -2 -2 599651181 -1 -2 -1 -1 -1 444630191 -2 982615723 -2 -2 948744320 -2 -2 -1 694485431 -2 -1 -1 -1 -2 -1 -1 -2 -1 -2 -1 -1 -2 504069630 -1 -1 -2 -1 -2 -1 117093599 -2 -1 -1 -1 -2 -2 -1 -2 -1 -2 -2 -2 803476057 -1 -1 -2 -1 -1 -1 31043431 -1 -1 -2 -2 -1 -1 -2 -2 -2 -1 950199245 -1 -1 -2 -1 -2 -1 -2 55490778 -1 -2 -2 -1 -1 -2 -2 558432535 -1 -1 -1 -2 -1 -1 -1 -2 -1 718605642 -2 -1 -2 -1 -1 829528374 -2 -2 -2 -2 -2 -1 327286505 -1 -1 -2 -2 -1 -2 -2 -2 -1 -1 -2 -2
-2 567305253 -2 -1 -2 766071107 -1 -1 454712744 -2 -2 49120732 -2 -2 -2 -2 -1 -1 -1 -2 -1 -1 -1 -1 -1 -2 -2 -2 -1 -1 -2 -1 -1 -1 -2 120140881 -1 207876730 581182455 370771557 -2 -2 -1 -1 -2 -2 -2 -1 -1 -1 152216622 -2 -1 -2 -2 -2 -2 -2 -2 -2 -2 -2 -2 889572621 -1 -1 -1 -2 -2 -1 -2 -2 -1 -1 -1 -2 -2 -2 -1 -1 -1 -1 -2 -1 -1 -1 -2 -2 -1 -1 -1 -2 -1 -2 -1 -1 -1 -1 -1 -1 -1 -2 -1 -1 -2 -1 -1 -2 -2 -1 -2 -2 -2 -2 -2 -2 638381838 -1 -1 -2 -2 -2 -1 237092330 -1 -2 -2 -1 -2 -2 -1 -2 -2 -1 -1 368084528 -2 -2 -2 250659121 -2 -1 -2 -2 -1 -2 -2 -1 -2 -2 -1 -1 -2 -1 -2 -2 -1 -1 -2 -2
-2 -1 -1 -1 -2 -1 -2 268075385 -1 407638116 -2 -1 -2 -2 -1 -1 -2 -2 -1 -1 -1 -2 -2 498978647 -1 -2 -1 -1 -2 -1 -1 65829734 -1 -2 -1 -1 -2 -1 -2 159624853 -2 -1 -1 -2 -1 -2 -2 -1 -2 -2 -1 -2 -2 -1 -1 828824196 384148421 -1 -2 -2 -1 -2 -1 -2 -2 -1 -1 -1 -1 -2 -2 447234921 -2 243554591 -2 -1 -2 -2 -2 -2 707624153 -2 -1 -2 -1 -1 -2 -2 -2 -2 -2 -1 -2 -2 -1 -2 -1 -2 -1 -1 -2 -1 82350071 -1 -1 -1 -1 160114624 -1 -1 -2 -2 254172890 624692277 -2 -2 388821697 -1 -2 -1 -2 862917530 -1 -1 -2 -2 -1 50685592 -2 -2 -2 -1 -2 -1 -1 -1 -1 -1 -2 -2 -2 -1 -1 -2 -1 -2 -2 -2 -1 -1 -1 -1 -2 -2 -2 -1 -2 -1 -2 764591609
-1 -1 -1 -1 245380316 -2 -1 -1 36835870 -2 -1 199292984 -2 -2 -1 -2 -1 345757430 -1 -1 896255510 -1 -2 -1 -2 -1 530199476 -2 -2 -1 -2 -2 -1 -2 -1 266106871 -2 -1 -1 -2 -1 788250207 -2 -1 -1 -2 -1 -2 -1 -2 -1 -1 -1 -1 -1 -2 815065561 -2 -2 -1 -2 -2 -1 -1 -1 -1 -1 -1 -2 -1 -2 -1 531978844 -2 764289497 -1 773817430 -2 -2 -2 -1 -1 -1 -1 738036702 58115357 -2 -2 -2 -2 -2 -1 -2 -1 -2 -1 -1 -1 -1 -2 -1 -2 -2 -1 -1 -2 -2 -1 -2 -1 -2 -1 -2 -1 -1 155563479 -1 861027609 -1 241156655 -1 1613771 -1 -2 -2 681795722 -1 -2 -1 621428779 -2 -2 -2 -2 -1 886248710 -2 -2 -1 -2 -1 -1 -1 -2 -1 982920413 -1 -1 -1 64507019 -2 -1 -1 657826448 44394907 -1 -2 -1 -1 -2
-1 -2 -1 -1 -2 -1 -1 -2 -1 -2 -1 -1 -2 -2 -1 -2 144175407 -2 -1 -1 -2 -1 -2 -2 -1 232511123 -2 -1 -1 -2 -1 635567148 -1 -2 -1 -2 -2 -1 -2 -1 -2 283820967 -1 -2 -1 91438046 -1 -1 -2 232561276 -2 -1 -2 -1 -1 -1 -2 -1 -2 -2 -2 -1 -2 -2 -1 482882825 -1 -2 -1 -1 -1 -2 -2 993704626 -1 -2 -2 -1 -1 -2 246031805 -1 -1 -2 -1 -2 -1 -1 -1 -1 795166305 233733310 -1 -2 -2 -2 -2 -1 678272021 -2 69275177 -1 -1 -1 -2 -2 -1 -2 -1 -1 -1 -2 -1 -1 -1 -2 137901159 -2 -1 -1 -1 -1 -1 -1 86659708 -2 -1 -2 370684010 -1 -1 -2 -2 -2 -2 -1 -2 -2 -1 -1 -2 197448387 -2 -2 -1 -1 342123978 -1 -1 -1 -2 -2 -1 -1 -1 -2 -2 -1 701041833 -2
-2 -1 193150064 425783732 -1 -2 831070348 -2 -2 -2 -2 -2 -2 -1 -1 -1 -1 342238121 -1 -1 -1 -2 -2 -1 -1 -2 -2 -2 -2 -2 -2 -1 -2 -1 -2 -1 -1 -2 -1 -1 -2 -2 -2 -1 -2 -1 -2 -2 -2 -2 -2 -1 -2 -1 -1 -2 -1 -1 -1 -2 -1 -2 -1 -2 684941276 -1 -2 -2 -2 -2 -2 -2 -2 -1 -1 -1 -1 -2 -1 -1 -2 -1 -1 -2 -1 -1 628252473 -2 -2 -2 -2 -1 26683600 -1 -2 -2 -2 -1 -2 -1 -1 -1 -1 661437310 -1 -1 -1 -1 -1 317219680 -1 -1 -2 -1 -1 -2 -2 -2 -2 -1 -1 -2 -2 -1 -2 -2 810950026 -2 -1 -1 -1 -1 -2 -1 -2 -2 -1 -1 -1 -1 -1 -2 -2 -2 -2 544548954 -2 -2 -2 -2 -1 -1 -2 -2 -1 -1 -2 -1 -2 -2
-2 -2 -2 -1 -2 -1 -1 -2 -2 -2 -1 -1 -1 -1 -2 -1 -2 373646007 -2 -2 865908476 -1 -1 -1 -2 -1 -1 -1 -2 -2 -1 -2 -2 -1 -2 -1 -1 -2 -2 -1 -1 -1 -1 -1 -1 -2 861966958 -2 -1 760791 -1 -1 -1 -1 -1 -2 -2 -1 -1 995088732 -1 -2 280863286 882747869 -1 -1 -2 -1 277230883 -2 442311349 -2 -2 -2 -2 -2 -1 -1 -2 -1 -2 -1 -1 -1 -2 -2 -2 -2 -2 -2 -2 -2 -1 -1 -2 58475285 -2 -1 -1 -2 -1 -1 -1 -1 -1 -1 -1 -2 -1 -1 -2 -1 -2 -2 908974574 -1 -2 -2 171911650 -2 -1 -1 -1 -1 -1 -1 75417595 -2 -2 595575719 -1 -1 28352044 -1 -1 -1 -1 -2 -2 -1 -2 -1 664480011 -1 -2 -1 -1 -2 -1 -2 -1 -2 -2 -2 940015836 -1 -2 -2 -1 -2
-1 -1 -1 -1 -1 -1 -2 -1 203248531 -2 -1 -1 -1 640444039 686197687 -1 -1 434767673 -2 -1 -2 -2 -1 -1 221108844 -1 -2 9406152 -1 -2 -1 -1 -1 54505813 -2 -1 -1 -2 -2 -2 -1 -1 -1 -2 -2 -1 -2 -2 -2 -2 -1 -2 -2 974785775 -2 -1 -2 -1 -1 -1 -1 -1 -2 -2 704993445 -1 -1 -2 -1 -2 -1 -2 -2 -1 -2 -2 -1 -1 665500376 -1 -1 -2 -1 -1 -1 -2 -1 -1 -1 958031910 -2 -2 -1 978335903 -1 -2 -2 -2 -2 -2 -1 307423355 -1 -1 -2 -1 -2 -1 -1 -2 -1 -2 -1 -2 -2 -1 -2 937272872 -2 -2 -1 -1 -1 -1 -1 -1 35340383 -2 -2 -1 -1 -1 -1 213272941 997005159 128184864 -1 -1 -2 -1 -1 -2 -2 -2 479119657 -2 -1 -1 -1 -2 286057856 -1 -2 677720813 -1 -2 -2 -1 -2 -2
-2 -1 -2 596904387 -1 -2 -1 -2 -1 -1 -1 -1 -1 -1 -2 -2 81238216 -2 -2 -2 -2 -2 -1 -2 -1 -1 -2 -2 -2 -1 -1 -1 -1 -2 -1 -1 -2 -1 -1 -1 -1 -2 -2 -2 665041183 -2 -1 -1 -1 -1 -1 -1 -2 -2 -1 -2 -1 609863267 -1 -2 -1 -1 -1 -1 -2 -1 -1 -2 -1 -1 -2 -2 -2 -1 -2 -2 -1 -2 -2 -1 -1 -1 -1 -2 -1 801821150 -2 -1 -2 -1 -1 -1 -2 -1 -1 -1 -1 -1 36926227 -1 -1 571708512 -1 -2 -1 51772913 -2 -2 481916455 -2 -2 -2 -2 -1 -2 -2 -2 -1 -1 -2 -1 -1 -1 -2 -2 -1 -2 -1 -2 -2 -1 -1 -1 -1 -2 361513214 -1 -1 -2 -2 -2 878525666 -1 -2 -2 151410656 -2 -2 -2 -2 84100594 -1 -1 -1 279392893 -2 -1 -2 -1 -1
-2 -1 -1 -2 -1 -2 -2 -1 -1 -1 -2 -2 -2 -1 -1 -1 -1 -1 -2 -2 -1 -2 -2 -2 -2 -2 -1 -1 -1 -1 -2 -1 462812153 -2 111710894 -2 -2 -1 -1 -1 -2 -1 -2 -1 -1 -1 -1 -1 -2 -2 -2 -1 -2 -2 -2 -1 -2 -1 -2 -1 -2 -2 -1 -2 675334860 -1 -2 -1 220124125 -1 -2 -2 -1 -1 -1 -2 -2 -1 -1 -2 -2 -1 -2 -2 -2 -1 -1 -2 -1 820834551 -1 -1 -2 -1 -2 -1 -1 -1 -1 -1 -2 -2 -1 -1 -2 -2 -2 -1 -2 843684889 -2 -1 -2 -1 -2 -1 -1 -2 -2 -2 -1 -1 -2 -1 -2 -1 -1 -1 -2 -1 -1 -2 -1 -2 -1 -2 -2 -1 -2 -1 -1 -1 -2 -1 -2 -1 -2 -1 -1 -1 -2 -2 -2 -2 -2 -1 -1 -1 -1 -2
-1 -1 -2 -2 -2 608261728 -2 -2 -2 -2 -1 -2 633278209 -1 -2 54857420 -1 103566634 -1 -1 -1 -1 -1 -1 -2 -1 -2 -2 -1 -1 -2 -1 -2 -1 -2 -2 -1 -1 79588996 -2 345299131 -1 -1 -1 -2 -2 -2 -1 -2 -1 -2 937540028 -2 -2 964571541 -2 -1 -1 -1 -2 -2 -1 -2 -2 -2 -2 -1 -2 -2 -1 -1 -1 -1 -2 -2 -1 -1 -2 118908813 -1 -2 -1 -2 -2 -1 -2 -1 539067071 -2 -2 328965913 -1 -1 -2 -2 -2 -2 -1 -1 -1 -1 -1 621812565 -1 539269610 836944897 -2 -1 -1 -1 -2 474298519 -2 -1 502287632 -1 -2 -2 -2 -2 -1 -1 -1 -2 -1 -1 -2 -2 -1 -1 -1 -2 -1 -1 81524969 -2 -1 -1 -1 -2 -1 -1 -2 -1 6430776 -2 -2 -2 -1 -1 -1 -1 -1 -1 -2 -1 -2 56072500 -2 -2
-1 -1 -1 -2 -1 -1 -1 -2 -2 -1 -1 -1 -2 -1 -1 -2 -1 -2 -2 -1 -2 -1 -2 -1 -1 -2 -2 -1 -1 -1 -2 -1 384434789 -1 -2 -2 -2 -1 -2 -2 -1 -2 -2 -1 -1 -1 -2 -1 2435918 -2 -2 59336485 -1 -1 -1 -1 -1 274131822 -2 -2 -2 -1 -1 -1 277635430 -1 -2 -1 -1 -1 -1 -1 -2 -1 -1 -1 -1 -2 -2 -2 -2 -2 -1 -2 -2 -2 -1 -1 -1 -1 -2 -2 365130381 -1 -1 -2 -1 -2 -2 -2 -1 457129998 -1 -1 -1 -2 -1 -2 -2 -1 -2 966956079 -1 -1 -2 -1 290489494 -1 -1 -2 -1 -2 -2 -2 -2 -2 -2 -1 -1 -2 766698912 -1 -1 -1 -1 -2 -1 -1 -2 -2 -1 -1 -2 -2 -2 -1 -2 -2 -1 -1 -2 -2 -1 -1 -1 -2 -2 -2 -1 -1
660044934 489198616 -2 -2 -2 -1 -1 766359385 -2 43191295 -1 -2 -1 970110168 -1 -1 -2 -2 -1 -2 856236697 537709346 -1 -2 -2 -1 -2 -2 -1 -2 -1 594238043 -2 -2 -2 -2 -2 -1 -2 -2 622512668 -1 -1 -2 -1 -2 -2 -2 -1 -1 -2 -2 -1 -1 -2 -2 -1 -2 -1 -2 -1 -2 -1 -2 253605704 -2 882165165 -1 -1 -2 -2 -1 -1 -1 -2 -2 -2 367910778 -1 -2 -1 -2 -1 -2 -1 -2 -2 -1 -2 -2 -1 -2 228044193 909713305 -1 -2 -1 -2 -1 -2 -1 -2 3259272 -2 -2 -2 -2 -1 -2 -1 -1 -2 -1 -2 425029688 -1 -1 14863170 -1 -1 -2 -2 -2 -1 -1 -1 -1 -2 -2 678051765 -2 -1 -1 -1 -1 -1 -2 -2 -1 -1 -1 -2 -2 -1 -1 971171627 552587874 -2 -2 500036541 275389809 -2 -2 -1 -1 -1 -2 -1 -1 59332863
209508976 -1 -1 -1 -2 -1 -2 -1 -2 -2 -1 -2 -1 -1 -1 -2 -2 -2 -1 -2 989612377 -2 -1 -1 436325966 -1 -1 -1 -1 -2 -2 796471107 -2 -2 -2 -1 -2 191299189 -1 148961268 -2 -1 -2 -2 -1 -2 -1 -2 -2 -1 -1 -1 -1 -2 -1 -1 -1 -1 -1 256830746 -2 -1 -2 947245912 -1 -2 -2 -1 -1 -1 -1 -2 -1 -1 -1 -1 -2 -2 -1 -2 -1 -1 -1 -1 -2 450145709 -1 -2 -2 -2 -2 -2 -1 -1 -2 -2 -2 -2 -2 -1 -1 -2 -1 -2 856715246 -1 -1 -1 -1 -2 -1 959712444 -2 -2 -1 -2 -2 -2 -2 -2 -1 -1 -2 -1 -1 -1 -2 -2 -1 -1 395709820 -1 -2 -1 -1 153897598 684985263 178649089 -2 -2 -2 -2 -1 -1 -1 -2 -1 -1 -2 -1 -2 -1 -1 -1 353736261 -1 -2 -2 -2 -2
-1 -1 -1 -2 -2 -1 -1 -1 -1 -2 494512516 -1 -1 -1 -1 -1 -2 -1 -1 -2 -2 -1 -1 906592875 -1 -1 -1 -2 -2 -2 -2 -1 -1 -1 -2 -2 -1 991583541 -1 -1 -1 722166849 281204755 -1 -2 -1 -1 743866852 -2 -2 -2 -1 396633184 -1 114401930 -2 218589793 -1 -2 -2 -1 -2 -1 -1 -1 -2 -1 -1 -2 -2 -2 -1 -2 303906740 -2 418635170 -1 -2 -2 -2 -1 -1 328931298 -1 -2 -1 -1 -2 -1 -2 -1 -2 -1 -1 910744293 -1 -1 -2 -2 -2 -2 20486953 -2 -1 -2 -2 -1 -2 -1 -1 -1 -1 -1 -2 -1 -1 -1 -1 -1 -1 -2 136065876 -2 -1 -2 -2 -1 -2 -2 -1 -2 -2 -1 -1 -1 -1 60520599 874164300 -1 -2 -2 -2 -1 -1 -2 -2 -1 304227406 474463458 -2 -1 -1 -2 -1 -2 170796977 -2 -2 -1 -1
238837895 -1 -1 -1 -1 -1 -2 -1 -1 -1 -2 -1 -1 223523480 -2 265332483 -1 -2 -1 -2 -2 -1 -2 -1 -2 -2 -1 -2 994586645 -1 -2 851131141 -2 -1 -1 -2 -1 195482866 -1 -1 -2 -2 -1 -2 -2 -2 -1 -2 -1 -1 -2 -1 -1 -2 -1 -1 -1 -2 220811548 -1 870295144 -1 893921804 -1 -2 -2 -1 -1 -2 -1 -1 -2 -2 -1 -2 -2 -1 -2 -1 -1 -2 -2 -1 -1 -2 -2 -1 -1 735638379 -2 -2 -1 -1 484570439 -2 -1 -1 -1 -1 -2 877957311 -1 -1 -2 -1 -1 -1 -1 -1 -2 -2 811988184 -2 -1 -1 -2 -2 -1 -2 -1 370856667 -1 -1 -2 -1 -1 -1 519011244 -2 -1 -1 -1 -2 -1 -1 -2 -2 -2 -1 -2 -1 -2 -2 -2 -1 -2 -1 -1 -1 -2 270637014 -1 -2 -1 -2 -1 -1 -1 574459990 -2
58280114 -1 -1 -1 -2 -2 -2 -2 -1 -1 -1 -2 -2 -1 -2 403155753 365026909 -1 -1 -1 909184451 -1 -1 -2 -1 -2 674950041 -2 -1 579470099 -1 -1 -2 -2 812818181 -2 -1 -2 -1 -1 -1 665692070 -1 -1 -2 -2 -2 -2 -1 -2 -2 -1 -2 -1 -1 -2 388017164 -1 -2 -1 -1 -1 213356870 -2 -1 -1 -1 -1 -2 -1 -1 -1 819465440 -1 -1 -2 -2 75307885 -2 -1 -2 -1 -1 -2 -1 -1 -2 -1 -1 -2 -2 -1 -1 -1 168644583 -2 -2 -2 -2 -2 929241707 -2 -2 918630145 -2 -2 -1 -2 183944117 -2 -1 -2 -2 -1 835752388 187320672 -2 -2 -1 -2 -2 -1 780655199 -2 -1 -2 -1 -2 -2 -1 -2 343037783 -1 -2 -1 -1 -1 -1 -1 -1 -1 -1 -1 -2 -1 -2 -1 -1 -1 -2 -1 -1 -1 419956199 -2 -2 -1 -1 -1 909106038
-2 615852854 -2 786910990 -2 -2 -1 -1 -2 115642085 473155641 -1 -2 -1 549525649 -1 -1 714292521 -2 -2 -2 -1 -1 -2 -1 -1 -1 586923985 -1 -1 -2 -1 -2 -1 -1 -2 -1 -2 -2 965378434 -1 -2 -1 -1 -2 -1 -1 -1 331316198 848818749 -2 -2 -2 817230691 -2 247096670 -1 308599903 -2 -1 -2 -2 -2 -1 -2 -1 -2 -2 -1 -1 -1 -2 -2 771130083 -1 -2 475752852 -2 -1 714590740 -1 -1 -2 -1 -1 -2 -2 -1 -2 -1 -1 -2 -2 -2 286725329 -1 -2 -1 -1 -2 -2 -1 -2 -1 -1 -2 -1 643277565 -1 -2 91852033 167384134 -2 -1 -1 -1 242584888 -1 -2 -1 -2 485996253 -1 -1 22634555 -2 -1 -2 -2 -1 -1 -1 -2 507768804 -1 -1 -1 -2 -2 -2 494659738 -1 -2 -2 -1 -2 -2 -2 -1 -1 372780781 -2 -1 -1 -1 -2 -2 -1 -2 -1
