14 12
-1 -1 -1 -2 -2 -1 -2 642147351 763859189 -2 -2 -2
922921367 834111902 -1 -1 -1 -2 -2 -2 -1 -1 -1 -2
-1 -2 864477708 -2 -2 -1 -2 -1 -1 -1 -2 -2
-1 -2 33688475 -1 -2 -2 -2 -2 -1 -2 -2 -2
-1 -2 -2 -2 -1 -1 861648076 -2 -2 -1 154685025 -2
330437109 -1 -2 -2 -2 -2 -1 -1 -2 -2 677706861 -2
-2 -1 -2 -2 850736859 -2 -2 -2 -1 -1 -2 -1
-2 -2 768877216 -2 544327182 -2 -2 -2 -2 -2 -2 -2
-1 -2 -2 344387196 -1 -2 -2 -1 -2 -2 -2 985585260
-2 -2 118424657 -2 651448880 -2 -1 -1 -2 -2 -1 -2
-2 -2 843490494 -2 -2 -2 -2 -2 -2 -2 -2 -2
-2 -1 -2 -1 143788873 -2 -1 -2 -1 625548707 -1 -2
-1 -1 -1 -1 -2 -2 -1 -1 -2 -2 -2 452146977
-1 -2 -2 -2 -1 -1 -1 -2 -1 -1 -2 -1
