125 163
-1 -1 -1 -2 -1 -1 -2 -2 -1 493760408 -2 -1 -1 -1 84041715 -2 -1 -2 -1 -1 -2 -1 -1 -2 -1 -1 -1 -1 -2 -1 722171742 -1 705227449 -1 37494185 350320471 -1 776252619 -1 -1 -2 -1 -2 -2 -1 -2 -2 -2 -1 -2 732934921 -1 -2 446575412 -1 -2 -1 -1 -2 864801832 -1 210986453 -2 -2 -1 -2 -1 -1 -2 -2 629625091 -1 -1 -1 -2 -2 103657862 -2 298421754 -1 -2 641485856 -1 -1 -1 -2 -1 -1 -1 -1 -2 -2 -1 -1 -1 -2 -1 -1 -2 -2 -1 -2 -1 -2 -2 256972006 -2 253630599 -1 -1 -1 -2 -1 869068066 -2 -2 -2 -1 -2 -2 -1 -1 -1 -1 -1 -1 -1 -2 -2 -1 -2 -1 -1 867951982 990196017 -1 -1 -2 -2 -1 -1 -1 -1 -1 -2 -1 -2 -2 -2 -1 5434902 -2 -2 -2 -2 -2 -2 -2 -1 -2 -2 -1 -1
-1 -2 -1 -1 -1 -2 -1 -1 -2 -1 -1 -1 -2 -1 -1 -2 -2 -1 -1 -2 -1 -2 -1 -2 -1 -2 -2 -1 -2 -2 -2 -2 -1 -1 -2 -1 -2 -1 -2 -1 -1 -1 679791330 -1 -2 -1 -2 51602028 -2 -1 -2 -2 -1 -2 -2 -2 -1 -2 -2 -2 -1 -2 -1 -1 -1 -1 -2 -2 -2 156494148 -1 -1 -2 -1 -1 -1 -1 -1 -2 874765110 -2 -1 -1 -2 -2 -2 -2 -1 -1 -1 -1 -2 -2 -2 -1 -1 -2 -1 -2 -1 -2 -2 -1 208309139 -1 -1 -1 986222183 -1 -2 -1 -2 -1 -1 -2 -2 -1 -2 -1 -2 -1 -2 -1 -1 -1 801208230 -1 -2 -1 -2 -1 -1 171446335 -2 -1 -2 -2 22619870 -2 -1 -1 -2 -2 -2 -1 -1 -1 -1 -1 -2 -2 -2 -2 -1 -1 378045436 -1 -1 -2 -1 132302505 -1 -1
-1 -1 812407704 -2 -2 -2 -2 -2 -1 -1 -1 -2 -1 -2 -1 -2 -1 -1 -2 -1 -2 -1 -2 -1 -1 -2 488471263 -2 -1 -1 -1 -1 -2 -2 -2 -1 -2 616138158 -1 -1 -1 -1 -1 -1 391781692 430929549 -1 -1 -1 -2 -1 -1 -1 -1 -2 -2 -1 -2 -2 -1 -2 -2 -2 -2 -1 -1 -1 -1 -1 -1 -2 -2 -2 -1 -2 -1 53003395 -1 -1 -2 -1 -1 -1 -2 -1 -1 -1 -2 -1 -2 -1 -2 -1 -1 -1 -1 -2 -1 -1 -1 -2 -1 -1 763582921 57073153 -2 -2 -2 -1 -2 -2 547146432 -2 -1 -2 -1 -1 -2 -1 -1 -2 -1 -1 758902254 -1 -2 -2 -1 -1 -1 -1 -1 -2 -2 -2 -1 -1 -1 430848272 -2 -2 -2 -1 850562653 -2 -2 -1 -1 -1 -1 -2 -2 -2 -1 -1 -2 107474764 -2 -1 -1 -1 -2 -2
-1 -2 -2 -1 -2 -2 -1 -2 -1 -1 -1 -1 -1 -1 -2 -1 -1 -1 -2 -1 -1 -1 -2 -2 -1 -1 -1 -2 -1 -2 -1 -1 -1 -2 -2 -1 -1 -2 -2 -1 831285741 -2 -2 -1 -2 -1 -2 -1 -2 -1 -1 -2 -2 -2 -1 -1 -1 -1 -1 -1 -1 974250704 -1 -2 -1 -1 -2 -2 708069196 -2 104444064 -1 -1 -2 -1 -1 720982155 -2 128812724 -1 -2 -1 -2 -2 -1 -1 -1 -1 -1 -2 -1 -2 -1 -1 -2 174382726 -1 -2 -2 -2 -2 -1 -1 -2 -2 -2 -1 -2 -1 -2 -1 -1 -1 -2 -1 -1 -2 -1 -1 -1 -2 -2 133055777 609359923 283500159 -2 -1 -2 -1 -1 -1 -1 -1 -1 -1 -2 -2 -1 -1 -1 -2 485372830 37211074 -1 -1 981187927 747031004 -1 -1 -2 -1 -2 -2 -2 -1 -2 -1 -2 -1 72729612 248381992 -1 -1
-2 -1 -1 -2 -1 -2 -2 -2 -1 134699486 -2 -2 -1 -1 -2 -1 -1 520072806 541498636 -1 -1 634701344 -2 -2 174031763 -1 -2 -1 -1 -2 -1 -1 -2 -1 -1 -2 -1 -1 -1 -1 -1 -1 -1 -1 -1 -1 -2 -1 -1 -1 -1 -2 -2 752076160 291939042 -1 -1 -2 -1 -2 -2 -2 -2 -1 -2 -1 -1 -1 -2 -1 -1 -2 -1 654695592 -2 573736185 -2 -1 -1 498978937 -1 -1 -2 439203461 -2 -1 -1 -1 -2 -1 -1 -2 -1 -1 -1 -2 -1 -1 -2 -1 -2 -2 -1 -2 -2 -1 -1 -2 -1 -1 -2 -2 -2 -1 -1 358875871 -2 -2 241874263 -1 331084305 -2 -1 -2 -2 -2 -1 -1 -2 -1 604829588 -2 -1 -1 -1 -1 -1 -1 -1 -1 -2 -2 -2 -2 498485190 -2 -1 -2 103137042 -1 -2 -2 -1 -1 -1 -1 -2 -2 -1 -2 -2 -1 -1
-1 -2 -1 -1 -1 -1 -2 -2 -2 -1 -2 -1 -1 807054840 -1 -2 -2 -2 -2 -2 691759036 -1 -1 -2 -1 -1 -1 -1 -1 -2 -1 -1 -1 -1 -1 -2 -2 873404261 -1 -1 -1 -1 -2 -1 -1 378589596 -2 -1 -1 -1 -1 529606730 -1 -1 249935528 -2 -1 -1 -2 -2 -1 -1 -2 -2 -2 -2 -1 -2 -2 799781354 -2 -1 -2 -2 -2 -1 -1 -2 -1 -1 -1 -1 -2 -1 -2 -1 -2 -2 -1 -1 -1 -2 -1 -2 687066846 -2 -2 -1 874928306 -1 -1 -1 -2 655551160 -1 -2 -2 -1 267092164 -2 782458418 -1 -2 -2 -2 -1 -1 -2 -2 -1 -1 -1 -1 -2 -2 -1 -1 -1 -2 -2 -2 -1 -1 -1 42713921 -1 -1 -1 -2 -2 43939404 -2 109127483 -1 -1 -2 -1 -2 -2 -1 -1 -2 -1 -2 -2 -1 -1 -1 -2 -1 -2 -1 -1
-1 -2 -1 -1 -1 -1 -1 -2 -1 -1 -1 -2 -2 -1 -1 -1 854927241 -1 -1 -2 -2 -2 -2 868610065 -2 -2 -2 -1 -2 -2 -1 -1 -1 -1 -1 -2 -1 -1 -1 -2 -2 -1 -1 -2 -1 -2 -1 -1 -2 -1 -1 -2 -2 594455060 -1 -1 -2 -2 233313766 -1 -2 -2 -1 -2 -1 -2 100835642 -2 -1 -1 -1 -2 -2 -2 -1 -2 -2 -1 -1 -1 -2 -1 -1 -1 -1 -1 -1 -1 -1 -2 -1 -1 -1 -1 -1 -2 842661369 -2 -1 -2 103628441 -2 -2 -2 -2 -1 -2 556134474 -2 -1 -1 -1 -1 -2 -1 -1 -2 -2 -2 -1 -2 -1 -1 480091075 -2 -1 -2 -1 -1 -2 -1 199042316 293559706 -2 -1 -2 -1 782700714 -1 -1 -1 -1 -2 -1 -2 859613715 -2 -1 -2 -2 -2 -1 -2 -2 298434919 -1 -1 -1 -1 -1 -1 -2 -2
-1 -2 -2 -1 -2 650653962 -1 -1 -2 -2 -1 -1 -2 -1 -2 -1 -1 -2 465695027 -1 -2 -1 -2 -1 -2 -1 -1 -1 -2 -1 631064721 -1 -1 -1 -1 -2 -1 -2 -1 -1 -2 -1 655129374 -1 547692375 -2 -1 -1 -1 -1 -2 -2 -1 30681879 -2 -1 827528573 -2 -2 215442047 -2 -1 -1 -2 669968079 -2 -1 -1 -2 -1 -2 -2 -2 36723270 137855999 -2 -1 -1 -2 -2 136299198 -2 -1 -2 9218506 -1 421522794 -2 -2 -2 -1 132415279 -1 -1 -2 -2 -1 -2 -1 -1 -2 -1 -1 793562868 878895044 209918186 -2 -1 -2 -1 -2 66893744 -1 -2 -2 -2 -1 -1 -2 -1 -2 -1 -2 -1 941940352 -2 -1 -1 -1 -1 -1 -2 -1 -1 -2 -1 -2 -1 -2 -2 -1 -1 -1 -2 -1 -2 -1 -2 -2 -1 -1 -1 340001972 -1 -1 -1 -2 -1 -2 -2 -1 -1 -1
-1 -2 -1 -2 -2 -1 -1 -1 -2 -2 -1 -1 -1 -2 -1 -2 -1 -1 -2 -2 -2 -2 -1 928134448 -2 -2 -1 -1 -2 249301497 -1 -1 -2 -2 -2 -2 -1 -1 -1 -1 -2 -1 -2 -1 -2 -2 -1 -2 -2 -1 -2 -2 -2 -1 -2 -1 -1 -2 -1 -2 -1 -1 -2 -1 -1 -1 -2 -1 -1 -2 -2 -2 -2 -1 -1 -2 -2 -2 -1 -2 -2 -1 -2 -1 -1 -2 -1 -1 -1 -1 -2 -2 -1 -2 -2 -1 -1 -1 -1 -2 -2 -2 -2 -1 -2 -2 -1 180304910 -1 -1 -1 -1 -2 -1 -1 -2 -1 -2 -2 -1 -1 -1 -2 794235859 -2 -1 -2 -2 -1 -2 -1 -2 -1 -1 -1 6712303 -1 -1 -1 155673986 -1 -1 -2 -1 -1 -2 -2 18621383 -2 -1 -1 -2 -2 -1 928422121 -1 -1 -2 -1 -2 -1 -2 -1
-1 -1 -2 -1 -1 -2 -1 -1 -2 -1 -2 -2 -1 -1 -1 534413757 -2 -2 -2 -1 -2 -1 -2 -1 -2 -1 -2 -1 -1 -2 -2 -1 -2 359527777 -1 -1 754184352 -1 -2 158355072 -1 -1 -1 -1 -2 -2 -1 -1 -1 -1 -1 -2 -1 238883332 248140973 -1 -1 -2 -1 -2 -2 -2 -1 406483069 -1 -2 -1 -2 -2 -2 -2 -1 -1 -1 -2 -1 -2 -1 -1 -1 -1 -1 -1 -2 -1 -2 -2 -2 -1 -1 -2 -1 -2 -1 -1 -1 950210425 -1 138676753 73016910 -1 -2 -1 -1 -1 -1 -2 -2 -2 -2 -2 -1 -1 -1 -1 -1 -2 -2 -2 -1 -1 -1 125451346 -1 -2 679299692 -1 -2 -1 605112420 -1 -1 -1 -1 -2 -2 -2 -2 -2 -1 -2 -2 254229 -1 -1 -2 -1 -1 -1 -2 -1 -2 -1 -2 -1 -1 -1 -2 -1 -2 -1 -1 -1
-1 -2 -1 440918770 -2 -1 -1 919640236 -1 -2 210132883 -1 -1 -2 -2 -1 -1 -1 -1 -2 -2 -2 -2 -1 -2 -2 -2 -2 -1 -1 -2 -2 -2 -2 -1 -2 -1 -2 69200381 118980014 -1 -2 -2 -1 -2 -2 -1 -2 -1 -1 -2 -2 -2 -1 -2 243957717 -2 -1 -1 -2 -1 -2 -1 -2 -1 -1 -1 -1 -1 -1 -1 85424522 761437998 -1 -2 -2 -1 -1 -1 -1 -1 -2 -1 167803772 -2 -2 -1 -2 -1 -2 -2 -2 -2 -2 158594874 -2 -1 -1 -1 921861198 221396265 -1 318046533 -1 -1 -1 -1 -1 -1 -2 -2 -2 -2 686445273 -2 -1 -2 -1 -1 903088074 -1 -1 -2 -2 -2 -2 -1 -1 379426937 -1 107453637 -1 -2 -1 -2 -1 -2 -1 -2 -2 -2 -1 -1 150033114 -2 -2 -1 -2 -1 -2 -1 -2 -1 -1 -1 -1 -1 256839813 -1 -1 83952292 -2 -1
720297473 -1 -1 -2 -1 -1 -1 -2 -1 -1 -2 -2 -2 -1 -2 -1 -2 -2 -2 -1 874125617 -1 432909411 -1 -1 -1 -1 -1 667052153 -2 122692237 639925086 -1 -1 -1 -2 -2 -2 -2 -2 -1 -1 -2 -1 -1 -1 -1 -2 -2 -1 -1 -1 816558581 -2 -2 -2 -1 -1 -2 -2 -1 -1 -2 -1 -1 -1 -1 -1 505680151 -2 329338078 19212492 -1 865141115 -1 -2 -2 -1 -1 -2 -2 63687042 -2 -2 -1 536078992 -2 -1 -1 -2 -1 -1 -2 -2 -1 -1 -1 -2 -2 -1 -1 -1 -1 -2 -1 -1 -1 -1 -2 -2 -1 -1 -1 -2 -1 -2 -1 -1 -1 541849522 -1 -2 -2 -1 -1 -2 -2 364722620 -1 -2 -1 -2 -1 -1 -1 -1 -1 -2 -2 -1 553979413 -2 -1 -1 -1 -2 -1 -1 -2 -1 658099735 -2 -1 -1 -2 -1 -1 -1 -1 -1 -2 -1 -1
-1 -2 -1 -2 -1 -1 -1 -1 -2 -1 -1 -2 -1 -2 -1 -2 -1 -1 -1 525096687 -1 -1 -2 -2 -2 -1 607922575 -2 -1 -2 -1 -1 -1 -2 -2 -1 -2 -1 -1 109903578 -2 836406510 -2 -1 164456644 -1 -1 -2 -2 -1 -2 -1 -1 -1 355084152 -2 -1 -1 -1 -2 -1 -1 -1 -2 -2 -1 -1 -1 -1 -2 -2 -2 -2 -1 -1 -1 -1 -2 -1 -2 -1 81179622 -1 -1 -1 -1 -1 -2 -1 -1 974373581 -2 -1 -2 -1 -2 -1 -2 756045844 -2 -2 -1 -1 -1 -2 -1 -2 -2 -2 -1 -2 -1 -2 -1 -1 -1 596557537 -2 -2 96589475 -1 -2 -1 -1 -2 -1 -1 -2 -1 -1 -1 -1 -1 -1 -1 -2 641938014 -1 -1 570296570 -1 -1 -2 -1 -1 -1 -2 211656158 -1 -2 -2 243250438 -1 -1 -1 -1 -1 -1 -1 -1 -1 746285845 -2
-2 -2 -1 -1 -1 -1 -2 -1 -2 -1 -1 -2 -1 -1 -1 -1 -2 -1 -2 -2 -1 890374905 -1 -1 -1 -2 558537852 -1 -1 -2 -2 -1 -2 -2 -2 -1 190230792 -1 -2 818279217 -1 -2 -2 612144845 -2 -1 -2 -1 -2 -2 -1 -1 -1 -1 -1 -1 -1 -1 -2 -2 -1 -2 268978383 -2 -2 -2 -2 893061487 758774623 -1 -1 -2 -1 -2 -1 -1 -2 -1 -2 -1 -2 -1 -2 -1 -1 -1 -1 197963419 -2 -1 -1 -1 -1 153249825 -1 849238424 -2 -2 -1 -2 -1 -1 -1 -1 -1 -2 461252333 -2 -2 -2 -1 -2 -1 -2 -2 913908231 -1 -1 -2 -2 -2 423357198 -2 143997157 -1 -2 -1 -2 -2 -1 -1 -1 213824896 -2 -1 -1 -2 -1 -1 -1 360346825 -2 -1 -2 -1 -1 -2 -1 -1 -2 -1 -1 -1 -1 -1 -1 -2 -1 -1 -1 -1 -1 -1
-1 -2 -1 -2 -2 -2 -2 -2 -2 -1 -2 -1 -2 -1 -1 -1 -1 -1 -1 -2 -1 -2 -2 488711545 -1 -1 -1 -2 -2 -1 -1 -2 -1 -2 -1 -1 -2 -1 -1 -2 -2 -1 362823809 -2 -2 -2 833847584 -2 -1 -2 -2 -2 -2 -1 -2 -1 -1 -2 -1 -2 -1 981095530 -2 106852102 -1 -1 -2 -1 -2 279819536 -1 -2 -1 -2 -2 461224290 -2 -2 -2 478584784 -2 -2 -1 513634549 -2 906204371 -1 -2 498657876 -1 -2 -2 22205067 -1 -1 -2 -1 -1 -2 -1 -1 -1 -1 -2 -2 -1 -1 -1 -2 -2 -1 -1 -1 -2 752499048 -1 -2 -1 795463468 -2 69832954 -1 -2 -1 110785497 -1 -2 -1 -2 10589706 -1 297396084 -2 -1 -1 -2 -1 -2 -1 -1 -1 -1 185652611 -2 -1 -1 -2 -1 -1 -1 829965256 -2 -2 -1 -1 -1 -1 -2 -2 419294188 -2 -2 -2
-1 -1 -1 192136755 -1 -2 -1 357961454 -1 -1 -2 -1 -1 -2 -1 -1 -1 -1 -1 -1 -2 -2 838239965 -2 -2 -1 948164320 -2 -1 -2 -1 -1 -1 377486566 -2 -1 -2 -1 437171913 -1 -2 -2 -1 -1 -2 739129573 -2 -1 -1 -1 -1 -1 -2 -2 -2 578858932 -2 -2 -1 -1 -1 640524196 134641459 -1 -1 674208880 -1 -1 -1 -2 -1 -1 -1 726018362 -2 145797406 -2 281026792 -1 -1 -2 -1 -1 -2 -1 -1 -2 -1 -2 -1 -1 -1 -1 -2 -2 -1 -2 -1 -2 -1 -2 -1 -1 -2 435544220 -2 -2 -1 -1 45317864 -2 -2 -1 -2 -1 -1 -2 -2 -1 -1 -1 -1 -1 -1 692212585 763996201 -1 -1 -1 -1 -2 -1 -1 -1 -2 -2 141298467 -1 -1 -1 -2 42750434 -1 -2 -2 -1 -2 -1 -2 -1 -1 542439600 -1 -1 -1 -2 -1 -1 -2 424747110 -1 -2 -1
-2 -1 -1 -2 105442153 -2 127088972 -2 -1 -2 -2 -1 -2 -2 -1 -1 648772447 -2 -2 705015226 934787753 -2 -1 -1 -1 -1 -1 -2 -2 -1 -2 -2 -2 -2 -1 -1 -1 -1 -1 -2 -1 -1 -1 -2 -2 -2 -1 -1 -1 -2 -1 -1 -2 -2 -2 -1 -2 -1 -1 -1 -2 -1 479046405 -1 -1 -1 -1 -2 -1 -2 312351668 -1 -1 -2 -1 -1 -1 -1 -2 -1 -2 -1 -1 -1 -2 -1 -2 -1 -2 -2 -2 521162398 206820899 -2 -2 -1 -1 -2 -1 -2 -1 -1 -1 -1 -2 -2 -1 -2 -1 -1 -1 -1 -2 673031928 -2 -1 50855466 408311693 -1 -1 -2 -1 -1 -2 -2 -1 -2 40289300 -1 -1 -1 -2 -1 -2 509646752 -1 -1 -1 -2 -2 -1 -1 -1 -1 -1 -1 -1 -1 -1 -2 -2 -1 -1 -2 906914466 -2 -1 -2 -1 -1 -2 -1 -2
-1 -2 -1 -1 -1 -2 -1 -1 -1 -2 -1 -1 -2 -1 -1 -2 -1 -2 -1 -1 -1 -2 -2 -1 -1 -2 -1 -1 -1 -2 -2 -1 -1 -1 -1 -2 -2 -2 -1 -1 -1 -1 -1 -2 -1 -1 -1 -1 -2 -1 -2 -1 -1 -1 -2 -1 989075456 -1 -1 -1 -2 -1 -1 -1 -1 -2 -2 -1 -2 -1 -2 -1 -2 -1 -1 -2 -2 -1 -1 648459292 84269408 766920603 -1 -1 -2 -1 -1 -2 -2 -1 -2 -2 -2 -2 -1 923929953 -1 -2 -1 -1 574171566 -1 -1 -1 -1 498593677 -1 -2 572489881 -2 -2 -1 -1 -1 -2 811105159 523719989 -1 479656546 277521187 -1 -2 -1 260567098 -1 -1 -1 65806176 265283799 -2 -2 -2 -1 -2 99245078 -1 -1 87837024 -1 -1 -1 -1 -2 -1 -1 -2 -2 -1 728696724 -2 -1 -2 -2 647087801 -2 -1 -2 -2 -2 -2 -1 -1 257350807
-1 -2 83631895 -1 -1 -1 -2 -2 -1 -2 -1 -2 76129746 -2 -2 -1 -1 -1 -1 -1 91519880 -1 -2 -2 -1 -1 -1 -1 -1 -2 -2 -1 874168442 -1 -1 -1 -1 -1 -2 -2 -2 -2 -2 -2 -1 -2 -2 -1 -1 -2 -1 -2 -1 -1 -2 511793789 -1 -1 -1 -2 8542969 -1 -2 -2 -2 -1 -2 78845191 -1 -2 -1 -2 -1 -1 -1 153253591 134523537 -1 -2 -2 -1 -2 -2 -2 -1 -2 -1 -2 -2 -1 -1 -1 -1 -2 505947320 -1 -2 -1 -1 -1 -1 -1 -2 -1 -2 -2 -1 -1 -2 -1 -2 -1 -2 -1 -1 575362069 -1 -1 -1 -1 -2 -1 -2 -2 48221735 -2 -1 -1 -1 -2 -1 -1 -1 -1 -1 -1 -2 -2 -1 -2 764433308 -1 -1 -1 -1 -1 -1 -2 -1 -1 -1 -1 -2 -1 229864613 -2 -1 -2 -1 -2 -1 -2 -2
-1 -2 900265840 718225041 -1 -2 -1 5345940 -1 -2 -2 -2 -1 -1 -1 -2 -2 -1 -1 -1 -1 -2 -1 58276656 -1 -2 -2 -1 -1 279752171 -1 -1 -2 -2 -1 -2 771403072 -2 -1 -2 -1 -1 6988601 -2 -2 490481720 -1 -1 -1 -2 -1 -1 -1 -2 -1 -1 -1 -2 -1 -1 -1 -2 -2 -1 -2 613639349 -2 -1 -1 -2 -1 -1 -1 -1 -1 -1 -1 -2 -2 -2 -2 -1 93988298 -1 -2 265985261 -2 -2 -2 -2 -2 121963406 -2 -1 376201540 -2 -2 -1 -1 -2 -1 -1 -1 -2 -1 -1 -1 -1 -2 -2 846642723 588611574 115462318 -2 -1 -1 -1 -1 -2 -1 -1 -1 -2 -1 -1 -2 -1 -2 -1 -2 -2 -1 -1 -1 -1 -1 -1 432748529 -1 -1 -2 506844645 -1 -2 -2 -2 -2 -2 -2 -1 -2 -2 -1 -2 319958137 -1 -1 -1 -1 -1 92407347 -1 -2
-1 -1 -1 -2 -2 -2 -2 -2 -2 -2 -2 -1 -2 -1 -2 -1 -1 -1 -1 -2 -1 -1 217689436 -1 -1 -2 -2 229504256 -1 -1 -1 952312924 -2 -2 -2 -1 -1 -1 -1 -1 -1 -2 -1 -1 -2 128312353 -2 -2 -2 -2 -1 -2 -1 -1 -1 -1 -1 -2 943209723 -1 -2 -2 793528065 -1 -1 -1 -2 -2 -1 -2 -1 55832258 -1 -2 67909380 -1 -1 -1 -1 969103864 -1 -2 -1 -1 -2 -2 -2 147153953 -2 -1 -2 -1 -2 983151633 459909240 -1 -2 -1 -2 -1 -1 -1 -1 870901507 -1 -1 -2 -1 -1 -1 -2 -2 411027666 -2 -2 -1 -1 361041709 -1 -2 -1 -2 -2 -2 -1 -2 -2 -1 -1 -2 -1 -2 -1 -1 -2 -1 -1 -1 -2 -2 -1 -1 -1 -2 -1 -1 -2 863894927 -2 -2 -1 -1 -1 -1 -1 -2 -2 561886208 -1 -1 -1 -1 -1
-1 -2 -1 -1 -2 -2 -2 -1 -2 -1 69317014 -2 -2 -1 2037083 -1 -1 -2 61841574 -1 -2 -1 38755373 -2 -2 -2 -1 275825057 -1 -2 -2 -2 -2 -1 -2 -1 -2 -1 -2 -1 -1 -1 -1 -2 -1 -1 -2 -1 -2 -1 -2 -2 -2 -2 -1 -2 -1 -1 -2 -1 -1 -2 -1 -1 -2 -1 -2 649332319 -1 -2 656803511 482694196 -1 -2 -1 -1 -2 -1 -2 -2 -2 -1 -2 -2 -2 -1 -2 -2 -1 -1 -1 -1 -1 -2 -1 923835398 9551811 -2 -1 -2 -2 -1 -2 -2 -1 -2 -1 35001366 -1 -2 -1 -1 -1 -2 -2 -1 -1 -1 -1 -2 -2 -1 -1 -2 -1 -1 -2 841522285 -1 -1 -2 -1 719179522 -1 -2 -1 -1 -1 -1 -2 -2 -1 -1 -1 -2 -1 -1 -1 -2 -1 -1 -1 -1 -1 -1 -1 -1 -2 -2 -2 -1 -2 -1
-1 418838900 -1 -1 -2 -2 -1 -1 -1 -1 802451732 -2 -1 597728632 -1 637648857 -1 -2 -1 -1 -1 -2 -2 -2 -1 -2 -1 -1 -2 -1 -2 -2 -1 -1 -1 -1 -1 -2 -1 -2 -2 -1 -2 -1 -1 -2 -2 -2 -2 -2 -1 -2 -1 -1 -1 -2 -1 -2 -1 557107742 -1 -2 -2 -1 -1 -2 -2 -2 -1 -1 -1 -2 -1 -1 -2 -1 -1 943862211 174369630 -1 -2 -1 -1 -2 -1 -2 -1 -1 -2 -2 121978458 216407970 -1 -1 -2 -1 -1 -1 -1 -1 -1 -2 571840592 -1 -1 -2 -2 -1 -1 -1 -1 -2 -1 -2 -1 -1 -1 -2 -1 227192881 -1 -2 -1 109367810 -1 -2 -2 -2 -2 -2 -1 -1 -2 698437161 -1 -1 -1 -1 -2 -1 -1 -1 -1 -2 610018253 -1 -1 -1 -2 -2 -1 -2 -2 -2 -2 -1 -1 -2 -2 185578717 -1 -2 -1
-1 -2 -1 88712206 -2 -2 -2 965719048 -2 -1 -1 -2 -1 -2 -1 -2 -2 -2 -1 -1 -2 -1 -2 -2 580472255 76267203 -2 -1 -2 -1 86950839 84294224 671181651 -2 -2 -1 -1 -1 -1 -1 -1 -2 -1 -2 -2 -2 -2 -2 -2 -2 -1 -2 -2 -2 -1 -2 -2 -2 -2 -2 -2 -2 -2 -2 -1 -2 327602577 -1 -2 -2 -1 -1 -2 -1 212411880 -2 -1 -1 -2 -1 803153475 -1 -2 -1 -2 -1 -2 -1 938502029 -1 -1 -2 -2 -2 -1 -1 -2 -2 -1 321153708 -2 16040887 -1 266863138 -1 -2 -1 -1 -2 -2 -2 -2 -2 -2 -2 -2 -2 -1 -2 -2 -1 -2 -1 -1 -2 -1 -2 -1 -2 195310952 -2 -1 -1 -1 -2 -2 -2 -1 716915895 -1 -1 -2 -2 -1 -1 -1 -2 93545037 -2 -2 204381725 -1 -1 123354511 -1 -1 596659624 -1 349308229 -2 -1 -2 -1
-1 -1 -1 -2 -2 -1 -2 -1 -1 -2 -2 -2 -1 -1 -2 -1 -2 -2 -1 -1 -1 -1 994980970 -2 -1 -1 -1 -1 -1 766081083 -1 -1 -2 -2 -2 -1 -1 -1 -1 -1 -2 612528532 -1 -1 -1 -1 -1 -2 966253920 -1 -2 -2 -2 -1 -1 -1 -1 -1 509080705 -1 -1 -1 -1 580295059 -1 -1 783564787 -1 -1 -2 -1 -1 -1 -2 -1 -1 -1 -1 -2 905359318 -1 -2 -1 -1 -1 -2 -1 -2 -1 -1 802037026 -2 -1 680171719 -1 -2 -1 -1 -2 -1 -1 943520614 666894792 -2 -1 -1 -1 -2 -2 -1 243454289 -1 -1 -1 -2 59106817 -1 -1 -1 -1 -1 -1 -1 -2 -1 -2 967708749 -1 -2 -2 770205718 -1 -2 -1 -1 -2 -1 -1 -1 -2 -2 -1 -2 587076847 -2 -2 -2 723714801 -2 -1 -1 -1 -1 -2 -2 -2 -1 -2 -1 -1 -2 -2 -2
15915853 829710933 -1 842984697 -1 -2 -1 -1 -2 -2 -1 -1 -2 -1 -2 336589772 -1 -1 -2 819911680 -1 -1 -1 -1 -1 -1 -1 -1 -2 370525896 -2 -1 -1 888538415 -2 -1 -1 -2 -1 -1 128717157 -1 -1 -2 -2 -1 -1 -1 -2 -1 -1 -2 -1 -1 -2 609058659 -2 578467399 -1 860535012 -2 -1 671916984 -1 -2 -2 -1 -1 -2 -1 189813126 -2 -1 -1 -1 -1 -2 -1 -2 -1 -2 -1 -2 -1 -1 -1 -1 -1 -1 -2 -1 -1 -2 307324609 -1 -2 -1 -1 -2 -1 167738852 -1 -2 -2 427130066 -2 -1 -1 -1 -2 -1 689420391 -1 -1 -2 -1 -2 -1 -2 539255822 -2 -1 -1 -2 -1 863080915 -1 844600591 605710552 -2 -2 -1 -1 -2 -2 549653023 -1 -1 -2 -1 -2 -1 -1 -2 -1 470473948 -2 -2 -1 -2 809564832 -2 -1 -1 -1 -2 78750507 -1 -1 911796896 9281442 -1 779345369
-1 -2 -2 -1 -1 -1 -1 -1 -1 -1 -2 -2 -2 -1 -2 -1 -1 -2 -1 -2 -1 -2 -1 -1 -1 -2 -2 577223820 -1 -1 413084253 53836361 -1 621223158 -1 -2 -1 -1 437757477 -2 -1 -1 -1 -1 -2 -1 -1 -2 -2 -2 -2 -1 -2 -1 -2 -2 -2 -1 -2 -2 -1 -1 -1 -1 -2 -2 -2 -1 -2 -1 -1 -2 -1 -1 -2 946560858 -2 -2 -1 -2 -2 -1 -2 -1 -1 -1 -1 -1 -1 391601924 -1 -1 -1 -1 382023142 -1 -1 -1 -2 -1 676303292 308425675 -1 141592868 -2 -2 -1 -2 63500581 -1 -1 667123691 -1 -1 -2 -1 -2 -1 -1 -1 -1 -1 -2 -1 -2 -2 -1 848747371 -2 -2 -1 233026606 -1 -2 -2 -2 -2 -1 -1 975908993 -2 -1 -2 -2 -2 -2 -2 -1 -2 -1 -1 -1 -1 -2 298768854 -1 -1 -1 821517602 -2 -1 -2 -1
-1 -1 -1 -1 -2 -2 -2 -1 -2 -2 -2 -1 -1 -1 457202546 -1 587879505 -1 -1 -1 -1 -1 488393165 -2 -2 -1 -2 -2 -1 -1 979853126 -2 -2 -2 -1 -1 -1 -2 588212516 -1 -2 -2 -2 -1 -1 2277368 -1 -1 -1 -2 -2 -2 -1 -2 -2 -2 -1 -2 -1 -2 -2 -2 -1 -2 800524288 426067194 -1 -1 581307874 -1 -2 -2 -2 -1 -1 -1 -1 -1 -1 -1 -1 -2 -1 -1 -1 -2 -2 -2 -2 -2 -2 -2 -1 -2 -2 -2 -1 -1 -1 -1 -2 -1 7704180 -2 882934747 -2 -2 -2 -2 -1 -1 -2 -1 -1 -1 -2 -2 421248075 -2 -1 -1 -1 -1 -1 -2 -1 -2 -1 -2 -1 -2 -1 -2 -1 -2 -1 863176453 869481110 -1 -2 731832005 -2 -1 -1 -1 -2 -1 -2 -1 -1 -1 -2 -1 -2 -2 -1 -1 -2 -2 -1 -1 -2 -1
-1 -2 -2 -2 -2 -1 -1 -1 -1 -2 -1 -1 -2 -1 -2 -1 -2 -1 -2 -2 383653018 -1 594824800 -2 403587152 -1 -1 -1 941144257 -1 -1 -2 -1 -1 -1 -1 -1 157643616 -1 -1 -1 700774489 -1 -1 -2 -1 -2 -1 -2 -2 -2 -2 -1 -1 -1 -2 -2 -1 545095415 -2 -2 -2 -2 -1 -1 -1 -1 -2 -1 -1 -1 -1 398786036 -2 -2 -1 -2 -2 -1 -1 -1 -2 601179209 -2 -1 -1 -2 -1 -2 84275111 -1 -1 -1 -1 -2 -2 507622406 -1 -1 -2 -1 -1 -2 -1 -2 -1 -1 -1 636045436 -2 -1 -1 -2 -2 -1 -2 -2 -1 -1 -1 -2 -1 -1 -1 -2 -1 -1 -1 -1 -1 -1 -2 -1 -2 -1 -2 -1 -2 -2 -1 -1 -2 -1 -1 -2 -1 -2 -2 -2 -2 -1 -1 -2 238637792 702332319 680879798 -1 -1 -1 -1 901392472 -2 -1
-1 -1 -2 -1 343238902 -1 -1 467933667 -1 -1 -1 -1 -1 -1 -1 -1 -1 -1 -2 -2 -2 -1 -1 -1 -2 424824206 -1 -1 -2 -1 -2 -1 -1 -2 -2 -1 -1 -2 -1 -2 -1 -2 -2 -1 -1 -1 -1 -1 -1 -1 -2 -2 -2 -2 -1 -1 51830637 -1 -1 -2 -2 -1 -1 -2 -1 -1 -2 -2 -1 -1 -2 -2 -2 -2 -2 -2 -1 -1 -1 -1 -1 -1 -1 -1 -2 -1 -1 969347939 -2 -2 -1 -2 -1 111071417 -2 -1 -2 -1 -1 318847880 -2 -2 -1 -1 -2 -1 -2 -1 -1 -1 -2 -1 -2 -2 -2 -1 -1 -2 -1 -1 585895175 -1 -2 495020093 -2 -2 -1 -2 -2 -2 -1 -1 -1 -2 -1 -2 -1 -2 76380793 -1 -1 -2 -1 -2 -1 323755881 41705965 -2 -2 -2 -1 -2 -1 125501942 -1 -1 -1 -2 -1 -1 -2 -1 -2
-1 -1 -1 -1 -1 -2 -1 -1 -1 -1 -2 792808947 -1 -1 -1 -2 -2 841492992 -1 -1 539546795 -2 -2 -1 -1 -1 -1 -1 -1 -2 -2 -1 -1 -2 -1 -2 -1 -2 -2 -1 -2 -2 -1 -2 682018172 -1 -1 -1 775966721 -1 -2 -2 -2 -2 255543992 -1 -2 -1 -1 905767994 -1 -2 -1 -1 -2 -1 -1 -1 -1 -2 -2 -1 -2 93291694 -1 -2 -1 954682316 -1 365316501 -1 -1 -1 -2 -2 -1 -2 -2 -1 -2 -1 -2 -2 -2 -1 -2 -1 -1 -2 -1 -1 -2 -2 -1 -2 -2 525206889 -2 -1 -1 -2 -2 -2 -1 -1 -2 -1 867187453 -1 -1 -2 -1 925349501 -2 -1 -2 -2 -1 298094880 -1 -1 -1 -1 -2 -1 -1 -1 -2 -2 218253633 -1 -1 -1 -2 -1 -2 -2 -1 -1 -1 -2 -2 -1 -1 -1 -1 -2 -2 -1 -1 -1 -1 537155566
-1 108714530 -2 -1 -1 -1 -1 -1 -1 -1 -1 -2 -1 -1 -1 227120033 -1 -1 -2 -1 -1 -2 -1 -1 -2 -2 -1 -1 -1 -2 -1 -1 -1 -1 -1 -2 -1 -1 -1 -1 -2 -1 -1 -2 -2 -2 -1 -1 347049026 -1 -2 -1 -1 -2 -2 -2 -1 -1 43742387 -1 -2 -2 -2 -1 -1 -2 -1 -1 -2 -2 100168351 -2 -1 -2 -2 616257481 -1 -1 -1 -1 -1 -2 766755698 -1 -1 -1 -1 -2 -1 -1 -2 -2 -2 -1 -1 -1 -1 12404367 -1 -2 -1 611913891 -2 -1 -1 -2 -2 -1 -1 -1 688002805 -1 -1 -1 -2 -1 -1 -2 -2 -1 -1 -1 -1 -1 -1 -2 -2 -1 -2 -1 -1 -1 -1 -2 -1 -1 -1 -1 -2 -1 -2 -2 43175477 -1 -1 -2 -1 -2 -2 -1 392975527 -1 -2 -2 -2 -1 -2 874825013 -1 -2 -1 -1 -1
-2 -1 -1 -2 -1 -2 -2 -2 -1 -2 -1 -1 882506876 52643830 216361343 -2 -1 -2 -1 323135255 -1 -1 -1 -1 -2 -2 -2 -2 -2 -1 -1 -2 -2 -1 -2 -1 -2 -1 -1 -2 -2 -1 -2 -2 -1 -1 -2 -1 -1 -1 -2 -1 -2 -1 -1 814023021 -1 -1 -1 -2 -1 -2 -1 -2 -1 -1 -2 -2 -1 -2 -1 -1 -1 174108041 -1 -1 -2 -1 -1 -2 -1 -1 -1 -2 -1 -2 -1 -1 -2 -2 -2 -1 -1 -2 -2 -1 -1 -1 -2 84299637 -1 -1 -1 -1 -1 -1 -2 -1 -1 -2 -1 -1 -1 -1 -2 -1 557898451 -1 -1 -1 -2 -1 -2 -1 907796027 -1 -2 -1 941742403 -1 -2 -1 -1 -2 -2 -1 -1 -1 -2 -1 -1 -1 -1 -2 -1 -1 -2 -2 728062241 -2 -1 -1 -2 -2 -1 -2 801573000 -1 -1 -1 -1 -2 -2
-1 966387921 -2 -1 -2 -2 -1 -1 -1 -1 -2 -1 -2 -1 169685222 -2 -2 -2 -1 7409756 -2 -2 -1 387677016 -2 -2 -2 -1 -1 -2 -2 -2 -2 -2 -2 -2 -2 -1 -1 -2 -2 -1 -2 -2 -2 543876894 -2 -1 -2 -1 -1 -2 -2 -2 -1 -2 -2 -1 -2 -1 -1 -1 301273071 137318772 -2 -1 -2 -2 -1 -2 306669674 -1 -1 -1 -1 623931454 -2 -1 -1 -1 -1 -1 -1 -2 305307727 -1 -1 -2 -2 743089045 -1 -1 -2 146171305 -2 -1 -2 -2 -1 -2 -1 -1 -1 -1 -2 -1 -1 -1 -1 -1 -1 -1 -2 -1 -1 -2 -1 -1 -1 -2 -1 -1 -2 -1 -1 -2 -1 -1 -1 -1 -1 -2 -1 -2 -1 832207054 -2 -1 -2 -1 -1 -1 -1 -1 -1 -2 -2 -1 -1 -2 -1 705270813 -1 -2 -1 -2 -1 -1 -1 -2 -2 -1 -1
-1 -1 -1 -1 782085466 -2 -2 -1 -1 -1 -2 -2 -1 -1 -2 -1 -1 -1 -1 -1 887434768 -2 -2 -1 -1 -2 -1 -2 -1 -1 -2 -1 -2 -1 -1 -1 -2 655965744 -2 -1 -1 -2 -1 452407304 -2 -1 -1 -2 -2 -1 -1 -2 -2 -2 -1 -2 -1 -2 568097349 -2 -2 120986057 -1 84472417 -1 -2 -2 -2 -1 -2 -1 -2 -1 -1 -2 -2 700739844 -2 -1 -1 -1 854705604 -1 627753451 -1 -2 -1 -2 -2 -2 666930782 -1 -1 -1 -2 -1 -1 -1 128184850 -1 -1 -1 -1 -1 -2 -2 -2 -1 552858783 -1 -2 -2 -1 -1 -1 -2 -2 -1 -1 -1 76307853 -1 -1 -2 -2 -1 -1 -1 -2 -1 -2 -1 -1 -1 454206547 493985739 -1 -1 -2 -2 -1 -2 -1 -2 -1 -1 14991091 -1 -2 -1 -1 -1 -1 -1 -1 -2 -2 -2 -2 -1 -2 -1 -1
-1 -1 -1 -1 -1 658784404 784634775 -1 -2 -1 -2 -1 -1 -2 -1 -1 -1 -1 -1 -2 -1 -2 -1 -1 -1 -2 -1 -2 -2 -1 -2 -1 -2 -2 -2 -2 -2 -1 -2 -1 -1 -1 -2 -2 -2 -1 -2 -1 -2 -1 -2 887118838 -2 -1 -1 240287096 -1 -1 -1 -2 -2 -2 -1 -1 -2 -2 -2 -1 221265758 -1 -2 43575217 421716844 55067773 -2 773583635 -1 -1 -1 -2 -1 -2 -1 -1 -2 -1 -1 -1 -1 -1 -1 -1 -1 -1 -2 -1 -2 668474491 -2 -1 -1 -2 -2 -2 -2 -1 -1 -2 -1 -1 -1 -2 -2 -1 -1 -2 -1 -1 704099746 -2 -1 -1 -1 -1 -2 -2 -2 -2 -2 -1 -1 517692874 -1 -2 -2 -1 -1 -1 -1 -1 -1 -1 -1 -2 -1 -1 957854917 -2 -1 -2 -1 -2 -2 -1 -1 -1 -1 52117630 -1 143742696 -2 -2 709380078
-1 -1 -2 -2 -2 -2 -2 -1 920304509 -2 -1 -1 -2 -2 915614212 -1 -1 -1 -2 -1 -1 -2 -2 -1 -2 -2 -1 -2 -2 -1 -1 -1 -2 361234550 -1 -1 -1 -2 -2 -1 -2 -2 -2 -2 -1 106381114 -1 664652662 -1 -1 -2 229185846 -1 -2 -1 -1 -1 -1 -1 -1 101395948 -1 -1 -1 -1 -2 -1 -2 -1 -1 -1 -1 -2 -1 -1 -1 -2 -2 -2 -1 -1 -1 -1 -1 -2 -2 -1 -1 -2 -1 -2 -1 -1 -1 -1 -2 -1 -1 -1 845299888 -1 -2 -1 -2 -2 -1 -1 -1 -1 373970740 242728676 -1 -2 -1 -1 -1 -2 -1 -1 -2 -2 -2 -2 -1 -1 -2 -2 -2 -2 -1 -1 -1 -1 -2 -2 -1 -2 -1 -1 -2 -1 -1 -1 -1 -1 271514135 -1 -2 797081359 -1 596749574 -2 -1 -1 -1 -1 -1 -1 -2 -1 -2 -2 -1
-2 -2 -2 82585175 -2 -2 877614603 -1 -1 -1 -2 -1 -2 115479998 -2 -1 -1 719753342 -2 -1 -2 -1 -1 -1 -1 -1 -2 -1 -1 -1 -2 -2 -2 -2 542908953 -1 -2 -2 -2 -1 715742311 -2 -1 -1 -2 -2 -1 660762011 -2 -1 -1 -1 -1 -1 -2 -2 -2 -1 -1 -1 594079223 -2 -1 -2 -1 -2 -1 -2 -2 -2 -2 -1 -2 -1 -1 -1 308970033 -2 -2 -1 -2 -2 -1 -2 -1 -2 -2 -2 -1 -2 -2 -2 -1 -1 45851461 -1 -1 -2 -2 -2 -1 -2 -1 -1 -1 130940712 -1 -2 -2 -2 -1 -1 -2 -1 508226705 -1 -1 -2 -2 -1 615636010 -1 483728015 -2 -2 757216167 -1 -2 -2 -2 -1 -2 -2 -2 -1 -1 -1 -2 -2 -2 -2 -2 -1 -2 -1 -1 -1 -1 -1 -2 786631209 -2 -1 -2 -1 -1 -2 -2 -2 542906975 -2 -1 -1
-2 -2 59844898 -1 -1 -1 -2 -1 -1 -2 -1 -1 -2 -1 -1 -2 -2 -2 -1 -2 -1 -2 -1 -2 -2 -1 -2 -1 -1 -1 -2 -1 -2 -2 -1 -1 907003417 -2 -1 -1 -1 97810772 -2 -2 -1 -2 -1 -1 -1 -1 -1 -2 879094844 -1 -1 -1 -2 -1 -1 -2 -1 -1 -1 -2 -2 -2 -2 -2 -1 -2 -2 781663626 936318186 -2 -1 -2 631346489 -1 -1 -1 -2 -2 -1 -1 750766547 -1 -2 -1 -1 -2 -2 -1 -1 -1 -2 -2 -1 -1 -1 -2 -1 -1 -2 -1 -1 -1 -1 -2 -1 -1 -1 -2 -2 -1 125737780 -1 -2 826269337 -2 -1 -1 -1 -2 823133947 -2 -1 -2 -1 -1 -1 -2 -1 -1 -2 -2 -1 -1 -1 -2 -2 -2 -1 -1 -2 -2 -2 -1 -1 -2 -1 -2 -1 -2 -1 -2 -1 -1 -1 -2 -2 -1 -1 -2
-1 -2 -2 -1 -2 -1 -1 -2 -1 -1 -2 -1 -2 -2 -1 -1 -2 -2 -2 136529134 -2 -1 -1 -1 -1 -1 -1 -2 -1 35972212 -1 -2 -1 -1 -1 -1 104895681 -2 -1 -1 -1 -2 -1 -1 -1 -2 -1 -2 -1 -1 -2 -2 -1 -1 -1 -2 -1 -1 -1 -2 -1 -2 -1 -1 -2 -2 -1 247262172 -2 -2 -2 -1 -2 -1 831131108 -2 -1 -1 722575112 -1 -2 -1 -1 -2 -2 -2 -2 -2 -1 -1 -2 366780642 128667464 -2 -1 561148105 -1 -1 -1 -2 -2 -1 906278287 674648336 -1 -1 -1 -1 -1 -2 -1 -2 -2 -1 229356463 -1 263342091 -1 -2 -2 679494044 -2 -2 -2 -2 -1 -1 -2 -2 -1 108071441 -1 -1 -2 -1 -1 -1 -2 -1 -1 -1 -2 -1 -1 -1 -1 -1 -2 -1 -2 -1 -1 -1 -1 -1 -2 -1 -2 -2 -1 -2 -2 -1
-2 -2 -2 -1 -1 -2 -1 -1 -1 -2 -2 -1 -1 -2 -2 -1 -2 -2 -2 -1 -1 -1 76446259 -1 -1 -2 353117417 -1 -1 -2 -2 -1 -1 -1 -2 -2 89230500 -1 -2 -1 -1 -2 -2 -1 -1 841976030 -2 -2 506552941 -2 -2 -1 -1 -1 -1 -1 -1 -1 -1 -2 -2 -1 -1 -1 -2 -1 -1 143291135 -2 -1 -2 -1 -2 894049164 -2 -2 -2 -1 -1 -1 -2 252068889 -2 -1 -1 -2 -1 -1 -1 -1 -2 -1 -2 -1 -2 -2 -1 -1 -2 -1 -1 -1 -1 -2 513074137 -1 283816445 -2 -1 -2 -1 411933652 -1 -2 -1 660318169 -1 -1 -2 -1 -1 -1 -2 -1 215008562 -1 -1 -1 -1 -1 -1 -2 -1 -2 -2 -1 -2 -1 -2 -2 -1 -2 -1 -1 -1 -1 -2 -1 -2 711654874 -2 -1 -2 -1 -1 911603546 -1 -2 -1 755690986 -1 -1 -1
-1 -2 -1 -2 -1 -1 -2 -2 -1 -2 -1 548340420 -2 -1 -1 -1 -2 -1 -1 -1 -2 -1 -2 -1 -2 -2 -1 -2 871330616 -2 -1 -1 -2 -1 -2 -1 -1 -1 -1 -1 32440301 -1 -1 -2 -2 -2 -1 618103253 -1 -2 -2 -1 -2 144171870 76086091 -1 -1 -1 -1 -2 -1 -2 323104817 -1 -1 -1 -1 780277975 -1 -2 -2 -1 -1 -1 -1 -2 -2 -1 -2 443315659 -1 -2 -1 -1 -1 -2 -1 -2 144856460 -1 279885716 -1 -1 -1 -2 -1 200009452 -1 -2 -2 -2 -1 951224439 -1 -1 -2 -1 -1 -2 -2 -2 -2 11780138 -1 -2 -1 -1 -1 -1 -1 -2 -1 -1 -1 -1 -2 -1 -2 -1 -2 -2 -1 -1 -2 -2 -2 -1 -1 -1 -2 -1 -1 -2 195043682 -1 -1 -2 -1 -2 -1 -2 -1 -1 -2 -2 -1 -2 -2 137872674 -2 -1 -1 377843999
-1 -2 -2 -2 -2 -2 -2 -2 -1 -1 -1 -1 -1 -1 -2 -1 447863618 813941163 865140811 -2 -1 -1 -1 -1 -1 -2 -1 -1 -2 -1 -2 -1 -2 -1 -2 -1 94881271 124320095 -1 -1 -1 -2 -2 -2 -1 -1 202626120 -1 -2 -1 -1 -1 -2 -1 -1 -1 995506895 -2 -1 -1 -1 -1 -1 -1 -2 -2 -2 -2 -1 -1 -2 -1 -2 -1 -1 -1 -2 972220665 -1 -1 -1 -1 -1 -1 -1 -1 -1 -2 -1 -2 -2 -1 -1 -1 -2 -2 -1 -2 -1 -2 -1 128643808 -2 820988254 -1 390858724 -1 -2 -1 -1 -2 -1 -1 865617130 -2 883023720 -2 -1 -1 -1 -2 -1 -1 -1 67092774 198318681 387725769 -2 -1 -1 -2 -1 -1 564906715 -2 -1 771359737 -2 -2 -2 -2 -1 -1 -1 -1 -2 -1 -1 -1 180383456 -1 -1 -2 -1 616644774 -1 -2 -1 -1 -1 -1 -2 58155754
-2 -2 -2 740258321 -2 -1 -2 -1 -1 -1 -2 -1 -2 -1 -1 -1 -1 -1 -2 -1 -1 -1 -2 -2 -2 -1 -2 -2 -2 -1 -2 -2 -1 -1 -1 -1 -2 -1 -2 -1 -2 -1 -2 -2 -1 -2 -1 -1 -1 -1 -2 -1 136615337 -2 -1 -1 -1 -2 -1 155424082 -2 -1 -2 -2 139262394 -2 -2 -2 -1 -1 -1 -2 -2 -2 -1 -1 -1 -2 -2 -2 -2 -1 -2 150434119 -1 -2 -2 -1 -1 -2 -1 -1 -2 -1 -1 -2 109456053 -1 833856863 831117398 -1 -2 -2 -1 -1 -1 -2 -2 -1 -1 -1 -1 -1 -2 869338432 -2 -1 -1 -2 -1 919728284 -1 -1 -1 -2 76581727 108321693 -1 -2 -2 -1 -2 -1 -2 -1 -1 -1 -2 -1 -1 -2 -1 -1 -2 -1 -1 -1 -1 -1 -1 338400963 -2 -1 -1 -2 -2 -2 -1 -1 205374295 -1 -2 -1
-1 -1 -2 -1 -1 -1 -2 -2 -2 -1 -2 -2 -1 215246232 -1 -2 344914588 -2 -2 -2 -1 -2 -1 -2 -2 -1 -2 -2 -1 -2 867696552 -2 -1 -1 -1 -1 -1 -2 76688058 -2 -2 -2 -1 -2 -1 -1 -2 -2 -1 -2 -2 -1 -2 -1 -2 800904325 -1 -1 -2 -1 -1 -1 -1 -1 -2 91165616 -1 -1 -1 -2 -1 -2 -1 -1 224274141 -2 -1 -2 -1 -1 -2 -2 -2 594335695 -1 -1 -2 -1 -1 447070862 -1 -2 -1 -1 -1 -2 -2 -2 -2 -1 -2 -2 -2 -1 -2 -2 -2 -1 -1 -1 -1 -1 -1 -2 -1 -2 -2 -1 -1 -2 -1 -2 -1 -2 168072598 -2 -1 -1 -1 -1 -1 122944413 -2 -1 -1 -1 -1 -2 -2 -2 -1 -2 -1 -2 -1 -1 -1 -1 -1 -1 -1 -1 743190537 -2 -2 -1 -1 -1 -2 -1 -1 -2 -2
-1 -2 -1 -1 -1 -2 -1 -1 -1 -1 -1 -2 -1 -1 -1 -1 -2 -1 -1 -1 -2 -2 -2 173871093 -1 -2 593699841 -1 -2 -1 -2 937520412 -2 -1 -1 -2 -1 -1 -1 -1 -1 -1 -1 -1 -1 -1 -1 158145915 -1 -2 670537402 -2 -1 -1 -2 -1 38036558 -2 -1 -1 -2 -1 -1 -2 -2 -1 -1 -1 -2 -1 -1 -1 -1 -1 -1 -2 -2 -2 40812559 -2 -1 -1 -1 -2 -1 -1 676283465 -1 -2 -1 -2 -1 -2 -1 -2 -1 -2 -2 -1 -2 -2 -1 -2 -1 -1 -2 -2 -1 -1 -2 -2 -2 -1 -1 -2 -2 84959630 -1 -1 -2 -1 -2 -1 -1 -2 -2 -1 835648232 -2 -2 -2 -1 -1 -2 -2 -1 -1 -1 -2 -1 -1 823883499 -1 -2 -1 -1 -2 -1 -1 -1 -2 -2 -1 -1 -1 -2 88289023 723873453 -2 884480184 -2 -2 -2
-2 -2 -1 -1 -1 -1 -2 -1 -2 -2 -1 -2 -1 -2 -2 -1 -2 -1 -2 -1 -1 -2 -2 -2 -2 -1 -2 -1 -2 -1 -2 -2 -1 -2 -1 -1 -1 -2 -1 -1 -2 -1 -2 -1 -1 -1 -1 -2 137308696 -2 -2 -2 -1 -2 259239227 -1 -1 424389431 -2 -2 -1 -1 -2 -1 -1 -2 -2 -2 -1 -2 809641346 -2 648075354 321259640 -2 -2 -1 -1 508705135 897942423 -2 -2 -2 -2 -2 -2 -1 -2 -1 -1 -1 -1 -2 -1 -1 -1 -2 -1 -1 16101720 -2 -2 -1 -1 -2 -2 -1 -1 509503307 -1 -1 -1 -1 -2 -2 -1 -2 97919376 -1 -2 -1 -2 -1 456784379 -1 -1 -1 -1 -2 -1 -1 575439193 -2 -1 -2 -1 -1 -1 -2 -1 -2 -2 -2 -2 -1 -2 -1 -2 -1 878023299 -1 -2 -1 -2 270895579 -1 -2 -2 -2 -2 -2 -2 -1
-1 -1 -1 -1 -1 -2 -2 -1 -1 -1 -2 -2 -1 -2 -2 -1 -1 707468667 -1 -1 -2 586821141 -1 -1 -2 -1 -1 -2 -2 -1 -2 478477518 -1 -1 -2 -1 -1 -1 -2 -2 -2 -2 -2 -1 -1 -1 -1 -1 -1 -1 -2 -1 -2 195286187 -1 -1 924228401 -2 -2 -1 -2 -1 -2 -2 -2 -2 -1 -1 -2 -2 -1 -1 -2 -1 -2 -1 -2 -1 -1 -2 -2 -1 -2 -1 -2 -1 203554742 -1 -2 419603209 -1 -1 -1 -1 -2 -2 -1 -1 -1 -1 -1 -2 -1 -2 -1 -2 -1 -1 -1 -1 -1 -1 -2 -2 -2 -2 -1 -2 -1 -2 -1 -1 -2 844225250 -2 -1 -1 -2 -1 -2 392248056 -1 -1 -1 -2 -2 -1 -1 -1 -1 -1 -1 -2 -1 895063638 -1 -2 -1 -1 -2 -1 -2 -1 -2 -1 -1 -2 -1 -2 -1 -2 -1 -2
-2 -2 -1 -1 -1 -2 359722418 -1 -1 -1 -2 -1 672254899 -1 -2 -1 -2 -1 -1 -1 -1 -1 -2 -1 767955280 -2 -1 -1 -1 -1 -2 -1 -2 -1 -1 -1 -1 -1 49561347 -2 -2 401047772 -1 -1 -1 -1 -2 -2 -2 -1 904727907 -2 433602224 -2 -1 -2 920028808 -1 927479023 -2 425379703 -2 -1 -1 -2 -1 -1 -2 -1 -2 -1 -2 -1 -1 -1 -2 -2 -2 -1 -1 -1 -1 -1 -2 -1 -1 -1 -2 -2 -2 -2 607577653 -2 -2 -1 -1 -1 -1 -1 -1 2161060 -1 -1 -2 697414848 -1 -2 -2 -1 103028925 -1 -2 -1 -1 -2 -1 -1 -2 -2 -1 -2 -2 -2 -1 -1 -2 -2 -1 -2 -2 -2 166014173 -1 -1 -1 -2 -2 -1 -1 -2 -2 -1 969635632 -1 -2 -2 -1 37459941 -2 -1 -1 -2 -1 -1 -1 -2 -1 -1 -1 800479908 -1 -1 -2
-2 -2 -2 86316770 -1 -1 -2 -1 820015806 -2 -2 -1 -1 -2 -1 -1 -2 -1 376929685 -2 -2 -2 -2 -2 -1 -2 -1 -2 -1 -1 -1 -2 -1 -1 -2 -2 -1 -1 -2 -1 -1 -1 -1 -2 -2 -1 155438578 -1 -1 -1 -1 -2 -2 -2 -2 -1 -2 -2 -2 -1 -2 -2 -2 -1 -1 -2 -2 -2 -2 -2 -1 -1 294588268 -1 -1 942935231 -1 -1 -1 -1 -2 -1 -2 -1 -2 109690681 -2 -1 -2 -2 -2 -1 79788615 -2 -2 -2 -1 -1 429352081 149047288 -2 -1 -2 -2 -1 -1 -1 -1 -2 -2 -1 -2 -1 -1 -2 -1 -2 -2 -2 -2 -1 -1 -2 -1 -1 -1 -2 -1 -1 -2 -1 -1 -1 -1 -2 -1 -2 -2 -2 995623171 -2 -2 -2 -1 -1 -2 -1 -1 -2 -1 -1 -1 -1 -1 -2 -1 -2 -2 -1 -2 -1 -2 -2
-1 -1 -1 -1 -2 204564826 -2 -2 -1 -1 -1 -1 -1 -2 -1 -2 -2 -1 -1 247141027 -1 -2 368476958 -2 645120550 -2 -2 -1 -1 -1 935557792 -1 -1 -1 -1 -2 -1 -1 -2 858247829 -2 -1 -2 -1 361032984 655526620 -1 -1 -1 -1 -1 -2 614064589 -1 -2 -2 -1 -1 -2 -1 -1 -1 -2 -2 575678517 -1 -1 -1 -1 -1 -2 -1 -1 -1 -2 815815259 -2 -2 -2 -1 -1 -2 -2 -2 -2 -2 -1 -2 -1 -2 -2 -2 -2 386875677 -1 -1 -1 -1 -2 -1 -2 -2 -2 -2 -1 -2 -2 -2 -2 -1 -1 -1 -1 -2 -2 -1 -1 -2 -1 -1 -1 -1 -1 -2 -2 -2 -1 -1 -1 -1 -1 -2 226764502 -2 -2 -1 -2 -1 391153833 -1 -1 -1 -2 -2 49365545 -1 -2 -1 -1 -1 -2 -1 -2 -1 -1 -2 -1 -2 -2 -1 -2 -2 -1
-2 -1 -2 -2 -2 -2 975096878 -2 -1 -1 -1 -1 -1 -2 219559206 -1 -1 546955018 -1 -2 -1 731760443 -2 -2 -2 -1 -1 -2 -1 853937903 -1 -1 -2 -2 -1 283734573 -2 -1 -1 -2 -2 -2 -1 -1 -2 -2 -2 -1 -1 -2 373597293 240159790 -2 -1 -2 -2 -1 -1 -1 -2 -1 -2 -2 283443257 -1 -2 -2 -1 981920816 -1 -2 -1 -1 -1 -1 308392337 -1 -2 -2 -1 -1 -1 -1 -1 -1 -1 -1 -2 -2 -1 -2 -1 -1 -2 -1 -1 243048315 -2 -2 -2 -1 -1 -2 -1 -1 -1 573911749 -2 -2 -1 956243312 -1 -1 -1 348840931 -2 -1 -2 -1 -1 -1 -1 -2 61395434 -2 -2 -2 -2 -1 -1 -2 -2 -2 -1 558486171 -2 -1 -1 -1 -2 -2 -1 -1 -2 -1 -1 -1 -1 -2 -1 -2 -1 -2 -1 -1 -2 -2 -1 -1 -1 -1 -2 -1
-1 -1 -1 -2 -1 -1 -1 -1 -1 -2 -2 948844515 -2 -2 -2 -1 -2 -2 -1 -2 -2 -1 -1 988913748 -2 -1 -2 -1 -1 -1 -1 -2 -1 -1 734950559 -1 -1 -2 -2 -2 -2 -1 -1 -2 -2 -1 363462113 -2 -1 -2 -2 -2 -1 -1 836727235 -1 -2 -1 -1 -1 -2 -2 510496682 869098030 -1 98561078 -1 -2 -1 143374104 -1 -2 -1 -2 -2 -2 112845172 -2 -2 -1 -1 795135353 -1 -2 -1 -1 -1 -1 -2 958907030 -1 -2 -2 -1 -1 -2 -1 -1 -1 -2 -2 -2 -2 -1 -1 228012096 -2 -1 -2 -1 -2 -1 -1 -1 -1 -1 -2 -1 958444089 436920420 -2 -2 -2 -2 -2 -1 -2 -1 -1 553194798 -1 -2 -1 -1 -2 -2 -1 -1 636427973 51593225 -2 857288020 45337437 -1 -2 661467151 87143124 -2 -2 -1 -2 389357208 -2 -2 -2 -1 -2 -1 -1 106634687 -1 -1 -1
922644436 -1 -1 -1 -2 97446914 -2 -2 -2 -2 -2 -1 899665357 -2 -2 -2 -2 -1 -1 838332097 -2 -1 735512900 -2 -2 -1 -2 -1 -1 -1 -1 -1 -1 -1 -1 -1 590269321 -2 -1 33698871 -1 -1 -1 -1 -1 -1 -2 -2 -2 -2 -1 -2 317367068 -2 -1 -1 -1 -1 -2 -1 -1 -2 -2 -1 -1 -2 -1 596600345 -2 -2 -1 -1 -1 -2 -1 -1 -2 586275063 -1 -1 -2 -2 -2 -1 -1 -2 -1 -1 -1 -1 -2 -2 189377760 -1 -1 -2 -1 -1 -1 -1 -1 851162366 -1 -2 -1 -1 -1 -1 -1 -2 -1 -2 -2 -2 -1 -1 -1 -1 -1 -1 -2 -2 -1 -1 -2 -2 -2 -1 -1 -1 -2 -1 -1 -2 -2 -1 -2 -1 -2 -2 -1 -2 -1 -1 -2 -2 116044633 -1 659211735 -2 -1 -1 -1 -2 -2 -2 -1 -1 -2 -2 -2 -2 -1
-1 -1 478764917 -1 -1 -1 -2 140710610 -2 -1 -2 -2 -2 -1 -2 -1 -1 -1 489447364 -1 -2 -1 -1 -1 -1 -1 -1 -1 871437934 -1 -1 842238991 -2 -1 -2 -2 -1 -2 -2 -1 -1 -2 -2 -1 -1 -1 -2 -1 -2 772556770 -2 -1 -1 -2 -2 -1 -2 -1 -1 640065459 -1 -2 -2 646156349 -2 -2 -1 -1 -1 -1 -1 -2 -1 -2 -2 -1 -2 -1 -1 -2 -2 -2 -2 -1 -2 -2 -2 -1 -1 -2 -2 -1 -1 -2 -1 -1 271431713 -2 -1 -2 -1 -1 106706520 -1 -2 -1 -1 -1 -1 -2 -1 -2 -2 353571321 413825210 -1 -2 -1 677273403 -2 -1 -1 -2 -1 -2 -1 -1 845612941 -1 -2 -2 -2 -2 -1 658182715 -1 -1 -1 -2 -2 -1 718151637 -2 -2 -1 -1 -1 -1 -1 846362176 -1 -2 -1 -2 -1 67733591 -1 -2 -1 107570966 -2 -1 -2
-2 -2 -1 -1 -2 -1 -2 -1 -2 818235700 338819942 -1 -2 -2 -2 743865738 -1 -1 -1 -1 -1 -1 38806724 -1 -1 -1 -1 -1 -1 -2 -1 383033861 -2 -2 -1 -1 -1 -2 -1 195465028 950180033 -1 -2 -1 -2 -2 -2 -1 -2 -2 -2 -1 -1 -1 -1 -2 -2 -1 -2 -1 -1 -1 -1 -2 -2 -2 7594573 -2 362205661 -1 -1 431794860 -2 -1 -2 -2 -1 -1 -1 980805468 -1 -2 -2 -1 -1 -1 -2 -2 -1 -2 -1 -1 -2 -1 51077042 -1 -1 -2 -1 -1 -2 408322429 -1 -1 -2 -2 -1 -1 48078333 -1 -2 -2 -1 -1 -2 -2 -2 -1 -1 -2 335413920 -1 -1 246422170 -1 -1 -1 -2 -2 -1 -1 -1 -1 -2 -2 924522677 -1 915328102 -1 -2 -1 -1 -1 -1 -2 -1 -1 -2 -2 -2 -2 8159082 -2 -2 -1 -1 -2 -1 -2 612224524 -2 -1 -2
-1 -1 -1 -1 -1 -1 -2 -1 -2 -2 240349315 -1 -1 -1 -2 -1 -2 -1 -1 -2 343819333 -1 -1 -2 -1 -1 -1 -1 -2 -1 -1 -1 -1 -1 -2 -1 -2 -1 -1 82507319 -1 -1 -2 -2 -2 -1 -2 -1 -2 -2 -1 -2 -1 379847381 -1 -1 872794701 -2 -1 -1 -1 -1 -2 -1 -2 -1 -2 -2 -2 869931404 -1 -2 -1 556926084 -1 -1 928891285 -2 -2 -1 -1 -2 -1 -2 -1 -1 -2 -1 -2 -1 974042688 -2 -1 -1 -2 592136476 -2 -2 -2 -1 -1 -1 -1 -1 -1 -1 -1 -1 -1 -2 -1 -1 -2 -1 -2 -1 -2 -1 -1 -1 -1 185683045 -2 -1 -2 -1 962335064 -2 -1 -1 -2 -1 -2 -2 398886822 -2 -1 -2 -1 -1 -1 -2 -2 -2 -1 -1 -1 640233251 -1 -1 -1 -2 -1 -1 -1 -2 976677222 -1 21174177 876886085 -1 -2 -1
-1 -1 714356697 -1 -1 -1 -1 -1 -1 829425234 -1 -1 -1 -1 -1 -1 -2 -2 -1 -2 -2 626730244 -2 -1 -1 -2 -1 -2 -2 -2 457903302 -1 -2 -1 -1 -1 -1 -1 -1 -1 206858465 -1 -1 -1 -1 -1 -2 588496559 -1 -2 905907294 -2 -1 -1 -2 -1 -2 396411926 -1 -1 -2 224254152 -1 -2 -1 -1 -2 106695038 -1 -1 -1 -2 -2 -1 -1 -2 -2 473990358 -2 -2 -2 -1 -2 -1 -2 -1 -1 -2 -2 -2 -2 -2 -1 -1 -2 -1 -2 -1 -2 -1 -1 772890771 -2 -1 -2 -2 -1 -1 -2 -1 -2 -2 -2 -2 -1 -2 -2 -2 -2 987318841 -1 -2 -1 -1 -2 -1 692651024 -1 -1 -1 -2 -2 -2 -1 -1 -1 -2 -1 -2 -2 554705056 -1 -2 242674939 -1 -1 -2 -1 -2 -1 -1 823898886 -1 -1 -1 -2 49972840 -1 -1 -2 -1 -1 169539369
-2 -1 -1 -1 615936674 -1 20416439 -1 80203504 -2 -2 -2 -2 -2 -1 -2 -2 -1 -2 -2 -2 -1 -2 -2 -1 -1 -1 -2 -2 -1 -2 -1 -1 -2 -2 516384260 -2 -1 923376600 -1 -2 -2 -1 -1 -1 -2 -1 -1 -1 486912135 -1 -2 -2 941844260 579983570 -2 -1 -1 -1 -1 -2 942712054 -2 -1 -2 -2 -2 -2 -1 -1 -1 -2 -1 -1 -1 -1 -2 -1 -2 -1 -1 -1 -1 -1 -1 -1 -2 759870599 -1 -2 -1 -2 -1 -1 -1 -1 418260429 -2 -2 -2 -2 149265285 -2 -2 246164452 -2 -1 -1 -1 -2 -2 -2 697827845 -2 412809534 -2 -2 326002859 -2 -1 617984884 -2 -2 -1 -1 -2 -1 656187101 -2 -2 -1 -1 -1 -2 -2 -1 -2 978282388 -1 -1 -1 -1 -1 -2 -2 -1 -2 -2 -1 -1 -1 -2 -1 -2 -1 -1 -2 -1 -1 -2 -2 -1 -2
23926508 -2 -1 -1 -1 -1 -1 -2 -1 -1 84042580 -2 5825066 -2 -2 -1 -1 -1 -1 111252293 -1 -2 -1 -2 -2 -1 -2 -2 857691656 -1 -1 -1 -2 -2 -1 -2 -1 -1 -1 -2 -1 -1 -1 -1 -2 -2 401962455 -1 -2 -1 -2 -2 -2 -1 -2 -2 214239108 -2 -1 -1 -2 -1 -2 -2 -2 -1 -1 -1 -2 -2 -1 -1 -2 -2 -1 -1 -1 -1 -2 -1 -2 -2 -1 -1 -2 10920653 -1 -1 -1 -1 -2 -1 -1 -2 -1 -1 -2 -1 -1 -2 -1 -1 -2 -1 -1 -1 434972500 -2 -1 -1 -1 -1 -1 124564499 -1 861050521 -1 -1 -1 -1 -1 -1 -1 -1 -2 -1 -2 -2 -2 521707531 779273045 -1 -1 -2 -2 -2 -1 -1 10315287 -1 -1 -2 -2 -1 -1 -2 -2 -2 -1 -1 -2 -1 -1 -1 -1 -1 -1 -2 -2 -2 -1 -1 -1
-1 -2 149700158 -1 -1 -1 -2 -2 -2 -1 -1 -2 -2 -1 -1 -2 -2 -2 799517970 -1 -1 -1 -1 -1 -2 437017381 -2 -2 -1 -2 -1 -1 -1 -1 -1 100966409 -2 425961391 -1 -1 -1 -2 -1 -2 -2 -1 -2 -2 -1 -1 -1 -2 -2 -2 -2 -1 -1 865517291 -1 -2 -2 -1 -1 -1 -2 -1 -1 -1 -2 -1 -2 151412274 -1 -2 -2 -2 -2 148858100 -2 -2 -1 -2 -2 -2 -1 -1 -1 -2 -1 504300804 -1 -1 -2 -1 78452128 -1 -2 -1 -2 241779158 -2 -2 -1 -2 -1 -1 -1 -1 -1 830537097 -2 661320331 -2 -1 -1 -2 -2 -2 283246486 -2 675686334 831641771 -2 -2 -2 -1 -1 -1 588628054 -2 -2 -1 414209146 -2 -1 -1 -2 240844353 -2 -2 -1 -2 -2 -2 -1 -2 -1 -2 -1 -2 -1 -1 -1 -2 -2 -2 -2 -1 -1 -1 -2 -1 -1
-1 -1 -2 -2 -2 -1 -1 -1 -1 -1 -1 -1 -2 -2 -1 -1 942919910 -1 -1 -1 -2 -1 -2 -1 -2 -1 -2 -2 -1 -1 -1 -2 -1 -1 -2 -2 -2 -2 -1 -1 -2 -1 -1 -2 -1 -1 -2 -1 -1 133347572 -1 -1 -1 -2 -2 -2 960989651 -1 -2 -2 -1 -1 -1 -2 -1 851893806 -1 -2 -1 -2 -1 -1 602119160 -2 -1 359996576 -1 -1 -1 -2 -1 -2 -1 -1 -2 -1 -2 -1 -2 -2 -1 -1 -2 -1 -2 -1 -1 -2 -2 -2 -2 685635909 181581448 -1 -2 171908099 -1 -1 -2 -2 -1 -2 -1 685569586 -1 -1 -2 -2 -1 -1 635823315 -1 -2 -1 -1 -2 -1 -1 -2 -2 -1 -2 -1 -1 -2 -1 -1 -1 -1 -2 -2 -1 -1 -2 -1 545986682 -2 65536478 -1 -1 -1 -1 -1 -2 -1 -2 629722918 -1 -1 -1 -1 -1 -2
-1 -1 -1 -1 -2 -1 -1 -2 -2 -1 -2 -1 -2 -2 -1 -2 -1 -1 -1 -1 -1 -1 -1 486339863 -1 -2 -1 -2 -1 900068136 -1 -2 -1 643043822 -2 -1 -1 -2 -1 -1 -1 -1 -1 -2 -1 244058020 -1 -2 -1 -2 -2 -1 388868994 -1 499076021 -1 -1 -2 813889800 -2 -1 -1 -1 -1 -2 -1 -2 -1 -1 -1 -2 -2 -1 -1 -2 -2 -1 -2 -1 -2 -1 -1 -1 867266221 -1 -2 -1 -1 -1 122559942 -1 -1 -2 -1 -2 -1 -1 11667815 -2 -2 -2 -2 -2 -2 423963823 -1 -1 -1 -2 -2 -1 -2 -1 -1 -1 -1 -1 -2 -1 -1 -1 -1 -2 -2 -1 -2 -1 -2 -1 -1 -1 -2 -1 -2 -1 -2 -2 -1 -1 -1 -1 714410578 -2 -1 -1 -2 -2 991233795 -1 -2 -2 -1 -1 -2 -2 -1 -1 -1 -2 -1 -1 842006252 -1
-2 -2 -1 -1 -1 -2 -2 -1 935849418 -2 -2 -1 -1 899768285 -1 907604317 -2 -2 -1 -1 -1 -2 -2 -1 -2 284462434 -1 -1 -1 -1 -2 -1 -2 -2 -2 -1 129264011 -2 -1 -1 -1 -2 -2 -2 -2 553370743 -1 -1 -1 -1 -1 -1 -2 -2 524898881 -1 -2 -2 -1 -2 -2 -1 -2 -1 -1 -2 696124792 -1 -1 -1 -1 -1 -2 -1 -1 -1 -2 -2 -2 -1 -1 -1 -1 -1 -2 -1 -1 -1 -1 -1 401377270 -1 -2 -1 -1 -1 -1 -2 -2 -2 841958982 -1 -2 -1 -2 -1 -1 -2 -1 319913125 -1 -1 -1 -1 -1 402872070 -1 -1 -2 641583867 -2 -1 -2 722229963 -1 -2 -1 -1 -2 -1 -1 -2 -1 -1 -1 -1 362668218 -2 -1 -2 -2 -1 -1 -1 -1 -2 -2 -2 -1 -2 -1 -1 -2 -2 -1 -2 834838458 -2 -1 -2 -2 -2 -1
621208894 -1 -1 -1 -2 -1 -2 -2 -1 -2 -1 -2 -2 -1 -2 -2 -1 -1 -1 947879304 160725987 -2 -1 -2 -2 -1 803394004 630591506 -1 -2 -2 -1 127056091 -1 -2 -1 -2 -1 -1 -1 -2 -2 -1 -2 -1 475107563 -1 -1 -2 -1 -1 -2 -2 -1 -1 -2 -1 -2 -1 -1 96154340 -2 -2 -1 -1 -2 -2 -1 -2 -1 -1 -1 -1 -1 -1 -1 -2 -2 759773740 -1 -1 -1 -1 -2 -2 -2 -2 -2 -1 -2 -1 -2 -1 -1 -1 -2 -2 695321408 -1 -2 -1 -1 -2 -1 -2 -2 -2 -1 -2 -2 208193303 -2 -1 -1 -1 -2 -1 -2 -1 -2 -1 -1 -1 -2 -2 825760705 -1 616101730 -2 -2 -2 148449962 -1 -1 -2 -2 -2 -2 -1 -2 898559830 -2 -1 -2 -1 -2 -1 -2 -1 -1 -2 112855777 -2 -2 20129167 -2 -1 -1 -2 -1 -1 -2 -2
-1 -1 -1 479122084 -1 -2 -2 -1 -2 -2 932775933 -1 -1 -1 -2 -2 -1 129460432 -2 -1 -1 -2 -1 -2 -2 -2 -1 -2 -1 -1 -1 886515137 -1 -1 -1 -1 -1 -2 28610277 -2 -1 -1 398132425 537042663 -1 -1 336982714 -1 399704118 274392217 -1 -1 -1 -1 926660370 -2 362045647 -1 -1 -2 248677198 -2 -1 272390517 -2 193334979 -2 -1 -2 -1 -2 -2 -2 -2 -2 -2 -1 -2 -2 -2 -2 -2 -2 -1 226613688 -2 -2 -2 -1 -2 -1 -2 -1 -1 -2 -2 -1 -2 -1 -2 267731837 -1 -2 -1 -1 -2 -1 -2 -2 -2 -1 991340652 -1 -1 -2 -2 -1 97704408 -1 -2 -1 -2 -1 269827898 -1 -1 13859280 -2 -1 -2 -1 -2 13440628 -1 -2 -2 -2 -1 -2 -2 -1 -1 -1 -1 -1 -1 -1 -2 -1 -1 -1 -1 -2 -1 -1 -1 -1 -1 -1 -2 656348566 -2 -1
823918096 -1 -1 -2 -2 -2 -1 -2 -1 -1 68350493 -2 31839243 -2 -1 -2 -2 -1 -1 -2 -2 -2 700216949 -2 -1 -1 -1 -1 -1 -2 -2 -1 -2 -1 -1 -2 -2 -1 -2 -2 366021521 -2 656101610 -2 -2 -1 -1 -2 -1 -2 -1 -1 -2 91958351 -1 -2 -1 -1 -1 -2 400009867 -1 -2 -1 -1 -1 -1 91236479 -1 -1 96973940 -2 -2 -1 -1 -1 -1 -1 -2 -2 -2 -2 805412755 -2 -1 -2 -2 -1 -1 -1 -2 -1 -2 -1 -2 -2 744918086 -1 -1 -1 -1 686612324 -1 -2 -2 -2 -2 -2 -1 -2 -1 -1 -2 -2 332527469 -1 -1 -1 -1 -1 343338467 -1 -1 -1 -1 -2 -2 -2 -2 17425281 -1 -2 -2 -1 -2 411056909 -2 -2 -1 -2 -2 -1 -2 -1 -2 -1 -1 -1 898692073 82797528 803903695 -2 437280631 306562514 -1 -1 -1 -1 340317142 -2 -1 -1 -1
-1 -2 -2 -2 -1 -1 -1 -1 -1 -1 -2 -1 -1 -2 -1 -2 -2 -1 -1 -1 -1 -2 -2 103821229 771599163 -1 -1 -1 -2 -2 -2 -2 -1 -1 -1 -2 -2 158042312 -1 -2 -2 -2 -2 -1 -1 -1 -1 -1 -2 -1 -1 -2 -2 -2 -1 -1 -2 -2 -2 -2 -1 -2 -2 -2 -1 -1 -2 -2 -1 -1 -2 -2 -1 -1 -1 -2 -2 361920092 -2 -2 -1 -1 -1 -1 -1 -2 -1 -1 -1 -2 -1 -1 -1 -1 -2 752363014 594047084 -1 -1 791969737 -1 -2 -2 -2 -2 -2 -1 -2 -1 -1 -2 -2 605522899 -2 -2 -1 -2 -1 -2 830901565 -1 -1 -1 -2 -2 -2 -1 -2 -1 -1 -2 -1 -2 -1 -1 -2 -1 -1 -2 -1 -1 -1 -1 234281129 -2 337787087 -1 -1 31326722 549744169 -2 -1 201401753 -1 -1 -1 -2 -2 -2 -2 -1 -2 -1
-2 -1 -1 -2 -2 -1 -1 -2 -1 -1 -1 -2 -1 -1 -2 -1 -2 -2 -2 -1 -2 -2 90943048 -1 -1 -1 577975343 -1 -2 -2 -1 -1 -2 -1 -2 -1 -2 -1 -2 -1 -1 -2 -1 -2 -2 336463161 -1 -1 -1 -1 -2 -1 135771062 -2 -1 -1 73928343 -2 927412136 142956437 -2 -2 -2 -2 -2 -1 -1 815285280 245644050 -2 -2 -1 -1 -1 -1 -1 -1 -1 -1 -2 -1 -1 -1 -1 -1 -1 -1 -2 -1 -1 639784700 -1 -2 -1 -1 428617219 -2 -2 -1 -1 -2 686336180 -2 -1 -2 -2 -1 -1 -1 -2 -1 -2 -1 -1 -1 -1 -2 -1 -1 -1 -1 796191699 -1 -2 -1 -1 -1 959825052 -1 -2 -1 643256394 -2 -2 -1 -2 -1 -1 406311390 462740527 -1 -1 -1 -1 -2 -1 -1 -1 -1 -2 -1 -2 -2 -2 -1 -1 -2 97201363 -2 -1 -1 -1 -1
-2 -1 134558257 -2 707639482 -1 -1 -1 -1 -2 -1 -2 -1 -2 -2 -1 -1 -1 -2 -1 -1 -1 -1 -2 -1 -1 -1 -1 -1 -1 -2 -1 -2 -2 21880634 -2 -2 -1 -1 -1 -1 -1 -1 -1 -1 -2 -2 614868668 -1 -1 -2 -2 -1 -2 -1 -2 840451275 -2 -1 -1 -2 -1 -2 -2 -1 -1 33714111 574791490 -1 -1 -1 -1 -2 -2 -2 -2 -2 -1 -1 -1 -2 -1 -2 -2 -1 -2 -1 -2 -1 -1 -1 -1 672466932 -1 -1 -2 -2 -2 -1 -1 -2 -1 -1 -1 -2 -1 -1 -2 -2 -2 -2 -1 -2 -1 -1 -1 -2 -1 -1 -2 -1 -1 83900962 -2 -1 -2 -1 -1 -1 -1 -2 -1 -1 -1 -2 -2 -1 -1 -2 -1 -1 -1 -1 -2 -1 -1 -1 -2 207623287 -1 -1 -1 -1 -1 -1 -1 -1 -2 -2 -2 -2 -1 -1
-1 -2 -2 -1 -1 -1 -1 886887360 -2 -1 428591292 -2 -1 -2 -1 -2 -1 -1 -2 -1 -1 -1 880235185 602778782 -2 -1 -1 -2 -2 -1 -2 273097166 -1 -2 -1 -1 -1 -2 -1 -1 -1 -1 -1 -2 -1 -2 351808711 -2 -1 -1 -1 -2 -1 -1 -1 -1 -2 -2 -2 -2 -1 -1 -1 384676994 19326186 -1 -1 -1 -2 -2 -1 -2 -1 -2 -2 -2 135834811 -1 281226821 -2 485178079 96025438 853632695 -1 -1 -1 -1 -1 586772694 -2 -2 -2 -1 -2 -1 -2 -1 -2 -1 -1 -1 -1 428605064 -1 -1 -2 -1 -1 -1 -2 -2 -1 -2 -1 -1 370868564 289332626 -1 -2 17410295 492973638 -2 -2 -1 -1 -2 -2 -2 -2 -2 -1 -1 -1 -2 -2 -1 -2 -1 -2 -1 -2 829607384 -2 884914860 122244583 436948377 -2 -2 -1 -1 -1 -2 -2 -1 -1 -1 -1 -2 -2 426941921 -1 84787110 -2
-1 -1 -2 -2 -2 -1 -2 -1 737486411 -2 -1 -1 -2 -1 -1 -2 391389075 -2 -2 -2 517660178 -1 -1 -1 -1 -1 -1 369310474 -2 -1 -1 105304380 -1 -2 -2 954212294 -1 -2 -1 -2 -1 -2 -1 -1 -1 -1 -2 -2 -2 -2 319819790 -2 -1 -2 -2 -1 -2 -1 -2 -2 -1 -2 -1 -1 -2 -1 -1 -1 -2 -1 -2 -2 -1 -2 -2 -1 -1 -1 -1 -1 -1 -1 -1 -1 -1 -1 -1 -2 -2 -1 -1 -2 -2 -2 -2 -1 -1 -1 -2 -2 -1 -2 -1 -1 -2 -2 -2 -1 -1 140339664 -2 -2 -1 -1 -2 -2 -1 -1 -2 -1 -1 -2 -1 -1 -1 -1 -2 -2 -2 -2 -1 -2 -2 -2 -1 -1 -2 71640601 -2 -1 -1 -1 -1 -2 -2 -1 -1 635313762 -1 -1 -1 -1 -1 -2 349345277 -2 -1 -1 -1 -1 -2 -1 -2
379501837 -2 -1 -1 -1 -1 -2 -1 -1 -2 -2 -2 -1 -1 -2 -1 -1 -2 -2 -1 -1 -2 655900513 -2 -1 -2 -2 -1 -1 -1 -2 -1 829707678 -1 -1 -2 889559852 -1 -2 -2 -1 -2 -1 -1 -1 -1 -1 -2 -2 -1 -1 -1 -2 -1 -2 -1 -2 -1 -2 -1 -1 -2 -2 -2 -1 -1 -1 -1 -1 -1 -2 605560211 -1 -1 -1 -1 -2 -1 -1 474403593 -1 -1 -2 -2 -1 -2 528100335 -1 -1 -2 -2 -2 -2 -1 -2 -1 -1 -1 -2 457434579 900580331 -2 -1 -2 -2 -1 -2 -1 -2 -2 -1 -1 -1 -1 -2 -1 -2 638408712 -1 -1 -1 -1 -1 -2 -2 -1 -1 -2 -1 -2 -2 -2 -1 -2 308796965 635142842 -1 -2 423019476 -2 -2 -1 -2 571005472 -2 -1 -2 -2 -2 -2 -1 809551948 -1 -2 -1 -2 -2 -1 -2 968601306 -2 -1 -2
-1 -1 -2 -1 -2 -2 -1 -2 -2 -2 -2 -1 -2 -1 -2 -1 -1 -2 -1 -1 -2 -2 -2 934529348 146673635 -1 -1 -2 -1 -1 -1 -1 -1 -1 -2 -2 -2 -2 -2 -1 -1 -1 -1 -1 -1 -2 -2 -1 -2 -2 -2 -1 455944542 -1 -2 -1 -2 -1 -2 -2 -1 -1 -1 13866573 -1 -1 -2 -2 -1 -1 -1 -2 -1 -2 -2 -1 -2 -1 -2 -2 -2 -1 -1 -2 -1 -1 -2 -2 -1 -1 341126561 -1 -1 -2 -2 -2 -1 -2 -1 -1 -1 -2 -2 -1 -1 -2 -1 -1 -1 -1 -1 -1 -1 -1 -1 -2 -1 -2 -2 -2 -1 641350741 -2 -2 -1 -1 -1 -2 -2 -1 772907950 -2 -2 -1 -1 -1 883075221 -2 -2 -1 -1 -1 -2 -1 -2 -2 694015667 -2 -2 -2 -2 -2 -2 601580023 -2 -2 -2 10171868 -1 -2 -2 -2 -1
-1 -1 -1 -1 51561631 -1 -1 -1 -2 -2 -1 -2 -1 -2 -2 -1 -1 -1 307836809 72129157 -1 -1 -1 -2 -2 -2 -2 -1 -2 -1 -2 -2 -1 -1 -2 -1 -1 -1 -2 -2 -1 -1 -1 -2 -1 -2 -2 -1 -1 176255484 -1 -1 -1 -1 -2 -1 -1 -2 -1 -1 -2 -1 -1 -1 -2 -1 -2 208260743 -1 -2 539932295 -1 -2 -1 -1 116255895 -2 -2 -1 -1 -1 -2 -1 -2 -2 -1 -2 539037476 685723865 -2 -1 -1 -2 -1 -2 -2 -1 -2 -2 -2 -2 -2 -2 -1 -2 -1 -1 -1 -2 -1 -2 -1 -1 31763906 -1 -2 -1 -1 -1 -2 696425752 -2 -2 -1 790062893 -2 -2 -1 -1 -2 -2 -1 -1 -2 -2 -1 713569761 -1 -2 -1 -1 -1 177911079 -1 -2 -1 -2 -1 -2 -1 -1 -1 -2 -1 -1 -1 -2 -1 362086968 -1 -1 -1 -1
-2 -1 -1 -1 508293260 -1 -1 -2 724979049 -1 -1 -1 -1 -1 -2 -1 -2 -1 -1 -2 -1 -1 -2 -1 -1 -2 -1 -2 -1 -2 -2 -2 -1 -2 -2 -1 -2 -2 -1 -1 -2 -1 -1 -1 -1 -1 -1 -1 -1 202278244 -1 -2 -1 -1 -2 -1 -2 -1 -2 -1 -1 -1 -2 -1 -2 -1 -1 -2 -1 -2 -2 -2 -1 -1 -2 -1 -1 -1 -1 -2 102690137 -2 -2 -2 286272230 -1 -2 -1 -1 -2 -1 -2 -1 -2 -2 -1 -1 -1 134231258 -1 -2 -1 -2 -1 496248674 -2 -1 711408699 -2 -1 -1 394542922 -1 -1 -2 -2 -1 -1 -1 502136888 -1 -1 -2 -2 -2 -1 -2 -1 -2 -1 -2 -1 -1 -2 -1 -2 -1 -1 402496526 -2 -1 -1 -1 -2 -2 -1 -1 -1 -1 -1 -1 -1 -1 -2 -1 -1 -2 -2 -2 -1 -1 -1 -1
-2 -2 -1 -2 -2 -1 -2 -1 -1 -2 -1 -1 -1 -2 -2 -1 -2 -2 -1 -1 -1 -1 -1 -1 -1 361825365 -2 -2 -1 -2 -1 -1 -1 -2 -1 -2 -2 -1 -1 -2 -1 -1 -1 -1 120790628 -1 -2 -1 -2 -1 -2 -2 -2 -1 -1 -2 -1 -2 -1 449553249 -1 -1 -2 -1 -2 -1 -1 -1 -2 -1 -1 -1 -1 -1 -1 -1 -1 -2 -1 475847397 -1 -2 -2 -2 -1 -2 -2 -2 -1 -1 -1 -2 710280801 -1 -1 174683257 -1 -1 -1 545568158 -1 -2 -2 -1 -1 314161484 864662098 -2 -1 -2 -2 -1 -1 -1 -2 -2 858134284 -2 -1 212543778 -1 -2 -1 -1 -1 -2 -1 -2 -1 -1 -1 -1 -2 -1 -2 -1 -2 -2 -1 -1 586055069 -1 -1 -1 -1 -1 -1 -1 -2 340913598 -2 -2 -1 -1 -1 -2 109841334 -2 -1 -1 -1 -2 -1
-2 -2 -1 -1 -1 -1 588132466 -2 -2 -2 -2 -2 -2 -1 -2 -1 -1 -1 -1 315254695 -1 -1 -1 -2 -1 -1 -1 -1 -2 -2 -1 -2 -2 -2 -1 -1 -2 -1 -2 -1 -1 -2 -2 -1 -1 -2 -1 -1 -1 -1 -1 -1 -1 -1 -2 -2 -1 -1 -1 -1 -2 -1 -2 225710092 -2 -1 -1 -1 -2 -1 -1 -1 -1 -1 -1 787134594 307592949 650816353 -2 211229669 -1 -1 187550997 -1 -2 -1 -1 56333784 -2 -1 -1 -1 -1 -2 -2 -1 -1 422764379 -1 -2 -2 -1 -2 -2 -1 -2 -1 -1 -2 -1 -1 -2 -1 -1 -1 -1 -1 -1 548103818 -1 -1 -1 -2 -1 -2 -1 -1 -2 -1 421965858 -1 -1 -2 -2 -2 -2 -1 -1 -1 -1 -2 -1 -1 -2 929729491 -2 -1 -1 874455727 -1 -2 -2 -2 -2 -1 -1 -1 -2 -2 -1 -1 -2 -1
126229361 496063860 -2 -2 -1 -1 -2 -1 -1 -2 879016585 -1 -1 -1 -1 -1 -2 -2 -1 761270674 -1 -1 127889427 -1 -1 -2 -1 -2 -2 -1 -1 -1 -1 -1 -2 -1 -2 -1 -2 -1 885223551 -1 423823867 -2 -1 -1 -1 -2 -2 -1 -2 -1 -2 -1 954989640 -2 -2 -2 -2 129911242 -1 -2 -1 -1 367825262 830347351 -2 -1 -2 -2 740120012 -2 -1 -2 -2 -1 969673861 -2 -2 -1 -1 10620497 -2 -2 -2 -2 -2 -2 -1 243788512 -1 -1 -1 -1 -1 -1 -1 -1 -1 -2 -1 -1 -1 -1 -2 -1 -1 -2 338742601 -1 -2 -1 -1 -2 -1 -1 -2 -1 -1 -1 -2 -2 -1 -1 -2 -1 -2 -1 -1 -1 -2 -2 888774599 114795400 -1 -1 -2 -1 -1 -1 -1 -2 861193332 -2 629443447 -1 -2 -1 -2 -2 843613693 -1 660151177 423111298 -2 813940664 -1 856268779 -1 -1 -1 -1 -2
-1 -2 -1 -1 -2 -2 -2 -1 15986765 519698124 -1 -2 -2 -2 493285720 -2 -1 -2 -2 -1 -2 -2 -1 -1 -2 -2 -2 -1 -2 264089262 -1 -1 -1 -1 -1 -1 -1 -2 -1 -2 -1 -2 -1 -1 -1 -1 130409480 -1 -2 -1 -1 -1 -2 -2 -2 -2 -1 -1 -2 -1 151680027 -1 -1 -1 -2 -2 -2 -1 -1 488233922 -2 -1 -1 -1 -2 498663297 -2 840859620 -2 -2 -2 -1 -1 -1 -1 -1 -1 -2 -1 -2 -1 -2 -1 -2 -2 -2 -1 -2 -1 -1 -1 -2 -1 -1 -1 -1 701376868 31498682 -1 -2 -1 -2 -2 -1 -1 -2 637586220 -2 -1 -2 89050897 -2 -1 410792591 37761367 -1 -1 724554693 -2 -2 -2 -2 -2 -1 -2 -1 -1 96047291 -2 -1 -2 -2 -2 -1 -2 -2 -2 -1 86905186 -2 -2 -2 -1 -2 -2 765787401 -1 -1 -1 -1 -1 -2 346154669
-2 -2 294434254 -1 -2 -2 -2 -1 -1 -2 -1 -1 -2 -1 -1 -1 -1 -2 -1 -1 -2 -1 -1 -2 -1 -1 -2 -2 -2 -1 -1 -2 -1 -1 -2 -1 -1 -1 -1 -2 -1 -1 -2 -1 -2 -1 -1 440914118 -1 -1 -1 -1 -2 -1 -1 -1 -1 -2 -1 -2 -1 -2 -1 -1 -2 -2 544479035 -2 -1 -1 -2 -1 -1 -1 -2 27320908 -2 -1 -1 -1 -1 -2 -2 -2 -1 -2 -2 -1 -1 -1 -2 -1 -1 -1 -2 -2 -1 -1 -1 -1 -1 -1 -1 -1 -1 -2 -1 -2 -1 -2 -1 -1 -1 -1 -1 -2 -1 -1 -1 -1 -1 -2 -2 -1 -2 -1 -1 -2 -2 -1 -2 -2 -1 -2 -1 -1 -2 127465168 -1 -1 -1 -1 -1 265774990 -2 -1 484157522 -1 -2 -1 -1 -1 -2 -1 -1 -1 -1 259823209 -1 -1 -1 -1 -2
-1 -1 -1 -1 -2 -2 -1 -2 -1 -2 646185553 105642615 -2 -2 -1 -1 -1 -1 -2 -1 481633876 -1 536990974 89081738 143455185 -1 -1 -1 -1 -2 262643922 -1 -2 -2 -1 -1 -2 -2 -2 119049722 -2 -1 -2 -2 562007974 -2 -1 -1 -1 -2 -2 -2 -1 -2 -1 -2 -1 -1 -1 -1 -1 -1 -2 -2 -1 -1 -1 -1 -2 -1 -1 -2 -1 -1 -1 -1 -1 -1 -2 -1 -1 550297698 -1 -1 -1 -1 -1 -1 748860515 -1 -1 -1 -2 -2 -1 -1 -2 -1 -1 -1 -2 -1 -1 -1 -1 -1 -1 -2 -2 -1 -1 -1 -1 -1 -1 -2 -1 -2 -1 -2 -1 904811494 -2 -1 26634231 -1 -1 206519927 -2 -1 -1 -2 -1 -2 -2 -2 241129455 -2 -1 579452754 -1 -1 -1 -2 -1 -2 -2 -2 497113902 -2 608539742 -1 -1 -1 431331121 -2 -2 -1 -1 -1 -2 717602325 -1
-1 -2 -2 -1 -1 -1 -1 -1 -2 -2 -1 -1 301917904 -1 -2 -2 -1 -1 293020260 -1 -1 -1 -1 -2 -2 -2 -2 -2 980581334 -2 -2 -1 -2 -2 127684112 -2 -1 -2 -2 -2 -2 879999451 -2 512488527 -2 -2 -1 -1 -1 -1 -2 -1 813695836 -1 -1 -1 -1 -1 -1 -1 -1 -1 -1 -2 -1 -1 -2 -2 -1 -1 -2 -2 -1 700426172 -1 -2 -2 -1 -1 -1 -2 -1 -2 -1 -1 949486852 -2 -1 -2 -2 -2 -2 -1 -2 -1 -1 -2 -1 -2 -1 -2 -1 -1 -1 -2 -1 -2 -1 783905718 -1 -1 -2 -2 -2 399410271 -1 -1 -2 -1 -2 -1 -1 -2 -1 -2 -2 -1 -2 -1 -2 -1 -1 -2 -1 405954593 -2 -2 -1 -1 -2 -1 -2 -1 -2 -2 -2 -1 -1 -1 573160186 -2 444375355 -1 -2 -1 -2 332980858 -2 -2 -1 -1 -1 -1
-2 -1 -1 -1 -2 -2 -1 -1 845780046 -2 -1 -1 100081435 -1 -2 -1 999726702 -2 -1 -2 -1 -1 -1 -1 -2 -1 -1 -2 29809516 -1 -1 -1 -1 -1 436090681 614377992 -1 -1 -2 11859366 -2 -2 -1 42857248 -1 -1 -1 -1 27423878 -1 -2 -1 -1 -1 -1 -1 -1 -2 -2 -1 -1 -1 862572866 -1 -2 -2 -1 907070508 -1 -1 -1 209126598 -2 -2 -1 -1 -1 -2 -1 -2 -1 -2 -1 -1 -2 -2 -1 -2 -1 -1 578324593 -1 -1 -1 -2 -2 -1 -1 -1 -2 -2 -1 503031229 -2 -2 -2 -2 -1 -1 544741819 -2 -2 -1 -2 -1 -2 -2 -1 -2 -2 -2 -1 -1 -1 -2 -2 -2 -1 -1 -2 -1 -1 -2 -2 -2 -1 644514033 -1 -2 -1 -1 -2 702947947 -2 -2 -1 -1 -2 -1 -2 -1 -2 -1 -2 -1 254983856 -1 -1 413927035 -1 388154465 -1 -1
-1 -1 330939196 -1 -2 941411633 -1 -2 273820967 -2 -1 -2 -1 -2 -2 -1 -2 192659627 -2 -2 -1 -2 -1 -2 -2 -1 -1 -2 -1 -2 -1 526889998 -1 -1 -1 -1 -1 -1 -1 -1 -2 -2 -1 -1 -1 -1 -2 -1 -2 -1 -2 -1 -1 -2 232852167 -2 -1 78727463 -2 -1 -1 -2 -2 -2 -1 -2 -1 -2 -1 -2 -1 -2 -2 649428865 -2 -1 -2 648047416 -1 -1 806142024 -2 -2 -1 -2 -2 -2 -1 -1 -1 -2 171565121 -1 558360353 -2 -2 -2 -2 -1 -1 -1 -2 -1 -1 -1 -1 -1 -2 -2 -1 -2 -2 -2 -1 -2 -2 -1 -1 814714344 -1 -2 599095821 -2 -1 -1 72336155 -2 -1 -1 -2 -1 -1 -1 -1 -2 -1 -2 -2 -2 -1 -1 -1 -2 -2 -2 -1 -1 -1 -2 -1 -1 -2 -2 -1 80681750 -1 -2 275336027 -1 844466522 -1 -2 -1
-1 -2 -1 -1 523866575 -1 -1 -2 -2 -1 -2 -2 -1 -2 -1 791355750 -2 -2 -1 -1 -1 -1 -1 -2 -1 -1 -2 -1 -1 -1 -1 -1 -1 330951990 -1 -2 -1 805022442 -2 -2 -2 -2 -2 -1 -2 -2 -2 907997648 -2 -2 -1 -2 -1 -2 -1 706170018 -2 -1 -2 -1 -1 -2 -1 -2 -1 974766258 -1 -1 -1 -2 -1 -1 -1 267453029 -2 -1 -2 -1 -2 685461649 -1 -2 -1 -1 984599300 585137806 -1 -2 -2 -1 -1 -1 -1 -2 -1 -1 -1 -2 938808996 74282042 -1 -1 -1 -1 -2 -1 -2 -1 -2 -2 -1 -1 -2 -1 -2 -2 -1 -1 -1 -2 397302410 -1 -2 632096886 -1 858006507 -1 -1 345887947 -1 -1 -2 -2 -2 -1 -2 -2 -1 -1 -1 -2 -2 -2 -2 -1 75902651 -1 -1 -2 -1 -1 -1 -2 -2 -1 -1 -2 -2 -1 -1 952817197 -1 -1
-1 465286329 -1 -2 -1 -1 -2 -2 -1 -1 -1 -1 -1 -2 -1 -1 -2 -2 -1 -2 -1 -2 -2 -2 -2 -1 218753825 -1 -1 328129356 -2 -1 731874760 -2 795752919 -2 -2 -1 -2 -2 -2 -1 -2 -1 -2 -2 -2 -2 -2 -2 163420658 -1 -2 -1 -2 -2 -1 -2 -2 -2 -2 -1 608993633 334140056 -1 -1 479096584 235091245 -2 -1 -2 297292139 -1 -2 -2 -2 840774740 -1 -1 -1 -1 -1 -1 -1 -1 -2 -2 -1 16486434 -2 426967675 548972438 835903086 -2 -1 -1 -1 201946019 -2 -1 -2 131393050 -2 -1 -1 -1 -1 -1 -1 -2 -1 -2 -1 -2 -2 -1 -1 -2 -1 -2 -1 -1 716869283 -2 -2 -2 51306041 -2 -1 -1 296985625 -2 -2 -2 109637380 -2 493031636 -2 -1 -2 -2 -1 -2 -1 -1 -1 -1 472848099 458116544 -2 -2 -1 -2 -2 -2 -1 704007225 -2 -1 -1 -1 37636555 -1
-1 -2 -1 -1 -1 -1 -1 131753643 -1 -1 431929915 -2 -2 -1 -1 -1 -1 690955058 76564542 -2 -2 -1 127574947 -2 -1 -1 48751827 -1 -1 -1 -1 -1 -1 -2 -2 -1 -2 -1 -1 -1 -2 -2 -1 -2 -2 -2 -2 -1 -1 -1 -1 -1 -2 -2 -1 -2 -1 -1 -1 -2 -2 -2 -1 222287510 -2 317441855 -2 -2 -1 -1 -1 -1 -2 -1 468032521 -2 -1 -1 -1 -1 -2 -2 -1 -1 -2 -2 -1 -1 -1 -1 -2 -1 -1 -2 -2 -1 -2 -2 -2 -2 906902429 -2 -2 -2 -1 -1 -1 -2 -1 -2 -1 -1 -1 -1 -1 99011810 -2 -1 -2 -2 -2 -2 -1 -1 -1 -1 -2 -2 -2 -2 -1 -2 -1 -1 -2 -1 -2 -1 -1 -2 -2 -2 -2 -1 -2 -1 -1 -2 778713892 -2 -1 -2 832123118 -1 465283182 -2 -1 -1 -2 581871693 -1 -2 -1
876069912 -1 -1 -2 -1 -1 -2 -2 -1 -1 -2 792275895 -2 -1 -2 -1 -1 -2 -2 -1 -2 -2 -1 -1 -2 -2 -1 -2 -2 -2 189320769 -1 -1 -2 -2 -2 -1 -1 -1 -1 -1 -1 -1 -2 -1 -2 -2 -1 -1 -2 -2 -2 -2 -1 -2 -1 -1 -2 -1 914176 -2 -1 -1 -2 -2 -1 785434681 -2 -2 -1 -2 -1 -1 -1 -1 67466365 -2 -1 -1 -1 -1 -1 -1 -1 -1 -1 316121843 -1 -1 -2 -2 -2 -1 -1 -2 -1 -2 -2 -1 -1 -1 -2 -1 -1 -1 -1 279301159 -1 -1 -2 -1 -1 -1 -1 -2 -2 -2 -2 554093380 -1 -1 -1 -1 -2 -1 -1 -1 -2 -2 -2 623351101 -1 -2 -1 37804462 -1 -2 -1 678458894 -1 -2 -2 -2 536280697 -1 -2 -2 -2 -2 -1 -1 -1 -2 -1 -2 -2 -1 -1 -2 -1 -2 -1 -2
-2 -2 -2 -1 -2 -2 -1 -1 921090445 57871216 -2 432857147 -2 -2 -2 861792128 -2 -2 -2 -1 -1 -2 -2 -2 -1 971536383 -1 -2 -1 -1 -1 -2 -1 -1 -1 509992533 -2 -2 -1 -1 -2 -1 -2 -2 -1 -1 -1 -2 -1 -1 707787578 -1 -2 -2 -1 -2 -2 -2 -2 -1 -1 -1 -2 -1 -2 -1 -1 -1 -1 -2 -1 -1 -1 -1 -1 -2 -1 -2 504903129 -1 -2 -2 -1 -1 -2 534405669 -1 -1 -1 735945527 -2 -2 -1 -1 -1 -1 -2 821694724 -1 -2 -2 -1 -1 -2 -1 -2 -1 -2 -1 -2 -1 -1 -1 -1 -1 -1 -1 -1 716806798 -2 -1 -1 -2 525110905 -1 -1 -2 -2 -2 -2 -1 -1 -1 -1 -2 977193552 -1 -1 -1 -1 -1 -1 -1 -2 49582766 -2 -2 29910346 -1 -1 -2 -1 -1 -2 -2 149181828 -2 -2 -1 -2 -1 -1 -2
-1 -1 -2 -2 -1 -1 -2 -2 -2 -1 -2 -1 -1 -1 -1 -1 -1 -2 -1 -1 -1 -1 -2 -2 -1 -1 -1 -1 -1 -1 -2 -1 -2 -1 -1 -2 -2 -1 -2 -2 -1 -1 -2 -2 -2 -1 -2 -1 -2 -1 -1 -2 766185398 -1 -2 -2 -1 -1 -2 -1 -1 39802126 -1 -1 -2 -1 -2 -1 859862803 -1 -1 -1 -1 -2 -1 -2 -2 -1 710713864 -2 -2 -1 -1 -2 -1 -2 -1 -1 -1 -1 -1 -2 -1 -1 -2 887774585 -1 -1 -2 -1 -1 -1 -1 -1 -1 -2 -1 -1 -1 953351190 -2 -2 -1 -2 -2 -1 167681126 -1 -1 -1 -1 -2 -1 -1 -1 -1 -1 -1 -1 -1 -1 -2 102777406 -1 -2 -1 -1 -1 -2 58643331 -2 -2 -1 850457976 -1 -1 -2 762727879 648442949 533632404 -2 -2 -1 -1 -2 -1 -1 -2 -1 -2 -1 -1 -1
-1 -1 -1 -2 -1 923648847 -2 -1 -1 -1 -2 -1 -2 -2 -2 -1 -1 -2 -1 -1 -2 -2 -1 -1 -2 868510430 -1 -1 636496259 150881921 -1 -1 -1 -1 403980158 -1 -1 -1 -2 -1 -1 965095700 -2 -1 -2 -1 -1 753959068 -2 -1 -1 -2 -2 -2 -1 -1 -2 880849858 -1 631098154 -2 -2 -1 -1 -2 423968034 -1 -1 -1 -1 175772594 -2 -2 -2 -1 -1 -1 -1 -1 -2 -1 -1 -2 -1 -1 -1 -2 -1 -1 -2 -1 -2 -1 -1 -2 -1 -1 -1 -1 -2 -1 -1 -1 497533478 -1 -2 -1 -1 -2 -2 -1 -2 -1 -1 -2 -2 -1 -1 -1 -1 226366185 920138800 -1 -2 -1 98971518 -2 -1 526459987 -2 -1 -2 -1 -1 -2 -1 -1 -1 -1 -2 -1 -1 -2 498838411 -1 -2 29278397 249314748 -1 -1 -2 -2 -1 -2 -1 -2 -1 -1 -1 -2 184216207 -1 -1
-2 -1 -1 90123196 -1 -1 -2 -1 -1 -1 -2 -1 -1 -2 -2 -2 -2 -1 -2 -2 -1 -1 236408335 -1 -1 -1 -1 -2 -2 -1 -2 -1 -2 -2 -1 187331725 -2 -2 -2 -2 -2 -2 -1 -1 -2 -2 -1 -2 -2 -1 -1 -1 -1 -1 -1 -2 -1 -1 -1 -1 -1 -1 -2 -2 -1 -2 215255019 -2 -2 -1 -1 -1 -1 -2 -1 -1 -1 -2 -1 -1 -2 -1 -2 -1 -2 -1 -1 -2 -1 -2 -2 -1 -2 -2 -1 -1 -1 -1 -2 -1 -1 -1 -1 -1 -1 -2 318713858 161193154 -2 -2 745728465 -1 -2 828198644 -2 -2 -2 -1 -2 -1 -1 -1 -1 -2 -2 -1 -1 -2 390588707 -1 -1 -2 -1 -1 -1 -1 -1 -1 -1 -2 -2 -1 -1 -1 -2 -1 -1 -1 -1 -1 -2 -1 -1 -1 654402784 -2 384439676 -1 -2 -1 173210333 -2 -1
-2 33975574 -1 -2 -2 -2 -2 -2 -1 -1 -1 -1 -2 -1 -2 -1 250124126 -2 -1 -1 -1 -2 -1 -1 -2 -2 -2 -1 2835432 -2 -1 -2 -1 -2 -1 -1 -2 -1 -2 -2 -2 -1 -2 -2 -2 -1 -2 -2 -1 -1 -1 -1 -1 -2 523100741 -2 298068271 178236552 -1 -1 -2 891013395 -1 -2 -1 -1 -2 -2 -1 -2 -1 -1 -1 -1 -1 -2 -2 -1 -1 -2 -1 -1 -2 -1 -1 -2 -1 -1 -1 -1 -1 -1 -1 -2 -2 -1 -1 -1 -1 -1 -2 334673433 -1 -1 -2 -2 -2 456704351 -2 -1 -1 851236025 -2 -1 -1 -2 -2 -1 -2 -1 -2 -2 -1 -2 -1 -2 -1 -1 -1 -2 -1 -1 -1 -1 -1 -1 -1 -2 -2 -2 -2 473982830 -2 -1 -2 -1 -1 -1 -2 -1 -1 -1 -2 -1 689809718 -2 -1 -2 -1 -2 -1 -1 -2
-2 -2 -2 -2 -2 -1 -1 -2 869535979 -1 -2 -1 -2 -1 -1 -2 251109680 -2 -1 -2 -2 -1 123869294 -1 -1 -1 -1 -2 -2 -1 -2 145671131 -2 -2 -2 -2 -1 -1 -2 -2 -1 -2 -2 -1 -1 -1 -2 -2 -2 -2 -1 -1 -1 -1 -1 -1 -1 -1 -2 734640784 -2 -2 904939944 -1 -2 -1 -1 -2 -1 -2 981797515 -1 -2 -2 -1 -2 630310471 -1 -2 -2 -1 -1 438445266 -2 -1 -1 -1 -2 -1 -1 -1 -2 -1 -1 457453038 -1 -2 -2 646530163 -1 -1 -1 814944654 -1 -2 -2 -2 -2 -1 -1 -2 -2 -2 -2 258205304 -1 -1 -1 -1 283180665 -1 -1 -1 -2 -2 -2 -1 661151384 -1 -1 -1 668769769 -1 -1 -1 -1 -1 -2 611890530 -1 566447929 -1 -2 -2 -1 -2 -2 -2 -1 -1 205443581 -2 -1 -1 -2 -1 -1 -1 -1 -1 -1 -2 -2
-2 -1 -1 -1 -2 -1 -2 -1 -2 -2 -2 327765798 -2 -1 -1 -1 -2 -2 -2 -1 -1 -2 617211099 -1 110847716 -1 -1 -1 -2 63946888 -1 -1 -2 -1 -1 -2 -1 392638147 -2 -2 -1 -1 -1 -1 -1 -2 -1 -2 -1 -2 -1 -2 -2 -1 -2 -1 -1 -1 -2 -1 -2 -1 -1 635881725 -1 -2 -1 -2 -1 525637683 -1 -1 -2 -2 -1 -1 -2 -1 -2 -1 -2 -1 -1 -1 -2 -1 -1 -2 -2 -1 -2 -1 -1 -1 735699086 98199604 -2 320440237 -2 541186811 -2 -1 -1 358371397 -1 -2 -2 201300138 104368501 -2 771926655 -1 -1 -2 892654354 -1 -1 -2 -2 -1 -1 -1 -2 -1 -1 -2 -2 -1 -1 -1 -1 -1 -1 -1 -1 -2 -2 -1 -1 -2 -2 -1 -1 -2 -2 -1 -1 -2 -1 -2 -2 -2 -1 -1 -1 -2 -2 -1 -1 -2 -1 -1 94718541
-1 -1 -2 -1 695193203 -1 -1 -1 -1 -2 -2 -2 -1 -2 -2 834428538 -2 -1 73853931 -2 -1 -2 -1 -1 -2 -1 -2 -2 -1 -2 -1 -1 -1 -2 -2 -1 32581849 -1 98126331 -1 -1 -1 -2 978286023 -2 -2 -2 -1 -1 -2 -1 -2 -1 -1 -1 -2 -1 -2 -1 857717606 -1 -1 -2 -1 -1 -2 -1 -2 -1 -1 -1 -1 -1 -1 129569193 -2 -1 -1 -1 155622341 -2 -2 -1 -2 -2 -1 -1 -1 -1 -1 -1 970408288 -2 -2 -1 -1 -2 -2 -2 -1 -2 -2 -2 -1 -1 -2 -1 -2 507243151 -2 -2 -2 431690887 -1 -2 -2 492862204 -2 -2 -2 -1 -1 -1 -1 -1 -1 -2 -2 -2 -1 691518810 -1 -2 -1 -1 -2 -1 -1 -2 -1 554728100 -1 -2 -2 -1 -1 -2 -2 -2 -2 700812434 -2 -2 496375563 -2 -1 -2 -2 -1 -1 -1 -1 -1
-2 250500577 -2 -2 -1 -2 -1 -1 -1 -1 -1 485862203 -1 -2 -1 -1 -2 -1 -1 -1 -1 -2 -2 -1 -1 -2 -1 -1 -1 63749039 -2 -1 -2 -1 -2 -1 -1 -2 -2 825367158 793132752 -1 -1 -2 -2 -2 -1 269446129 -2 -2 -2 -1 -1 -2 160738172 -1 -1 -1 -1 -1 -2 -1 -1 19871879 -2 -2 -2 50523489 -1 814530764 -2 -2 -2 -1 697154337 38083980 -1 -2 -1 -2 290692679 -1 -1 65109333 703949042 -1 -1 -2 -2 -2 -2 -2 -1 -1 167921421 -1 -1 -1 -1 -1 -1 699968970 -2 -1 -1 -1 -1 -2 -1 -2 -1 -2 -2 -1 266491535 -2 -2 -1 -1 -1 122753863 -1 -2 -2 636772573 -1 -1 -1 -1 -1 671509225 -2 -2 -2 -1 -1 -2 -2 -1 -1 -2 -2 -1 -1 -1 -1 -1 -2 -1 -1 -1 -2 -2 -1 -2 -1 -2 258657645 -2 -1 -1 -2 -2
-1 -1 -1 -2 -1 -1 -1 -1 -1 -2 -2 -2 -1 -2 -2 -2 -1 -1 -1 -2 -1 231756963 -2 -1 404729087 -1 -1 -1 -2 -1 -1 -1 -2 -1 -2 -1 -1 -2 687112758 -1 188852121 -1 -1 -1 -2 -2 -2 -1 64254834 -1 -1 -2 -1 -2 -1 -1 -1 -1 -2 -1 803593948 -2 131417843 -1 -1 -2 -1 -1 -1 -1 -1 -2 -1 -2 -1 533433795 -2 -1 -1 -2 -2 -2 -1 -2 -1 -2 153931013 -1 -2 -2 -2 471518171 -2 -1 -2 -1 -2 -1 -1 -2 -1 -1 -2 -2 -1 -1 -2 -2 -1 -2 -2 186065354 -2 -1 -2 87760206 825124693 -1 -1 -1 -1 -2 -1 -1 -2 -1 -2 -2 -2 -1 -1 -1 -2 147035136 -1 -1 -2 334471700 -1 -2 -1 -1 -1 -1 -1 -1 769696901 88810997 -2 -1 -2 -2 -1 578727255 -2 98783344 -2 -2 -1 235266332 9692104 -2 622926889
-1 -1 593353705 -1 -1 -2 359989453 171784209 -2 -1 -2 -1 -1 855987410 -2 -1 -2 -1 -1 403473487 -1 -1 -1 -2 898673242 -2 -2 -1 -1 -1 -2 -2 -1 -1 -1 -1 -2 -2 -2 -1 -2 -1 927240185 -1 -1 -1 -2 -2 -1 -1 -1 -2 -2 -1 -1 -1 -1 -1 -1 -1 -2 431828458 -2 -2 -1 -1 711531447 -2 -1 -1 636903350 -1 -1 -2 -2 -1 -2 -1 -2 -1 805543755 -2 -1 -1 -2 -1 -1 350292139 -1 -2 -1 -1 -1 -1 -2 -1 -1 -1 -1 126518072 -2 -1 -1 -2 -1 -1 -2 -2 -1 -2 -2 -2 -1 -2 -2 -2 -1 -1 -1 -2 -2 -1 -1 -1 -1 -1 -2 -1 -2 -2 -1 -2 -2 -2 -2 -2 -1 -1 -1 -2 -1 -1 -2 -2 -1 -1 -2 -2 -2 -1 -2 -2 -1 -1 -1 -1 -1 -1 -1 -1 -1 -1 680317397
-2 -2 -1 -1 -1 -2 -2 -2 936350222 -1 -2 -1 -1 -1 -1 -1 -1 -1 -1 -2 -1 -1 -1 -1 -1 243291390 -1 -1 -1 -1 -2 -1 -1 -1 -2 -2 -2 -2 -2 -2 -2 -1 -1 -1 -1 -2 -1 -1 797189976 678841106 -1 -2 -1 -1 -2 -2 -1 944786857 -1 -1 -1 -1 -1 -2 -1 519195559 -1 -1 -2 -2 -2 -1 -2 -1 -1 -2 -1 -1 -1 -2 -2 -1 -2 -1 -2 -1 -1 -1 -2 -1 -2 -2 368194215 392019091 -1 -1 -1 -2 -2 -1 -1 -1 -1 -2 -1 -1 -1 -2 -2 -2 369346105 526847202 682901657 -2 632174105 -1 -2 -2 -2 97187649 -1 -1 -1 -1 -2 -1 -2 -2 94109929 -2 -2 -2 -1 -1 -2 -1 -1 -2 -1 -2 -2 -1 647795543 82436700 -1 -2 709386459 -2 -2 -1 -2 -1 -2 -2 35516520 -1 992677555 144380689 -2 -1 -2 -1 -2
-1 -1 -1 -1 -2 -1 -2 -2 -2 -2 -1 -2 -1 659774652 -1 -2 -1 -2 -2 625746973 -2 -2 -2 266797448 -1 -1 -1 -2 -2 177173911 -2 -1 -2 -1 -2 -1 -2 -1 -1 -1 -2 -1 205030520 -2 -1 82592478 -1 -1 -2 -1 -1 -2 -1 -1 -1 884963293 -2 -2 -1 -1 -2 -1 -1 147843309 -2 -2 -1 -1 -2 -1 -2 -2 -1 -1 -1 -2 471358993 -1 -2 -1 -1 -2 -1 700682971 418592443 -1 -2 -1 -2 -1 -1 -2 -1 -1 -2 -1 -2 440998878 -2 -2 -2 5591349 -1 -1 -2 -1 -1 -2 -1 -2 -1 -2 -2 34552585 -2 -1 -1 -2 483661696 -1 -1 -1 -1 -2 -1 -2 -1 -2 -1 954672299 -1 -2 -1 799195489 -1 -1 -1 -1 -1 129608301 -1 -1 -1 -1 -1 -1 -2 -1 -1 -1 -1 -1 -2 -1 -2 -2 -2 -2 803497936 906679601 -1 -1 -2
-1 -1 -1 -1 -2 -2 -2 -1 -2 -2 -1 24536030 -2 523134437 -1 -1 -1 -2 -2 -2 -1 -1 902465306 -2 -1 -2 -2 -1 -1 -1 -2 -2 -1 -1 -1 -1 -1 -1 -2 -1 -2 -1 -1 -2 170660991 -2 -1 -1 -1 -2 -1 -1 -2 -1 -2 -1 -1 -1 -1 -1 -1 -1 -1 -1 -1 -1 -1 -2 -2 -1 -1 299819172 -1 -1 -1 -1 -2 -2 -2 -1 -1 -1 -2 -2 -2 -1 -2 -2 -2 -1 -1 -1 -1 -1 -2 -2 -1 -2 -2 -2 -2 -1 -1 -2 -2 -2 -1 287006751 -1 -1 284584206 142585622 -1 -2 -2 -1 -2 -2 -1 -1 -1 -2 -2 -2 -2 -2 -2 -2 -1 -1 -1 -1 -1 457864756 -1 -1 -2 -1 -1 -1 -2 -1 -1 -1 -2 -1 -1 -1 -2 -2 -1 -1 -1 -1 -1 -1 772818961 642910577 -1 -2 -1 -1 -1
-1 -2 -2 -2 879531387 -2 117637992 -2 -1 -2 -1 -1 -1 -2 -1 -1 -2 -2 -2 -1 -2 -2 -2 -2 -1 -1 553446059 -2 -1 -2 692030115 -1 -2 -2 -1 -1 -1 -2 -1 -1 -2 -1 -1 -2 961967038 -1 -2 -2 -1 964782543 -1 -2 -1 -1 -2 -2 -1 -2 -1 -2 -2 -1 -2 -1 -2 -2 -1 -2 -1 -1 -1 -2 -1 -1 -1 -2 420484987 -1 -2 466364424 -2 -2 -1 -1 -1 197557159 -1 -1 -2 -2 -2 -2 -2 -2 -2 836131234 252922375 -1 -1 -2 18199265 137291508 -1 -2 -1 -1 -1 -2 -1 -1 -1 -1 2359141 -1 -2 -2 -2 -1 896101056 -2 -1 -1 -1 -2 -1 149248586 62494715 -2 -1 -2 -2 -2 -2 -1 -1 -2 74381709 -2 -1 -2 -1 -1 -2 -2 -2 126519743 -1 -2 427581574 -2 -1 -1 -1 -2 -2 -2 -1 -1 -1 -1 -1 -2 -2
-1 -1 -2 -2 -2 158352174 -2 -1 -1 -1 -1 2972905 -1 -1 -1 -2 -2 -2 385302291 -2 -1 283244416 -1 873289798 -1 402493161 -2 -1 -1 -1 -1 -1 -1 -1 -1 -2 -1 -1 -2 -2 -1 -2 -2 -2 -2 -2 -1 -1 874240002 -1 249899306 -2 -2 -1 -2 -2 -1 -1 -1 -2 -1 -2 -1 -2 -1 -1 -1 -2 -1 -2 -1 -1 -1 -2 -1 -2 -2 -2 -1 -1 -2 -1 371101014 -1 -1 43277192 -1 136580376 -2 -1 -1 -1 403434972 -2 -2 -2 -2 -1 -1 -1 -2 -1 -1 -2 -2 -2 -1 -1 -2 -2 -1 -1 -1 -1 -1 -1 -1 -1 -2 -2 -1 -1 -1 -2 -2 -2 -1 -2 -1 -1 -1 -1 -1 -2 -2 -1 -2 -2 -2 -1 -1 -2 -1 -1 -2 -1 372095004 -1 -1 -2 -1 671276595 -1 -1 -1 -1 -2 -1 -1 -1 -1 -1 350830884
-1 -1 -2 -2 488541791 -2 -1 -2 -1 -1 -1 343372250 -1 -1 -2 -1 -1 -2 -2 269815923 -1 -1 -2 -2 -2 -2 -1 -2 -1 -2 -1 808873509 -1 -1 -1 -2 -1 -1 155104808 -1 -1 -2 -2 -1 -1 -1 -1 -1 -1 -1 -1 -1 -2 -2 -2 944279515 -2 -2 -1 69362975 -2 -1 -2 -1 -2 -1 -1 -1 -2 -1 -1 -2 -1 -2 -1 -1 -1 -1 -1 -2 -1 -1 -1 -1 -1 -2 -1 -1 -1 -2 -1 -1 -2 -2 -1 -2 -1 -1 -1 -2 -2 -1 -1 -1 -1 -2 -1 -1 -1 -1 -1 -2 -2 -2 -1 -2 -2 -1 -1 -2 -2 -1 -2 -2 -2 -1 -2 -2 -2 -1 -1 -1 -2 -2 -2 -2 -1 -2 -2 -1 -2 -1 -1 -2 -1 -2 -2 -2 -2 -1 -1 21558196 -2 -2 -2 753441455 -1 -1 -1 -2 -1 -1 -1
-2 64766970 -2 -2 -1 -2 -1 -2 -1 -1 -1 -1 -2 -2 800646813 -1 -1 -2 -1 -1 -2 -1 892146605 -1 -2 -1 -2 -2 -1 -1 -2 -1 -1 -1 -2 -2 -2 -1 -1 -1 -2 -2 -1 -1 -1 -2 -2 -1 -1 -2 -2 626392899 -2 -1 -2 -2 -2 -2 -2 -1 -1 -2 -1 -2 -1 -1 -2 -1 -1 -2 -2 -2 -1 -2 -1 -1 -2 -1 -2 -2 -1 -1 -1 -2 -1 -2 -1 -2 -1 -1 -1 -2 -1 -1 -2 -1 -2 -1 -2 -1 -2 -2 -2 -1 -1 -1 -1 -1 -2 251884264 -2 -2 -1 -1 -1 -1 -1 -2 -1 -1 408408806 -1 -1 -1 -1 -2 -2 -1 -1 -1 -2 -1 -1 -2 245255983 -1 -2 -2 -1 -1 -1 -1 -2 -2 -1 -1 -2 29200117 -1 -1 -2 168301169 -1 -2 -1 -1 -1 -2 -2 -1 -2 -2 324515731
-2 -1 -2 -1 -1 504539566 -1 -1 87700142 -2 -1 -1 -1 -1 -1 -1 190208407 -1 -1 -2 -1 -2 -2 -1 -1 -2 -1 -1 -1 -1 -1 -1 438867104 -2 -2 -1 -1 -1 -2 -1 -1 -1 -1 -1 -1 -1 -2 -1 -2 -2 -2 -2 -1 -1 -2 -1 -1 -2 -2 -2 15145713 -1 -1 -1 -1 -1 -1 359733184 -2 -2 -1 -1 -2 -1 -1 -1 -2 -1 -1 -1 -1 -2 244541713 -1 -1 993372218 -1 -1 -2 541954117 -1 -1 -1 -1 -1 -2 -1 -1 -2 -1 -2 -2 -2 555032443 -2 -1 -2 -2 225426052 -1 -1 -1 -2 -1 -2 73874232 -2 -1 -1 -2 -2 -2 -2 -1 -1 -2 -1 120417298 -1 -2 -2 -2 -2 -1 -1 -1 -1 -2 -2 -1 -2 -2 507153450 440968793 -1 -1 -1 -1 -1 -1 -1 -1 -1 -1 -2 -1 -2 -1 -2 759293660 569156728 539207237 -1
-1 -2 -1 -1 -1 -2 -1 854958102 -2 -1 -1 -2 -1 -1 -1 430447109 -1 -1 541953237 -1 -1 -1 -2 -1 87753574 -2 -1 626752056 -1 451571805 -1 -2 -1 92506689 557288686 -1 -1 -1 -1 -1 -1 -1 -2 701662949 -1 -2 -1 -1 -1 -2 -1 -1 537638798 -1 -1 -2 -2 -1 -1 -2 -1 -1 -2 -1 -1 -1 -2 -1 -2 -1 -1 -1 -2 -2 -2 -2 -2 -1 -1 -1 -2 740984616 -1 -1 -1 -1 -1 -1 -1 -1 -2 -1 -2 -1 -2 -2 479065959 -1 -1 -2 -2 -2 -2 -2 -2 -1 -1 -2 -1 -2 -2 -2 -1 -2 -1 -1 -2 -2 -1 -1 -1 -2 -1 173603383 -2 -1 -1 -2 -2 -1 -1 -1 -1 -2 -1 -1 -2 -1 156931634 -1 -2 203689810 -2 -2 -2 664039682 328001765 -1 -2 -2 -1 242485727 -2 155832355 -1 -1 -2 -2 -1 718922889 -1 -1 895449143
-1 -1 -1 -1 -2 -2 -1 -1 -1 -1 -2 -1 -1 -2 -1 877301733 -1 762567049 -2 -2 -1 -1 -1 -1 -1 -1 -1 14325685 -1 -2 676766111 -2 -1 -1 -2 -1 59362337 -1 -2 -2 -2 -1 -1 -1 -1 -2 -2 -1 -1 -1 -1 -1 149078891 -1 -2 -2 -2 -1 -2 -1 809057555 -2 -2 -1 -1 -1 826548474 -1 14136980 -1 -2 -1 -1 -1 -1 -2 -1 -2 -1 -1 -1 504840145 -1 -1 -2 -2 -1 -2 -2 -2 -1 -1 -2 -1 -1 262323502 -1 -1 551278836 -2 -1 -2 -1 -2 -1 -1 -2 -1 -1 -2 -2 -1 -1 -1 -2 -1 874532392 -1 -1 -1 -1 -2 -1 -1 -2 -2 -1 -1 -1 -2 -2 -2 -1 -1 -1 -2 -1 934780894 -1 -1 -2 -1 -1 -1 -2 -2 -2 -2 -1 -2 -1 -1 -1 -2 -2 -2 -1 -2 -2 -1 -1 -2 -2
-1 -2 -1 -1 -2 -1 -1 -2 -1 16429979 -2 -2 -1 -1 -2 581867550 -1 -1 -2 329181851 -1 -2 -2 -1 534583142 -1 -1 293541120 -1 -1 -1 -2 -1 -1 -2 -2 -1 -1 -2 -2 -1 -2 -1 -2 888062240 -1 -2 -1 -2 -1 -1 -2 -2 -1 105174289 -1 968265385 -2 -1 -2 -1 -1 -2 -1 -1 -2 -2 167449070 -2 -2 -1 -1 -1 962306209 -1 -1 -2 -2 -1 -2 -1 -1 -2 -2 -1 -2 -1 -2 -1 996552650 -1 -2 -2 -1 -1 -2 -2 -2 -2 -1 -1 -1 -2 -2 -1 -2 -1 -1 -1 394621112 -2 -2 -2 -2 -2 -1 -2 -1 -1 -2 -1 -1 -2 -1 -2 564093372 -1 -1 -2 -1 602428209 -1 -1 -1 -2 -1 -1 -2 -2 -1 -1 -1 -2 -2 -2 -1 70195208 -1 -1 -2 -2 -2 -1 -2 -2 -1 -1 -2 -1 -1 -1 -2 -2
-2 -2 -1 -1 -2 -2 -2 -1 -1 -1 -2 -2 -1 -2 -1 -1 -1 -1 -2 -1 -1 -2 -2 -1 -2 -1 -1 -2 -2 -2 41173065 -1 515643622 -2 -1 -2 -1 -1 -2 -2 -1 -2 -2 -2 -1 -2 -1 -2 -1 -2 -1 980659533 -2 850609295 -1 -1 -1 460126042 -1 -1 -1 -1 -2 -1 -1 -2 -1 -1 -2 -1 -1 -1 -1 -2 -2 -2 -2 -2 -1 -1 -2 431981486 -2 -1 -2 -2 -2 473806643 -1 305290752 -2 -1 -1 -1 -1 -1 -1 -2 195062409 -1 -2 -1 -1 -2 -1 -2 -2 -1 -1 -2 -2 351544985 -1 -2 -1 -2 -1 -1 -2 -1 -1 -1 562044185 -1 -2 -1 -2 -1 -1 -2 -1 -2 -1 -1 -1 -2 -1 -1 -1 -2 -1 -2 548068969 -1 -2 -2 13555901 -2 714715688 -1 -1 -2 -2 -1 -1 -1 -1 -1 -1 -1 -1 -1 -1
-2 -1 -1 -2 -2 -1 -1 106703430 -2 -1 -1 -2 -2 -1 -1 -1 -1 -1 -2 -1 -2 -2 -1 -2 -2 -2 139597309 -2 -1 -1 -2 -1 -1 -1 -2 -1 -2 845083132 -2 -2 -2 -1 623638957 -1 -1 -1 -1 261043038 -1 -2 -1 -1 -2 616324277 -1 -1 -2 -2 -2 -1 445246472 -2 -1 -2 -2 -1 -2 -1 -2 -1 -2 -2 -1 -1 -2 -2 -2 -1 -2 -1 -2 -1 -2 -2 -1 -2 -1 507494985 -1 -2 -1 -2 -1 -2 -1 624070362 -2 -1 -1 -2 -2 -1 -2 -1 -1 -2 -2 -2 -1 -1 -1 -2 -1 -1 -2 -2 -1 -2 -2 -2 -2 -1 -1 476224149 -1 -2 -1 -2 -1 -2 -1 -1 -2 -1 -2 -1 -1 -1 -1 -1 -1 -1 -2 -1 -2 -2 933379824 -1 -1 720985775 -1 -2 758102610 -1 -1 -1 -2 -1 187851326 -2 -1 -2 -1
-1 -2 -1 -1 -1 -2 -1 -1 -1 -1 -2 761442407 340064357 -2 -1 -1 -1 -1 -2 -1 -2 -2 -1 -2 -1 -1 -2 -2 -2 -2 -1 -1 -1 791040093 -1 -1 -1 -2 -2 -2 -2 -2 -1 -1 -1 -1 -1 -1 -2 589692026 -1 -1 -1 -2 -2 -1 -2 -1 -1 -1 -2 -2 -1 895538009 -1 -2 -1 -2 224644828 -1 -2 -1 -1 -1 -2 -1 -1 -1 -1 -2 539819027 -1 -1 -2 -1 -1 -2 -1 -1 354181320 -2 -2 -2 -2 -1 -1 -2 -1 -1 -2 -1 -2 -1 -1 -1 -1 -2 -1 -2 -1 -1 -2 -1 -1 -2 -1 -2 -2 -1 -1 -1 -2 -2 -2 -2 -1 -2 -2 -2 -1 -1 -1 -2 -1 -2 -1 -1 -2 -1 -2 -1 990993248 -2 -1 -1 66728095 -2 -2 -1 -1 -1 -1 -2 -2 -2 -1 -2 -2 -2 -1 -2 -2 -1
-1 -1 -1 -2 -1 -2 -2 -1 -1 -1 -2 -2 -1 -2 -1 -1 -2 -1 -2 -2 -2 -2 487562067 -2 -1 -2 79232845 -2 -1 -2 -2 -1 -1 -1 -1 -1 -1 -1 248241922 -1 396202673 -1 -2 -1 -1 -1 -1 -1 -2 -1 -2 -2 -1 -2 -2 -2 -1 -1 -2 -1 -1 -1 -2 -2 -2 -2 -1 186932353 -1 -1 -2 -2 956948931 -2 -2 -2 -1 -1 -1 -1 -1 -2 245668580 659229037 -1 -1 -1 -2 -2 -1 -2 -1 337110562 -2 -1 -2 -1 -1 -1 -1 89013220 -2 -1 -2 -2 889407642 -1 -1 -1 -2 -2 -1 -2 -1 -2 -1 643058416 783816541 -1 -1 -2 -1 -1 220623596 -1 -2 -1 345804413 -2 -2 -1 -1 -1 -1 982256756 -1 -2 -1 -1 -2 -2 -1 -1 -1 -1 -2 -2 -1 -1 -2 -1 -2 -1 -1 -2 -1 -2 -2 -2 -2 -1 -2 -1
-1 -1 -1 767865379 -2 -1 -1 -2 -2 -2 -1 -1 -1 -1 -1 -2 -2 -2 -2 -1 -1 -2 -1 992212837 -1 -1 -1 -2 974541259 -2 -1 -1 -1 -2 -2 -1 -2 -1 915006701 257814370 -1 -1 -2 176583411 -1 -2 611992850 129442119 -2 907675381 -1 -2 -1 -1 -1 32555631 -2 -2 -2 -2 -1 -2 -1 -2 -2 219499011 -2 -2 -1 -2 -2 -1 -1 -2 -2 -1 -1 -2 -2 -1 -1 -1 -2 -2 -2 -2 -2 -1 -2 -1 -1 -2 71046503 6642311 926505481 -1 -2 -1 -1 237737248 942033059 -2 -2 -1 -1 -2 -2 -2 -1 -2 -1 -1 -2 -2 -2 751438635 -1 -2 -1 -2 -2 -2 -2 -1 -1 254484715 -2 153085960 -1 -1 609813615 515083801 -1 -2 -2 -1 -2 -1 -1 -1 -1 -1 -1 -2 -1 -1 -2 -2 -1 618600910 -1 -2 -2 -2 522926434 -1 -1 -2 -1 -2 -2 203384717 -2
-1 -1 -1 -2 -2 -2 -1 -1 -2 -2 864522705 -2 -1 -1 -2 -1 -2 -1 -2 -2 -1 -2 -1 -1 -1 -1 -1 100243971 -2 -2 -1 -1 -1 -1 -1 -1 -1 -1 -1 -2 -1 -1 -2 -2 -1 -2 765595370 -2 -2 -2 -1 -1 -1 -1 -1 -2 -1 -1 -1 -2 -1 -1 -1 -1 7482991 -2 -2 -2 -1 -2 -2 -1 -1 -1 -2 -1 -2 -1 -2 -1 -1 -2 -1 -1 -1 -1 -2 -1 -1 -1 -1 -1 -1 -2 -1 -2 -1 -1 -2 -1 -2 844001495 -1 -1 37506094 -1 -2 735020466 -1 -1 -2 -1 -2 -1 -1 -1 -2 -1 -1 -1 -2 -1 -2 -2 -1 -1 -2 -1 -2 -1 -2 -1 -2 -2 -2 -1 -1 -1 -2 -2 -1 -1 -1 -2 -2 -1 -1 -2 -2 -2 -1 -1 84914552 -2 -2 -2 -1 -2 -1 -1 -2 -1 -1
-2 -2 -1 -1 -1 -2 -2 -1 -1 -2 -2 338914858 -1 -1 -2 -2 -1 -2 -1 -2 -1 342263557 -1 982766572 -1 -1 -1 -2 -2 -1 -1 -1 -2 106488446 -2 -2 -1 -1 -2 -1 -1 -2 -1 -2 -1 -1 -2 -2 -1 -2 -1 -2 -1 -2 -2 -1 -2 -1 -2 -1 -1 -2 -2 -2 -2 -1 -1 -1 -1 -1 -2 -2 -1 -1 -2 -1 -1 -2 -1 -2 -1 -1 -2 -1 -1 20760605 -1 -1 -1 -1 -1 -2 -1 -2 912525038 -1 -1 -1 -1 -2 -1 913627468 -2 -1 -2 -1 -1 -1 -1 -2 -2 -1 825771812 -1 -2 936120442 -2 -2 471453528 -2 -1 745851790 -2 -1 722904829 -1 -1 -2 -2 -1 -1 -1 -1 -2 -2 497954960 378998786 -1 -1 -1 -1 -2 -2 -1 -1 -2 -1 949787112 -2 -2 -1 -1 -2 -2 -2 -1 -2 -1 -2 550065232 -1 -1 -2
-2 -2 -1 -1 -2 -1 -2 -1 -1 -2 -2 -1 415418037 -1 -1 -1 -2 -2 -2 -1 -2 -1 -1 -1 -1 -1 -1 -2 -2 -1 603248811 -1 -2 -1 -1 -1 21101609 -2 -1 -1 -1 -2 -2 759328063 -1 -2 -2 -1 -2 -1 788090005 -2 -1 -2 -1 -2 -1 -2 -1 -1 -2 -1 -2 -1 -1 -2 -1 -1 -1 -1 -2 -2 -2 -1 -1 -1 -2 -1 473921135 -1 -1 -1 -1 -1 958523701 -1 -2 -1 -1 94312187 -1 -1 -1 -2 -1 -1 -1 -1 -1 -2 -2 -1 -1 -1 -2 -1 -1 -2 -1 -2 -2 -1 -2 60127463 -1 -1 -2 -1 -1 -1 312470303 -1 -2 -2 220446610 -1 666131273 -1 -2 -1 -2 -1 646904130 -2 241133149 -1 -2 -2 114667457 -1 -1 -2 -1 -1 88465166 -2 -1 -1 -1 -2 -1 -2 -1 -1 -1 -1 -2 -1 -1 -2 -1 -1 31357827
-2 -1 -1 -2 -1 -2 -2 -1 -2 -2 -1 -1 -2 -1 -1 -1 -2 -1 -1 -1 -2 -2 -2 110636575 -1 -1 -2 -1 -1 -1 -1 -2 -2 -2 -2 -1 -2 -2 -1 -1 -1 -1 -2 -1 -2 -1 46546763 -2 -1 -1 -1 -1 -1 -1 386932511 719678241 -1 -2 215897734 -1 -2 -1 -1 -2 -1 -1 -2 471420940 -1 -1 -2 -2 -2 -2 -2 -2 322306919 -1 -1 809555128 -1 -1 -1 -2 -1 -1 -1 -2 50621418 -1 -1 -2 -1 -2 -2 -2 -1 -2 -1 -1 -2 -2 854572835 -1 125992667 -2 13866694 -1 -1 -2 -2 -2 -2 -2 146588233 -2 55760706 -2 -2 -1 -2 -1 -2 -2 -2 -2 -1 -2 -2 -1 -2 -2 -1 -2 -2 -2 -1 -1 -2 -1 -2 -2 -2 -1 -2 -1 -2 -1 -1 -2 -2 -1 404238843 -1 -2 439957588 -2 489460725 320942618 -1 601311464 -1 63620998
72769111 -1 -2 -1 -2 -2 -1 -2 -1 -2 -2 -2 -2 -2 -2 -2 -1 -1 -2 -1 -1 -1 -1 -2 -2 -1 -1 -1 -2 -1 -1 -1 486918624 -1 -1 -1 -1 -2 -1 -1 -1 -1 778169053 -2 30642203 302349818 -2 -2 -1 -2 -1 -2 -2 -2 -1 -1 -1 -1 -1 -2 -1 -2 -2 -1 -1 -1 -2 -1 -2 828509215 -1 -1 -1 125078409 -1 -1 -2 -2 421316546 -2 463427996 -2 -1 -2 -1 -1 -1 -1 -1 -1 -2 -2 -1 -2 -2 -1 -1 -1 -1 -1 -1 -1 -1 -2 -2 -1 -1 -2 -2 949441598 -2 -1 -1 -2 -1 -1 -2 -2 -1 -1 -1 -2 -2 -2 -2 -1 -2 -1 -2 -2 -2 -1 841603422 -1 -1 -1 -1 -2 -2 -2 -2 -1 -2 -1 -1 -1 -1 -1 -1 -2 -1 -1 -2 -1 -2 -1 -1 -1 -2 -2 591814498 -2 -2
-1 -1 -1 -1 -2 -1 -1 -2 -2 -1 -1 -2 -1 -1 -2 883024140 -2 -1 -2 -1 -2 -1 -2 -1 -1 -2 -1 -1 -2 -1 -1 -1 -1 -1 -1 -2 -1 -2 -1 -1 548572244 -2 -2 172104948 404617364 -2 -1 -1 -1 -1 -1 -1 -1 -2 -2 -2 -2 492929316 -1 -1 -1 985971797 -2 164868408 860088781 -1 -1 -1 -2 -2 -1 -1 -2 -1 -1 -1 -1 -1 -2 -2 -1 -1 -1 -1 673921524 -1 -2 -1 -1 -1 -1 -2 -1 942218496 -2 -2 -2 -2 -1 -2 -1 -1 237119654 -2 -1 -1 -2 -1 -2 -2 185482344 -1 -1 6138801 -2 -1 -2 992056447 -2 -1 -2 -2 -1 -1 -2 -2 -1 -2 -2 -1 -2 -2 664932164 -1 455468184 -2 977632031 -2 -2 -2 -1 -1 -1 -1 -2 -2 -1 776829377 -1 -2 -1 -2 -1 256816456 -1 -1 -1 -1 -1 -2 -1 -2 -1
-1 -1 -2 -1 383195003 -1 -1 -1 -1 -2 -1 -1 -2 -1 -1 -1 -1 -1 -1 -1 -2 -2 -2 -2 -1 -2 -2 -1 -1 202053755 -2 -1 -2 -1 -2 -2 -1 196774182 -1 -2 981138264 234474957 -2 -1 -2 -1 -2 -1 -2 -1 -2 -2 -2 -1 -1 -1 -2 -2 -2 -1 -2 -2 -1 -1 -2 -1 -2 -2 -1 -2 -2 -1 -1 -1 -1 -1 -2 4237956 -1 -2 -1 -1 -2 -1 -1 -1 -2 997826832 -1 178761947 -2 -1 -2 -2 -2 -1 153165300 -1 108731714 -2 -1 83838154 -2 -2 -1 -2 -1 -1 -1 -2 -1 -2 -2 -2 -2 -1 -1 -2 -1 -2 -2 -1 -1 429265186 -1 -2 -1 -2 -1 -1 -1 -1 -1 -1 -1 -2 -2 -1 -1 407383767 -2 -1 -2 -1 -1 -2 -1 -1 -1 -2 -2 -2 -1 -2 303883581 -1 -2 -2 -1 -2 -1 -1 -2
-1 349817992 -2 -2 -1 -1 -2 -1 -1 -1 -2 -2 -2 -1 -2 -2 -2 -1 -1 -2 -1 -1 -1 -1 -1 -2 -1 -1 -2 -1 -1 -2 -1 -2 -1 -1 -2 -1 -1 -1 -1 -1 -2 -2 -2 -2 -1 -2 -2 -2 -2 -1 -2 -2 -1 -1 -2 -2 -2 -2 -2 189402284 -1 -1 -1 -1 -1 -2 -1 -2 -1 -1 -1 -1 -2 -1 -2 -1 -2 -2 -1 -1 -2 -1 -1 -1 -1 -1 -1 -1 -1 -2 -2 -1 -1 -1 -2 -1 -1 897481973 -1 219625410 -2 -2 -2 -2 -1 -1 -2 30801851 61762334 -2 -2 -2 -2 -1 -2 -2 -2 -1 -1 -2 -1 -2 -1 -1 74848226 -2 -2 -1 -1 -1 -2 -1 -2 121979587 -1 -1 -1 -1 -2 -2 -2 -2 -1 -2 -2 -1 -2 -2 -2 -2 -1 -2 -1 -1 -1 -1 -1 -2 -2 -2 -1
-1 -1 -1 -1 -2 -2 -1 -2 -1 -2 -2 -2 512130082 -1 -1 -2 -2 -2 -1 -1 -1 -1 -1 -1 -1 716573645 -2 -2 -2 -1 -1 -1 -2 -2 -2 -2 -1 -1 -2 580634664 -2 -2 -1 -1 -2 307505119 -1 -1 -1 -2 -1 -1 -2 -1 418198421 -1 -1 -1 958424731 -1 -1 669685035 -1 -2 -1 -1 -1 -2 -1 -1 -2 -1 -2 -2 -1 9937513 -1 -1 -1 369573258 -2 -1 -1 -2 -2 -2 -2 -1 -2 -1 -1 -2 -1 377422116 -2 -2 -2 -2 -2 -2 -1 -1 -1 142760819 -2 368638189 -2 -1 -1 -2 -2 -1 -2 -2 -1 -1 -2 -1 -1 -2 -1 -1 -1 -1 -1 -1 -1 -1 -1 -1 -2 155365044 828267142 -2 -1 -2 -2 -2 -1 -2 -2 -2 446520137 -2 -1 -1 -2 -1 -1 534351785 -2 -2 -1 -2 -1 -2 -1 -1 -1 412861107 -1 -1 -1
