91 99
-1 -2 252065413 -2 -2 -2 -2 -2 -2 -2 -2 -1 -1 885246867 -1 -1 -2 -1 -2 -2 -1 -1 -2 -1 -1 -1 -1 -1 -1 -2 -1 -2 -2 -1 -2 -1 -1 -2 52904208 -1 -1 -2 -1 -1 -2 -2 -1 -2 -2 -1 -2 -1 -1 -2 -1 -1 -2 -2 -1 -2 -2 -1 -1 508469095 -1 -1 -1 -1 -2 -1 -1 -1 -1 583876562 -2 -1 -2 -2 -2 -2 -1 -2 -1 -2 -2 -1 -2 -2 -2 -2 -1 -1 -2 -2 -1 -2 -2 950722662 515888470
-2 -2 -2 -1 -1 -2 -1 -2 -2 -2 -2 -2 -1 -1 -2 -1 -1 -1 -1 -1 -1 -2 -2 -2 -2 -2 -1 -1 -1 -1 -1 -1 -2 -1 -2 -1 -1 -1 -1 -1 -2 43022014 -2 -1 -1 -1 -2 -1 -2 -1 -2 -2 -2 860422132 -1 -2 590783024 -1 -1 -2 -2 -1 -2 -1 -2 -1 -2 -1 -2 -1 -1 -2 -2 -2 -1 -1 -1 -1 -1 -2 -2 -2 -2 -2 -2 -1 -1 -2 547117157 -2 -2 -2 592039898 -1 891083995 -2 -2 685932529 -1
-1 -2 15718065 -2 58736586 -1 814396091 -2 577177703 -2 -1 -2 -2 -1 -2 713951016 -2 -2 -2 -1 867373959 -1 -1 -2 -2 -2 -1 -2 -2 -2 -2 -2 -1 -2 -1 239117868 992630487 -1 -1 -1 -2 -1 -1 -2 -2 -1 -2 -2 -2 953118944 -1 -2 -1 -2 -2 -2 -1 -1 -2 -1 -1 643338575 -1 -1 -1 -1 -2 -2 -1 -2 -2 89906040 -2 -2 -2 -1 -2 -1 -2 -1 -1 -1 -1 -2 -2 -1 -2 -2 -1 -2 -1 -2 -1 313726981 -2 620949207 -1 -2 -2
-1 -1 -2 -2 770531471 -2 -1 -1 -2 -1 -2 -1 -2 -2 932343147 -2 -1 -2 -2 -2 600535341 -1 -1 639505363 -2 -1 226996161 -1 -1 -2 -1 -1 -2 -2 -1 198728896 901885831 -2 966859412 -2 -2 -2 -1 -1 -2 -2 -2 526331315 -2 -2 -1 -1 -1 -2 -2 -2 -1 -2 -2 -1 -2 -2 -1 -2 -2 -2 -2 -1 -1 -2 -1 -1 -1 -1 -2 -2 -1 -1 -2 -1 -1 -1 -1 -1 507579818 -1 -2 -1 -1 -1 -2 -1 888097517 -2 -2 -2 208018604 -2 -1
-1 -1 586145440 -1 -1 -2 -2 -1 -2 363474994 -2 42703129 -1 -1 -2 912385576 -2 -1 -2 -1 -2 -1 -1 -1 -2 -1 -2 -2 -1 -1 -2 -1 583171604 -1 579290243 859645292 -2 -2 -2 -2 -1 -2 -2 -2 -1 -2 -2 -1 106162720 -1 -2 -1 -2 -1 -2 -1 -1 -2 -2 -2 -1 -1 -2 -2 300571972 -1 -2 -2 -1 -2 -1 -2 -2 -2 -2 -1 -1 -2 -1 459281859 -1 -1 -1 -1 -1 -2 -1 -1 -1 -2 -2 -2 -1 -2 -1 -1 -2 -2 -2
-2 -1 634995321 -1 250275365 -2 -2 -1 -1 -1 -2 -2 -1 -2 -2 -1 -2 -2 -2 -2 -1 -2 -2 -1 -2 -1 -1 -2 -2 -1 -1 -1 -2 -2 253193339 -1 -2 -2 -2 54698679 -1 -1 564439646 235128980 -2 -2 330313197 -2 -1 -1 -2 -2 -1 -2 -1 -2 -2 -2 -2 -1 -2 389890512 -1 -1 -2 -1 -1 -2 947430220 -2 794103274 -1 863146648 -2 -1 -1 -1 -1 -1 -2 -1 87484552 -1 -1 -1 -1 -1 -1 339668431 -1 -2 -1 -1 -1 -2 -2 -2 -1 -1
-2 948596525 -1 -2 -2 -2 574782619 -1 -1 -1 79803514 541060467 481154088 -1 -1 -1 -1 -2 -2 -1 -1 -2 -1 -1 -2 -1 -2 -1 -1 -1 -1 -1 -1 -1 960095599 -2 -1 -1 -1 -1 -2 -2 -2 -1 -2 -2 -2 -2 -2 -1 984534730 -2 -2 -2 -1 -2 -1 281609211 -1 -2 -1 -2 -1 -2 -2 -1 -2 -1 -1 -1 -2 -2 -2 -2 -1 -1 -1 -1 -2 -1 919270420 -2 -2 -2 -2 -2 -2 -2 -1 -1 -1 -2 -2 -2 -2 -1 -2 -2 -2
-1 -1 -2 -1 -1 -1 -1 -2 -1 -1 -2 435882966 -2 -1 -2 -1 927849797 -1 -2 551868165 -2 -1 -2 -2 -2 -1 -1 -1 -2 -1 412432621 -2 -2 -1 233711094 -2 -1 204169124 -2 -1 -1 -2 -2 -1 -2 -2 -2 -2 -1 -2 -1 -2 -1 -1 -2 -1 -1 -2 -1 -2 -1 702824096 396697299 585894256 -1 -1 -1 -1 -2 -1 -1 -1 -2 -1 -1 -2 -2 909017664 -1 -2 -1 -2 -2 -2 -2 -2 -2 -1 -1 -2 -1 -1 -1 -1 -1 -2 -2 -2 -2
-2 -1 -2 -1 -1 -1 -2 -2 -2 -1 -1 -1 -1 -2 53654009 -1 -1 -2 324307964 -1 349983891 -2 -2 -1 -2 -2 -1 -2 -2 -2 -2 -1 -1 -2 -1 -2 -1 -2 -1 -2 -2 -2 -2 33082374 -2 129449922 -1 -2 -2 -1 -2 -2 -1 -2 16821164 -1 -1 -2 -2 -1 -1 -1 -2 -2 -1 -2 -2 -2 -1 -2 8551269 -1 -2 -1 -1 -2 -2 -1 -1 -2 -1 -2 -1 -1 -2 -2 -1 467587054 127523808 -1 -1 -2 -1 -1 74178525 228111212 -2 -2 -2
515356700 -1 -2 -1 -2 -2 -1 -1 -2 -1 -1 -2 -1 -1 -1 -2 -2 807671083 36205082 -2 -1 -1 -1 -2 -2 -2 -2 -1 -1 -1 -1 -1 -2 300173671 -2 257253168 -1 -1 -2 -2 -2 -2 -1 534926038 -2 -1 -2 -1 -1 345413342 3906329 -2 -1 -1 -2 -2 -2 -2 -2 -2 -1 -1 -2 -1 -2 -1 -1 -2 -1 -1 -2 -1 -2 -2 -1 -1 -1 -1 -2 -1 416149149 -2 -1 26049924 -1 466382185 -2 -1 -2 -1 -2 -1 88326807 -1 -2 137791851 -2 -1 -2
445277443 -1 684047104 -2 308961354 -2 352951087 -1 14507177 -1 -1 -1 -2 442760231 -1 -1 -2 -2 -2 -1 -1 -2 -2 -1 -1 -1 -1 -1 637767862 967687907 -1 -1 -2 647945960 890562474 -2 -2 -2 -1 -2 -2 -2 -1 -1 -1 -1 -1 -2 -1 406259664 -2 -2 -1 -1 -2 -2 -2 919556527 -2 -1 -1 147011380 -1 -2 -1 -2 -1 -2 -2 -1 964832384 -2 -1 -2 -1 -2 -2 -1 -1 211425431 -2 -1 -2 -1 -1 -1 -1 -2 -1 48724116 -1 -1 -2 -1 -1 -1 -1 -1 -1
-1 -2 -2 -2 -2 -1 -2 -1 -1 6939276 -2 -1 -1 -2 895898942 -2 -2 -2 -1 -2 -2 -1 -2 -2 -1 -2 -1 -2 -2 -1 -2 -1 -1 -2 -1 -2 -2 -2 -1 -1 -2 -2 -2 -2 -1 -2 -1 -1 -2 -1 -1 -1 -1 -2 -1 -2 -2 -1 -2 -1 -1 -2 -2 -2 910490156 -2 -2 353050438 -2 -2 -1 -1 -1 -2 -1 -1 -1 -2 -1 875727183 -2 570508719 -1 -2 -2 303193632 572759275 -2 -1 -2 -1 -1 -2 -1 -2 -1 -1 -1 -1
48809821 -2 -2 -2 -2 -1 -1 -2 -2 -1 -2 -2 -2 -2 -1 -2 -1 -1 -1 -1 -2 -2 -1 -1 83967592 -2 -2 -1 -1 -2 -1 -1 -2 -1 -2 -1 -2 989153285 -2 -1 -1 -1 -2 -1 -1 -2 -2 -2 -2 -1 -1 -1 -2 -2 -1 -1 -1 -1 804403353 -1 -1 -2 -2 -2 -2 752887097 -1 -2 -1 614817244 140751020 -2 24508786 -2 -1 -1 -1 804851111 147481058 -1 -2 -1 -1 -2 -1 -2 -2 -1 -1 -2 -2 -2 -1 -2 -1 -1 -2 -1 -1
-2 -2 -2 -2 -1 -1 -2 -2 -1 -1 -1 -1 -1 -2 -2 -1 -1 -1 -2 -1 -1 -2 -1 -1 -1 -1 -1 -2 -2 -1 -1 -2 -1 -1 175864694 -2 659147856 -2 -2 -2 -1 -2 -1 86881035 -2 -1 -1 -1 -2 -2 -2 -2 -1 -1 -1 -1 -1 -2 -2 -1 -1 -2 -2 -1 -1 -2 -2 -2 -1 396375400 -2 -1 -1 -1 -1 -2 -1 -2 -2 -1 672031132 -2 -1 -2 -2 -1 -2 -2 -1 -2 -2 -2 -2 -1 -1 -2 -1 -2 -1
-1 -1 -2 -1 -2 -2 -1 -1 -2 494298566 -2 -2 -2 -1 -1 -1 -1 -2 -2 -1 -2 -2 -2 -2 -1 -1 323104578 443575819 -1 -1 -2 -1 -2 -1 -1 -2 -1 -1 -2 -2 -2 -2 -1 -2 -1 -1 -2 -1 -2 -1 -2 -1 -2 -2 -2 -2 -1 -1 -2 -2 -1 -1 738452250 -2 -1 -2 -1 -2 -1 -2 -1 -1 -1 -2 -2 -1 -1 -2 -1 299978187 -2 -1 -1 -1 -1 -2 -2 -1 -2 -1 269296948 -2 -2 -2 -2 24665634 -1 -1 -2
94224768 -1 -1 -2 -1 -1 -1 -1 171370920 -2 -1 -1 -1 -2 -1 -2 -1 -1 -2 -1 -2 -1 -1 -1 -1 -1 -2 -1 -1 -2 -1 -1 -2 -1 -1 -1 -2 -1 -1 -2 -2 -2 -2 -1 -2 -1 102441444 -2 -1 564394441 -1 -2 -1 -1 -1 -1 -1 176256956 -2 -1 -1 -2 -2 -2 -1 -2 -1 -1 -2 960466318 -2 -1 -2 -2 -2 -1 -2 -1 -2 -2 -1 -2 511398847 -1 -1 -1 739008874 -2 738216216 -2 589735421 -1 125067765 993086174 639645700 -2 -1 -1 -1
-2 -1 921689989 395704311 -1 -1 -2 -2 -2 -2 -1 -1 -1 -2 -2 -1 -2 -2 806208012 -2 424806468 -2 -1 -2 -1 -2 -1 -2 -2 -1 -2 -1 -1 -1 -1 -2 -1 -1 274885067 -2 -1 -2 -1 -2 -1 -2 -2 -2 -2 -1 -1 972834482 -2 -2 -1 -2 -1 -1 -2 -2 -2 -2 -2 -1 -2 -2 -2 -1 -1 -1 -1 -1 -1 -2 -1 -1 -2 -1 -1 -1 -1 -1 -1 -1 -2 -2 -2 -1 -2 -1 462910353 -1 -2 -1 -1 -1 -1 -1 -1
873082631 -1 -1 -2 -2 -2 -2 -1 -1 -1 736911346 -1 -2 -2 -2 -2 441297655 -2 -2 -2 -2 -2 -1 -1 -1 -1 -2 -2 -2 -1 -1 -1 -1 -1 -2 -1 -1 -2 -1 -2 -1 -2 -2 -1 -2 -2 -1 -2 -2 -1 -1 -2 770679097 -2 -2 -1 -1 145738635 -1 -1 -2 -1 -1 -1 -2 -2 -2 -2 -2 -2 541733359 -2 -2 -2 -1 -1 -1 -2 -1 -1 -2 -2 -2 -1 -1 -1 -1 -2 -1 -1 597893664 -1 -2 -2 -1 -2 -1 -2 -1
-2 -2 -1 953805683 -2 -2 -1 -2 -2 -1 -1 -1 -2 -1 -1 -1 -1 -2 -2 -2 -2 376884898 -2 -2 238596204 -2 -1 -2 992374440 -1 -2 -1 883876764 -2 -2 -2 -1 832871227 16460290 298060160 -1 494572259 -1 -2 -2 -1 -1 -1 -1 -1 -1 -2 -2 -2 -2 -2 -2 -1 -2 -2 -2 -2 -1 -1 -1 137802550 -2 -1 -1 -2 -2 -2 -1 -2 -2 -2 -1 -1 -1 462071602 -1 -1 -2 -2 -2 -2 285485428 -1 -2 -2 -2 -2 -2 -1 -1 -2 -1 -2 -2
-1 636953937 -2 115943819 -1 -1 -1 -2 -2 924723228 427123880 -2 71447068 -2 -2 -2 -1 140288988 -1 -2 -1 -1 -1 -1 -2 351044407 -2 -1 -2 -1 -1 862336805 -1 -2 -1 -2 -1 -1 -2 -2 -2 -1 -2 -1 -1 -2 -1 -1 -1 -2 -1 -1 -1 -2 -1 842428556 -1 -2 -1 -2 -1 -2 -2 -1 -1 -2 -1 554447098 -2 -2 -2 -2 -1 -1 -2 -1 -1 -1 -2 -2 -1 -1 -2 -1 -1 -2 -1 -1 -2 -1 -2 -2 -1 -1 -2 -2 -2 -2 912044038
-1 824810577 -2 -2 46350753 -2 -2 -1 -1 -1 750434737 275487002 -2 -2 -2 -1 -2 -2 -1 -2 -1 -1 -2 -2 308857865 -1 698290849 -1 -2 -1 -2 -2 -1 -1 -2 -1 -1 -2 -1 -2 -1 -1 -2 421528848 653816268 -1 800652567 -1 -1 -2 -1 -1 -2 160345561 -2 -2 -1 -2 -2 -1 -2 -2 -2 -1 -1 -2 982430414 -2 -1 -1 -1 -2 -2 -1 -1 -1 -2 -2 -1 -2 -2 -2 -2 -1 -1 -1 -1 -2 -1 -1 -1 -1 -2 833337320 -2 796241268 -1 -1 -1
430058020 -1 -2 -1 405563780 -2 -2 -2 -2 -1 -2 -2 -2 -1 -1 -2 -1 -2 -2 -1 -2 -2 -2 -1 -1 -1 -2 244655568 -2 -2 -1 -1 -2 -1 -2 -1 -1 187520508 -1 -1 -1 -1 -1 -1 -2 -1 -1 -1 -1 -2 -2 -2 -1 957888485 -1 -1 -1 -1 -1 -2 -2 -1 -1 -1 -2 -2 -2 -1 -1 -2 -2 -1 -2 -2 -2 -1 -1 -2 -1 -1 -2 -2 -2 -2 -2 -2 -1 -2 -1 743822062 -2 -2 -1 -1 -2 -2 -1 -2 -1
-1 950226898 -2 -1 -1 -1 -1 -1 -2 -2 71547813 147104510 -1 -1 -2 -1 -1 -1 140749313 983239210 -2 -2 813484109 -1 -2 -1 -1 -1 -1 715459329 -2 -1 -1 -2 -2 -1 -1 -2 -2 -1 -2 -2 -2 -1 -2 -1 -1 -2 -1 -2 -2 -1 -1 -1 -2 -1 118954075 -2 -2 -2 -2 -2 -1 -2 -2 -1 -2 -1 705625218 -2 -1 -1 -1 -1 228517643 -2 -1 -2 -2 -2 -2 -1 -1 -2 -2 -2 903322920 -1 -2 -1 -1 -1 -2 -1 859363396 -2 -2 -1 787198627
-1 -1 -1 458727985 -2 945197923 -2 733418138 -1 -1 -1 -1 -2 -2 -1 -1 736049061 -1 -2 -2 -1 -2 -2 -2 -1 -1 -2 -2 -1 -1 -1 966804820 -2 -1 -1 31519610 -2 -2 -2 -1 -2 -1 -2 -1 -1 -1 -2 -1 -2 -2 -2 -2 -1 -1 -1 -1 886354650 -2 -2 329558681 -1 -2 -1 -2 -2 -1 -1 -2 -2 -1 6139787 -1 -1 -1 -1 201515861 356577739 -1 -2 -1 734174692 -1 -2 -1 933661926 -1 -2 -2 -2 -2 -1 -1 -2 -1 -2 -1 -2 -1 -2
-2 -1 -2 -2 -2 -1 -2 -2 -2 -1 -1 62453975 -1 -2 -2 -1 -1 -2 -2 -1 -1 -2 -2 -1 -1 -1 -1 834864763 2563343 -1 -1 -2 -1 -2 -1 -2 -1 929403589 -2 -1 -2 -1 -2 -1 -2 -2 -1 -1 -1 -1 296065117 -1 -1 -1 -2 -1 39187406 -2 -2 -2 -2 -2 21582132 -1 -2 315201843 -1 -2 713506488 -1 -1 659760632 816867794 -2 451948118 -2 -2 -1 -1 90668530 -1 -1 -1 -2 -1 -1 -2 -2 -1 -1 -2 -1 -2 -1 -2 -2 -2 -2 -2
-1 -2 -1 68341669 568234645 -1 -1 -1 -2 -2 -2 -2 -1 -1 -1 -1 -2 45419800 -1 -2 -2 -1 -2 -2 -2 -1 -2 -1 -1 -1 -2 847793158 -1 -1 -1 -1 812376934 -1 -1 41542383 -1 -2 623335113 -1 -2 -2 -2 326864733 -1 -1 -2 734901150 -1 -1 -2 -1 -2 -2 -2 -2 -2 -1 -2 -1 -2 -1 -2 -2 -2 907667309 -2 -1 -2 -1 -1 -2 -2 -1 -1 -2 -1 241383915 -2 -1 821193358 38346963 107455237 43059013 -1 -1 -1 -1 -1 -1 -2 -1 -1 -1 -2
-1 -1 -2 -2 281677393 -1 -2 986346263 -2 -1 389746633 -1 -1 -2 -1 -1 114969240 -2 48929462 443487807 432166908 -1 -1 -1 -1 145911618 -2 -1 -2 -1 -2 611025308 103413393 -2 -2 -1 -2 -2 -1 347881314 -2 -1 37776138 -1 -1 -2 -1 -2 -2 -2 -2 -2 -1 -2 -2 -1 -2 -1 -1 -2 620991309 -2 -1 -1 -2 -1 -1 -1 -1 -1 -2 -1 -1 -1 -1 -1 -2 -1 -2 230809252 -2 897836809 -2 -2 -2 -2 -1 -1 -1 -1 185718092 -2 -1 -1 -1 -1 -2 -1 -2
-2 -2 -2 -2 -1 837536380 -2 -1 -1 -2 316546270 -2 -1 -2 -2 -1 -2 -2 -2 -2 -1 -1 -1 -2 -1 -1 -1 -1 -1 38342234 -1 -2 -2 -2 -2 -1 -2 -2 -2 -2 320437078 -2 -2 -1 -1 864511489 -2 -2 -2 -1 -2 -1 -1 -2 -1 -2 -1 -2 -1 634755339 -1 -1 -1 -1 -2 -1 -2 -1 -2 -1 -1 -1 -2 -1 -2 -1 -1 -1 -1 -2 -2 980321334 27048713 -1 -2 358730281 -1 613088856 -2 -2 -2 -1 -2 -1 -2 -1 -1 -2 -2
151136619 -1 -1 -1 -2 -2 -2 -1 -2 -1 -1 -2 -2 -1 -1 -2 -2 -1 -2 -1 -2 -1 -1 -1 -1 -1 -1 -1 325586933 -1 -2 -2 -1 -2 -1 186979967 -2 -2 -2 -1 -2 -2 -1 -1 -1 703996845 -1 -2 -1 -1 -1 -1 -1 -1 -1 -2 -1 -1 -1 -2 -1 -2 -2 -1 -1 -1 -2 -2 -2 -2 -1 -1 380665254 454453755 -1 -2 -2 -1 -1 -2 -2 -2 -2 -1 -2 -2 -2 -1 -1 -2 -1 -1 754782939 -2 -2 -1 551619483 -1 -2
394779658 -1 -2 -2 -1 -2 -1 -2 -1 579210383 -2 -2 -2 -2 -2 -2 -2 -2 -1 -2 -2 -1 -2 -2 -2 -2 -1 -2 100078511 -1 -1 -2 -2 -2 -2 -2 -2 -2 -1 372668832 -1 -2 62782080 -1 -2 -1 -1 -1 -2 -2 -2 -1 -1 -2 -2 -1 -1 -1 -1 -2 -1 -2 -1 -1 -1 -2 -1 806156007 434378141 900266176 -1 -1 -2 -1 -2 51467820 -2 222999919 -1 -1 -2 -1 -2 299692521 -2 -2 465081356 -2 819526279 -2 -2 -1 -1 -2 -2 -1 -2 -2 94260884
-1 -2 -1 642199950 -1 -1 -1 -2 -1 -2 210276312 -1 -2 -1 -1 -2 -1 -1 -2 -1 -1 -1 -2 -1 -1 -2 -2 -1 -1 -1 -1 -2 674471316 -1 -1 -1 -1 -1 -2 -2 -2 -2 -2 -1 -2 -2 -1 -1 -2 -2 -1 -1 -1 -2 -1 -2 -2 -2 -1 -1 -1 -2 -2 -2 -2 -2 -2 -1 -1 -1 345071981 -1 243428704 -1 -1 -1 -1 -2 -2 -2 -2 -1 -1 -2 -2 -1 -2 -1 -2 -1 -1 -1 339834844 -2 -1 -1 -2 -1 -1
330818437 -2 -1 -1 -2 -1 -2 -2 512358926 -2 772516841 -2 170151501 -1 -2 -2 -1 -2 -1 -2 -2 -1 -2 -1 -2 -1 -2 668148031 -1 -2 -2 -1 460583029 -2 -2 26954933 -2 -1 -1 -2 -1 -2 -1 -2 -2 -1 -2 -1 -2 -2 -2 -1 -2 -1 -2 -1 -1 -1 -2 -1 -1 -1 -2 -1 -2 -2 -2 -1 -1 -2 -2 -1 -1 -2 -2 -2 -1 -1 -2 139750072 -2 -2 -2 -1 -1 -2 -2 -2 -1 -1 -1 -2 -1 -1 -1 -1 619387312 -2 960516973
-2 -2 -2 -2 -2 -2 -2 -2 -2 -2 -2 -2 -2 -2 -1 -2 -1 -2 -2 -1 -2 -2 -2 -2 -1 -2 -2 -2 584122806 -1 -1 -1 -1 -1 -2 -1 -1 -2 -1 -2 -1 -1 -2 -2 -1 -1 -2 -1 -2 -2 -2 -2 -2 -1 -1 -2 -2 -1 -1 436183477 -1 -2 -2 -1 -1 50229588 -1 -2 -1 -2 -1 942523263 -1 22467547 -1 -1 -1 -1 -1 -1 -1 -1 -2 -1 -1 -1 -2 -2 -2 -2 -2 -2 -1 -1 415059037 -2 -1 -2 -2
-2 -2 367178541 601168982 -2 725355832 -2 310110367 -2 -2 579214966 -1 -1 -2 -1 -1 -2 -2 -1 -2 -1 -1 -2 -2 -1 735128514 880548984 -1 -2 -1 51414231 -1 -1 -2 -2 -1 -1 -1 -2 -1 -2 -2 -2 -2 -1 -1 -2 -2 -1 -2 -1 885059209 -2 -2 -1 -1 251797438 -2 -1 -2 -1 -2 -2 -2 6910774 -1 739290569 -1 -1 -1 -2 667223159 -1 -1 -2 -1 -1 -1 -1 -2 -1 -2 -2 -2 -2 -2 -1 -1 -1 -1 -1 -1 -1 173897878 -1 -1 -1 -2 -1
-2 -2 -1 -2 -2 -2 -1 -1 -1 -1 -1 -2 -2 -2 -2 -2 -2 -2 -2 -2 -2 -2 -1 -2 -2 -2 445141890 -2 -2 -2 -2 -1 -1 -1 719981393 -1 -2 -1 -1 -1 -1 -2 -1 -1 986559181 -1 -2 -2 -2 -2 -1 -2 -1 -1 -2 -2 -2 -2 -1 -1 -1 -1 -2 -2 86073056 -2 -2 -1 -1 -1 -1 -1 -2 -1 -1 31483402 -2 -2 -2 -1 -1 -1 -2 414593397 -2 -1 -2 -2 -1 -2 14765951 -1 187424298 -2 -1 -2 -2 -1 -2
-1 -1 -2 -2 -1 -2 -1 -1 475602534 768036831 -2 -2 -2 -2 -2 -2 -1 -2 -1 -1 -1 -2 -2 -1 -1 -1 -2 -1 -2 -2 -2 -2 -2 178946321 -1 -2 -1 -1 -1 -1 -1 488173259 -2 -1 -2 -1 945324813 262075656 -1 -2 -2 -1 -2 -1 18294316 -2 -1 -1 -2 -1 -2 -1 -2 -2 -2 -2 -2 -1 -1 -1 -2 -1 -1 -1 -2 -2 -2 -1 38740492 -1 -1 -2 -1 -2 -2 -2 -2 -2 -2 -2 -1 -1 -1 -2 -1 572977869 -1 -2 278133773
662141130 -1 -1 -1 -1 127050059 -2 -1 689840500 -2 -1 711113908 -2 -1 -2 -1 -2 904052192 -1 -2 -2 -2 -1 -2 -2 -1 779452249 -2 -2 -2 -2 -2 -2 -1 -2 -2 -2 -2 -1 651345535 127785365 -1 -2 -1 -1 -1 -2 -1 -1 -1 -1 -1 -1 -2 -2 464349202 -2 -1 -2 -2 -2 -2 -2 -1 -1 -2 880100011 -2 -1 -2 -2 -2 992880783 -1 -1 -1 -1 -1 -2 -1 -1 -1 105088746 -1 366078238 -1 -2 -2 -2 -2 -2 -1 -2 895791726 590534860 656774237 -1 -2 -2
-2 -2 -2 -1 374783185 -1 -2 -1 -1 -1 -1 -1 -2 27365993 -2 -2 -1 936643663 830728606 -2 404358372 -2 -2 -2 -1 -2 -2 -1 -2 -1 -1 -2 -1 -1 -1 -1 -1 -1 -2 -1 -2 -2 -1 -2 -1 427418962 -1 -1 -2 -2 -2 -2 53554893 -1 -2 423879364 -1 -1 -2 -1 -1 -2 -1 -1 -1 -1 -2 -2 -1 944758322 -2 -1 -2 -1 -2 -2 -2 -1 -2 -2 -1 -2 -2 -1 -1 -1 -1 -1 -1 -1 -1 -1 -2 252136326 -1 -2 -2 -2 -2
482623912 -1 -1 -2 540740245 -2 519861622 -1 -1 -2 407054180 55767938 -1 -1 95021916 -1 -2 663613070 -1 -2 -2 -1 -1 -1 -1 -2 391879596 -1 853065232 -2 -1 -2 -2 -2 -2 -1 -2 -1 -2 -2 -2 -1 -2 -1 -2 -2 -2 -2 -2 -1 -1 507356896 -2 -2 -1 -1 -2 -1 190198023 -1 -1 -1 475612126 -2 -1 -2 -1 -2 -1 -1 290040887 -1 -1 -2 -2 -2 -2 -1 -2 -2 -2 -2 -2 -1 -1 -1 -1 -2 -2 -1 -2 -1 -2 -1 -1 -2 -2 -2 -2
-1 -1 -2 -1 -1 -2 -1 -2 -2 -1 -2 -1 610122890 -1 -1 -2 -1 895440621 -2 -1 -1 -1 230575920 -1 -2 -2 -2 -2 -1 -2 -2 -2 -1 -2 -1 -1 -2 -1 -1 -2 -1 -2 -2 -1 -2 -1 -2 -1 -2 -2 -2 879205298 478187362 -1 -1 -2 -1 -1 -2 -1 -2 -2 -1 -2 -1 -2 -1 -2 -1 -1 -1 -2 -2 -1 -1 -2 -2 -2 90868982 -1 -2 -2 -1 -2 285219944 -1 -2 -2 -2 -2 -2 -2 -2 -1 -2 -2 -2 -1 -1
-2 -1 -2 -1 -2 -1 -1 -2 -2 -1 -2 -2 -1 -1 -1 -2 -2 -1 -2 -2 558550621 -2 -1 -1 -2 -2 -2 -1 -1 -1 -2 -2 -1 -1 -1 -1 -2 932643945 -1 -1 -2 -2 -2 -2 -1 -1 -2 -2 882614743 -1 -1 -1 -2 79744661 -1 -2 -1 -1 -2 -2 -2 -1 -2 -2 383662443 -2 -2 -2 -2 -1 -1 -1 -2 -1 -2 -1 -1 -1 -2 -1 -1 299756870 -1 -2 84047491 -1 -2 -1 -2 -2 -2 -2 -1 -1 -2 -1 446162704 -1 937804347
-2 74192112 -1 -2 -2 799621313 -1 -1 -1 -2 -2 690087853 -1 -2 -2 -2 -2 -1 -1 -1 -1 -2 174758998 -2 -1 -2 239911544 -1 -1 -2 -2 -2 -1 -2 -2 -2 -1 -2 -2 26029222 -1 -1 -2 -1 988685661 -1 -1 -1 -2 -1 -2 -1 -2 -2 4580786 -1 -1 -1 -1 -1 -2 -2 -1 -1 -1 -2 -1 -2 -2 -2 -1 -2 -2 -2 -1 -2 -2 -1 -2 -1 -1 -1 -1 -2 -2 -2 -1 -1 -2 -1 -2 -2 -2 -1 -1 -1 -1 -2 -2
-2 -1 -2 636379260 -2 -2 -2 -1 630850383 -1 -2 -2 -2 -1 -2 -2 -2 -2 -2 -1 -2 -2 -1 -1 -2 -1 -2 -2 -1 345544011 -2 -2 -2 -2 -2 -1 -1 218222283 -1 -1 -1 -2 -1 -2 -1 -2 -1 -2 306101789 -1 -1 -2 942660843 -1 -2 -2 -1 -2 -2 -1 -2 -1 -1 -1 -2 -1 -1 -1 -1 -1 -1 -2 -2 -2 -1 -2 791158332 -1 187941340 -2 -2 -1 -1 -2 -1 -1 -1 -2 -1 -1 -1 -1 -1 -2 -1 381347389 -2 -1 -1
-2 -1 -2 -1 -2 -1 -1 -2 -1 -1 -1 -1 -1 -1 -2 -2 -2 -1 -2 -1 851702512 -2 -1 -2 -1 -1 -1 -1 -1 -1 -1 -1 -1 -2 -1 -2 -1 -2 380732299 349240067 -1 -2 -2 217755069 -1 -1 -2 167428568 -1 -1 -1 -1 -1 -2 -1 -1 -1 -1 -2 -2 -1 -2 -1 788936028 -2 -2 -1 -1 -1 406690008 -1 -1 -1 -2 -2 -2 5182566 -2 -1 -2 -2 -1 -2 -1 980994212 -2 -2 -2 -2 -1 -2 -2 -2 -2 -1 -1 -2 -1 165515806
-1 -2 -1 -1 -2 -1 -1 -1 -1 -2 -2 -2 -2 -2 -1 -2 -1 -1 722175724 -2 -1 -1 -2 -2 -1 -2 493903921 -1 -1 -1 -2 -2 -1 -1 -1 -1 -2 -2 -1 -2 -2 -2 -1 -2 -1 -2 -1 -1 -1 -2 -2 -2 -1 -1 -1 -1 -1 -1 -2 -2 -1 906441134 -2 -1 481636957 332755837 -1 920546694 24189434 -1 -2 -1 -2 -1 -1 566108661 -2 -2 -1 -2 -1 -1 -1 -2 -1 -2 -2 -1 -1 -2 -1 -1 -2 -1 -1 -1 -1 391472283 791008125
-2 -1 -1 -2 -2 -2 758069368 -1 -2 -1 -1 -2 494657586 -2 -2 -2 -2 -1 -1 -2 -2 -2 -1 -2 -1 -2 -1 -1 -1 -1 -1 -1 -2 -1 -1 -1 -2 -1 -1 -2 -1 -1 -1 -2 -1 -1 -2 -1 -1 -2 -1 415650001 -1 -2 -1 -1 -2 -2 -2 -2 -2 -2 -2 -2 -2 -1 -1 515605305 -1 -2 -2 -2 -2 -1 -2 -1 487999340 -1 -2 -2 -1 595871252 -1 -1 -2 -2 -1 241399038 -2 -1 -1 -1 -1 -2 -1 -2 -2 -1 -1
-2 -1 -1 -2 -2 -2 -1 -2 -1 -2 -2 -1 -2 -2 -2 562845174 855088867 -1 -1 -2 -1 195136210 -1 -2 -1 -2 -2 -1 -2 -1 -2 -1 -1 -2 -1 -1 -1 -2 -1 -1 -2 -2 -2 -2 -2 -1 -2 -2 -2 -2 -1 -1 -1 -2 -1 -1 -2 -2 -2 -1 -2 -1 -1 -2 -2 -1 -1 -1 -2 -1 752943739 -2 -2 -2 -1 -1 -1 -1 502981272 -1 -1 463023950 -1 -2 -2 -1 -2 -1 -2 -2 -1 -2 -2 -2 -2 -1 -1 -2 -2
-1 -2 -1 -1 -2 -1 -2 -2 -1 -1 -2 -2 -1 -2 -1 707391810 -2 -2 -2 -1 -2 461109168 -2 -2 -2 -2 -1 -1 -1 -2 251522551 -2 -2 -2 -2 -1 -2 -1 -2 -1 717063234 -2 -1 -1 -1 -2 -2 -1 -2 -2 -1 -2 -1 818249145 -2 -2 -2 -2 -1 -2 318190632 -2 -1 -2 -1 -2 -1 650325625 -2 -1 -2 -1 -1 950413607 -2 -1 -1 -1 -2 -1 -1 -1 -1 -2 -1 -1 -2 -2 808031984 -2 -1 -2 -2 -2 -2 -1 -2 -2 -1
-2 -1 -1 -2 -1 -1 -1 -2 -1 -2 -1 -1 -1 -2 -2 -1 -2 -1 -2 -1 446589866 -2 -1 -1 -1 -2 -1 -1 -1 -2 -1 -2 -1 -2 -1 776797112 -2 -2 -1 837500163 -1 -1 -1 373128334 -1 -1 -2 -1 -2 -1 -1 -1 -2 -1 -1 -1 -2 754665308 -2 -2 -2 559358804 -2 -1 -2 -2 -2 -2 90748128 -1 902890780 -2 -1 -2 56619039 -2 -1 -1 -1 -1 -1 -1 -2 -2 -1 -1 -2 -2 -1 -2 -1 -2 -2 -1 -2 -1 -1 -1 -2
-2 -2 775856853 -2 -2 -1 -2 -2 -1 -1 -2 -1 -1 -2 -1 -1 -1 -1 -1 -2 -2 -2 -2 -2 -2 -2 -2 -2 -1 -1 -1 -1 -2 -2 -1 -1 -2 -1 -2 -2 -2 -2 -2 -2 -2 -1 -1 -2 -2 -1 -2 -2 -2 -2 -1 -1 -1 -2 -2 -1 230390704 -1 -1 -1 -2 -1 -1 -1 -2 686348698 -1 -2 -1 -1 969426112 -2 507615913 -1 -2 -1 -2 300861945 -1 -1 -2 -1 5104609 -1 -1 -2 934153874 -2 -1 -1 651104854 -1 -1 -1 -1
-2 -1 -2 -1 -2 -1 -2 -2 -1 -1 -2 -2 -1 -1 759040974 -1 -1 -1 -2 826376468 -1 -2 -1 -2 -2 -1 94787482 -1 -1 -2 -1 -2 -2 -1 -1 -2 -2 -2 -1 -2 -1 -1 -1 234540970 -1 -2 -2 -1 -1 -2 -1 -2 -2 -2 -1 -2 -2 591562269 -1 -2 -1 -2 -2 -1 -2 -1 -1 -1 -2 -2 -1 -1 -2 202436671 -2 451139427 -2 -1 -1 -2 -1 -1 -2 -1 -1 -1 -1 -2 -2 -1 -2 -1 -2 -1 575225628 -1 -1 -1 -1
-2 -1 52865331 -2 -2 -1 -2 -1 -1 -2 -2 -1 -1 -1 -2 -1 -2 -1 -1 255089966 -1 -2 -2 910301369 -2 -1 -1 119168816 -1 -1 -2 -1 -1 379601403 -1 -1 -1 -2 -2 -2 -2 -2 -2 -1 -2 -2 -2 -1 -1 -2 -2 -2 -1 -1 -2 -1 135816300 -1 -2 -2 -2 -1 -2 -2 -1 -2 -1 -1 -1 -2 -1 -1 -2 -1 -1 -2 -1 202427973 775377508 -2 -2 -1 -1 -2 -1 -1 -2 -2 -1 -1 -2 -1 -1 -2 -2 399443990 -1 -1 -2
-1 -2 -2 -1 -2 -2 -2 -1 106426107 -2 139009426 -2 -1 -2 -2 737088542 -2 -1 -1 -2 -2 -2 -1 -2 -2 -2 -2 -1 -1 -2 -1 -1 -1 -1 -2 -2 -2 -2 -2 262445450 -1 -1 -2 -2 -1 -2 -1 -1 -1 -2 83924689 -1 -1 -2 -2 -2 -2 -2 -2 -2 159020770 -1 -2 -2 -2 -1 -1 -2 -2 -1 415271435 -1 -2 -2 -1 -1 -1 -2 -1 -2 -2 -1 -1 -2 -1 -2 937813748 -2 883700097 -2 -2 -2 815090237 -2 314415214 -2 -1 -2 -2
-2 -1 -2 -2 -1 -1 -2 -1 -2 -2 -1 -2 -1 -2 -2 -2 -1 -1 -2 -1 -1 -2 -2 735518302 -2 -1 -2 -1 -1 -1 -1 -2 -1 -1 -2 -2 -2 -1 -2 -1 -2 -1 -2 -2 -1 -2 -1 -2 754379327 -1 -2 -1 -1 -2 -2 -1 -1 -1 -2 -2 203811418 569531005 -1 -1 -1 -2 -2 -2 -1 -1 840825697 853229809 -2 -1 -2 -1 566614960 -2 -2 -2 -2 -1 -1 -2 -1 -1 -1 -2 -2 183466625 -2 -1 -2 -2 -1 -2 -1 -1 -2
-1 -2 -1 -2 -1 -1 -1 -2 -1 -2 -1 -2 -1 -2 -1 -2 -2 -2 -2 -1 -1 -1 -1 814337326 -2 -2 -1 -1 343558544 -2 -2 -2 -1 -1 -1 -1 -1 767514674 -1 -1 -2 -1 -1 -1 -1 -1 -1 -2 -2 560639496 -1 -2 -2 -1 420135874 -2 -2 -2 -2 254006705 -1 -1 -1 -1 -2 -2 -2 -2 470677331 -2 149304317 -2 604014815 -1 -2 -2 622942923 -1 -2 -2 -1 -1 -2 -2 -2 386290067 -2 -2 -2 -2 182608809 -1 -2 -2 -2 -1 -1 -1 -1
-2 -2 -1 -1 -1 -1 -2 -2 321728629 -1 -1 -2 -2 -2 -1 -2 -2 -2 -2 -2 -2 -1 -2 -1 -1 -2 -2 -1 389091479 -1 -2 -2 -1 -2 -1 -1 -1 -2 -1 -1 -1 310832990 118550409 -1 -1 -1 -1 -2 -2 -2 -1 -1 -2 -2 -1 -1 -1 -2 -1 172922396 -1 -1 -1 -2 -2 -1 -2 -2 -2 -2 -1 -1 -1 -2 -1 -2 -2 -2 -2 982357085 -2 -2 -2 -2 -2 -1 -2 -2 -1 -2 356377634 -1 -1 -2 -2 -1 -1 -1 -2
-2 -2 -2 -2 -1 14902201 -1 -1 -1 -1 -2 -1 -1 -1 877423802 -2 -2 -2 -2 -1 -1 -1 -1 -1 -2 -2 -1 -1 -2 194588027 -2 -1 -2 -1 -2 -2 -1 -1 -1 -1 -1 682347593 -1 -1 174884183 -2 -1 -1 -1 -1 -1 -2 688318415 -1 -2 -2 -2 -2 -2 -1 -2 -1 -2 -1 -2 -2 -1 -2 -2 -2 -2 -1 -2 -1 -2 -1 -2 -2 -1 -2 -2 -1 -1 -1 -2 -2 -2 -1 -1 -2 41367736 -2 -1 -2 -1 11413146 -1 -2 -2
-2 -1 -2 -1 -2 -1 -2 -2 -2 -2 -1 100077952 -2 193239677 -1 -1 -2 -2 654235308 -2 906407190 -1 -1 -2 -1 -1 -2 -1 -1 -1 946919901 -2 -1 -2 -1 -2 -1 -1 -1 -2 -1 -1 -1 -2 -2 -1 -1 -1 -2 -2 129454459 434071300 -1 -2 -2 -2 -2 -2 -2 -1 -1 -1 -2 -2 -2 -2 -1 -1 -2 -1 7018088 -2 -2 -2 -1 -2 -2 -1 -2 886226836 -1 -2 -2 -1 517046021 -2 -2 -1 479156070 -1 -1 -2 -2 -1 -2 -1 -1 -2 -2
-1 -1 -2 -2 -1 -2 -1 -1 -2 -2 -1 101813379 -1 -1 -2 158049180 -1 -2 -1 -2 -2 -1 -1 -2 -1 -1 -1 -2 -2 -1 -2 741422837 -2 -1 -2 -2 -1 -1 -2 -2 -1 -2 -1 -1 -1 -2 -2 -2 -1 -1 -1 -2 -1 -2 -1 -2 -2 -1 -2 -1 -2 -2 341976778 -1 -1 -1 -1 -1 -2 -1 -2 -1 -2 -2 729856317 -2 -2 1421870 -1 -1 -1 -1 -1 -2 -2 -1 -1 -1 196045876 -1 -2 -1 -1 -2 453846751 -1 109226883 -1 -2
-2 -1 621186671 -2 -2 -1 -1 -1 -1 -1 -1 -2 -1 -1 -1 665286114 131186742 -2 -2 -2 -2 -2 -1 -2 -1 -1 -1 -2 -1 -1 -2 -2 198427687 116703930 -1 -1 -2 -2 -1 -1 -1 -1 -1 -2 -1 -2 -2 962632156 -2 255660994 736046263 -1 -2 -2 198790153 -1 721848476 -1 -2 -1 -1 -1 -2 -2 -1 -2 -2 -1 -2 -1 -2 -2 -1 -1 -1 -2 871638792 -1 -1 -2 390043844 -2 -1 -1 -1 91506325 -2 -2 -2 -2 456350 886449845 -1 -2 -1 -1 -1 -1 -2
-1 -2 -2 -1 -1 -2 -2 -1 -2 -2 391380432 -1 -2 -2 -2 -2 -1 -2 -1 -2 -1 -1 -2 -1 -1 -1 -2 -1 -1 -2 -2 -1 -1 -1 -1 -2 -1 -2 -2 -2 923374831 -1 888867737 -1 -2 -2 -2 -2 -2 -1 -1 -2 -2 -1 -2 -1 -2 -1 -2 -1 -2 -1 -2 -2 157141767 -1 -2 -2 -2 -1 -2 -1 -2 -1 -2 -2 -1 -1 -1 -1 -1 707383019 -1 -2 950359940 -1 -2 -2 -2 -2 -2 -2 -2 -2 810323664 -1 889086307 -1 -2
-1 -2 764862246 -2 -1 66927878 -2 -2 -1 -2 -1 -2 -1 -1 -2 547582260 -2 -1 692089355 -1 -2 -1 -1 -1 -1 -2 442148266 -1 123657864 -2 -2 -2 -2 -2 -2 -2 -1 -1 -1 499207599 851951190 -2 -1 -2 -2 -1 647173108 676939863 -1 -2 7581475 -1 -1 -2 -2 -1 -2 605540786 640850613 660090217 -2 -2 232847931 -1 -1 -1 -2 -1 -1 -2 -2 -1 -1 -1 -1 -2 -1 -1 -2 -1 -2 -1 -2 301505904 555349003 -1 -1 886814799 -2 -1 -2 -1 -2 -1 -1 -1 -1 -2 272925960
-1 292534470 -2 -1 -2 -2 -1 -2 -1 -2 -1 -2 -1 -2 -2 -1 -1 -2 -1 -2 -2 -1 -2 -2 -1 -1 -1 -2 -1 -2 -1 -1 -1 -2 -2 -2 -2 -2 -1 -2 -1 -2 -2 -2 -2 -1 -2 -2 -2 -2 -2 -1 -1 -1 -2 -1 -2 -2 -1 287931730 -1 -1 -1 -1 -1 -2 -2 -1 -1 -2 -1 -2 -1 143878763 -2 -1 -1 -1 -1 -1 -2 -2 -1 -2 -1 -2 -1 971741610 -2 -1 -1 -1 -1 -2 -1 -1 -2 -2 -1
-1 -1 -1 -1 -2 -1 -2 -1 -1 -1 -1 -1 -2 -2 -2 -2 366483833 -2 -2 -2 451273738 -1 -2 -2 -2 -1 -2 -2 -1 -2 -2 -2 2054048 -1 -1 -1 -1 457623512 -1 -2 -1 -1 -2 -1 -1 -2 337280381 -2 323414882 -1 -2 -2 -1 -1 -1 -2 -2 -2 -1 -1 -1 -1 -1 -2 -1 -1 957450311 -2 -2 -1 -2 -1 -2 -1 -2 -2 776985439 -1 -1 -2 -1 -1 -1 -2 -2 -2 -2 -2 -2 -1 -1 -2 -2 272968465 -2 -2 -1 -1 -1
-2 -1 -1 -1 -1 819376058 -1 71636130 -2 -2 -2 -2 -1 -1 -1 17169553 -2 -2 -2 -2 -2 -2 -2 -2 -1 -1 -1 425081173 -2 -2 143347285 -1 -1 -2 -1 -1 -2 -1 -2 -1 -2 -1 -2 -2 -2 -2 -1 -2 -1 -1 -1 966271249 803445247 -1 -2 -2 -1 -2 -2 -2 -2 -2 -1 -1 -2 879413898 -2 -2 -2 -1 -1 -1 -2 -2 -2 -1 -1 -2 -2 -2 701298677 -1 -2 -1 339878798 699388167 -2 -2 129384561 -2 935887639 -1 -2 -1 -2 -2 -2 -1 -1
-1 -2 -1 -1 -2 -2 -1 -2 -2 -2 805917601 419887803 -2 -2 -1 -2 -1 631582660 -1 -2 -2 -2 -1 -1 -1 -2 949700453 -2 -1 -1 -1 -1 -1 -1 -2 -2 -1 -1 -2 -1 -2 -1 -2 -2 -2 -2 -2 -1 -1 -1 -2 658548443 -1 -1 -1 -2 -2 -1 -2 -2 -1 -2 -2 -2 -2 -1 -1 -2 -2 -2 -1 -2 -2 -1 -1 -1 -2 -2 -2 -2 -2 -2 -1 -1 -1 -1 -1 -1 -1 -1 -1 -2 -2 -1 -1 -2 -2 -2 -1
-1 -2 -2 -1 -2 -2 -1 -1 -1 -1 -2 -2 -1 -1 -2 -1 -2 624900012 -1 -1 -1 -2 -1 -2 -2 -1 -2 -2 -1 -1 -2 -1 -1 -1 861592794 -1 -2 -1 -1 -2 -1 -2 205163644 -1 -2 -2 -2 -1 -1 -1 -2 -1 -1 -2 -1 -2 -2 -1 -1 -2 -2 48149869 -2 -1 -1 -2 296447536 -2 -1 -2 -2 -2 200121364 -2 -2 -2 -1 -2 -1 -1 -2 -2 717181868 -2 -1 -1 -1 -1 -1 -2 -1 -1 678729728 -2 -2 -1 292214626 -2 -1
-1 -2 -1 -1 -2 -2 -2 -2 -2 -1 -2 -1 -1 -1 -2 -1 -1 903601649 -2 -2 952506933 -2 -2 -2 -2 -1 -2 -2 -1 -2 -1 -1 -1 -1 -1 -1 885306764 -1 -2 -2 -2 -1 -1 -2 -1 -1 -2 -1 -1 -1 256447359 -1 -2 -2 139058620 -1 -1 -1 -1 -1 -1 -2 -1 -1 -1 -1 -1 -2 -2 -1 -1 -2 -2 -1 844114976 -1 -1 -1 -2 -1 -1 400608450 -2 -1 949506754 -2 -1 -2 -1 -1 -2 -1 -2 -2 -2 -1 -2 -2 -2
358291845 -1 -2 -2 -2 -1 -1 -1 -1 418828331 -2 -2 -1 840006066 -2 -2 -1 -2 107611495 -1 -2 812241888 -2 -1 -1 -1 -2 920472343 404465859 -2 -2 -1 -1 -1 -1 -1 -2 -1 -2 -2 -2 -2 -2 -2 -1 -1 -2 -2 -2 -2 -2 -1 -2 413495547 -2 -1 -2 -1 -2 -2 -1 -2 -2 -1 -1 -2 603353946 -1 -1 -2 -1 -2 -1 -2 -1 -2 -1 -2 -1 -2 -2 -1 -1 59138677 -2 -2 -2 222993207 -2 -1 -2 -1 -1 -1 -2 -2 787675649 -2 -2
701665662 -2 -2 -1 -2 -1 -1 -2 -1 282086235 -1 -1 -1 -1 -2 -1 -1 -1 -2 -1 -1 -2 -1 -2 -2 -1 -1 -2 -2 -2 -2 -2 -1 -1 -2 -1 -1 -2 -2 -1 -1 -1 -2 -2 -1 -2 -2 -1 -1 -2 -1 -1 -1 -1 15668285 187336728 -2 -2 -1 -2 -1 -1 -1 -2 -1 -1 -1 -1 -2 -2 -2 -2 488506379 -2 -1 -1 -2 562472615 -1 -1 -2 -1 -1 -2 -1 -2 -1 -1 -1 -1 -1 -1 -2 -1 -2 -1 -2 -2 -2
-1 -1 -2 -2 -1 -1 185305678 -1 -2 -1 -2 -1 -2 -1 -2 -1 -2 -1 -2 -2 -1 -1 -1 -2 -2 -2 -1 -1 -2 -1 -2 -2 -2 -1 -1 -1 -2 -1 -1 918857405 -1 -1 -1 -1 -1 -1 -2 -1 -2 -2 -1 -2 -1 -1 -1 -2 -1 -1 -1 228368424 -2 -1 -1 -1 -2 165513369 -1 -1 -2 -2 -1 -2 -1 -2 402723631 -1 -2 -1 -1 -1 -2 -1 179894808 -1 -1 -2 -2 -1 -2 -2 -1 -1 -2 -2 -2 -2 -1 -2 -2
-1 -2 -2 -1 -2 -1 -2 -1 -1 -1 -1 -2 770985771 -1 -2 -1 -2 -2 -1 -2 -2 -1 -2 -1 -2 -1 -1 -1 -1 -1 -2 -2 -1 -1 -2 -1 -1 -2 -2 -2 883897288 -2 -1 -1 -1 -1 -2 -2 511272392 -1 -1 -2 -2 -1 -2 -2 -2 -2 -2 -2 619210922 -1 -1 -2 -2 -1 -1 -2 -2 894874995 396064500 -2 -2 211836951 -1 -2 -1 -1 -2 -2 -1 -2 -2 -1 -1 -1 -1 -1 -1 -1 -2 -2 -1 -2 -2 -2 -2 -1 -2
-1 -1 -1 -2 -1 -1 -2 -2 251033036 657782454 -1 -1 -1 -1 -2 -1 -2 -2 -2 -1 -2 -2 509064299 -1 844510122 -1 -2 -2 -1 -1 -1 -2 -1 -1 -1 -1 -2 -1 -1 -1 -2 -1 -1 -2 -1 -2 -2 -2 -2 -2 870334441 -2 -1 -2 -2 -2 -2 -1 -2 -1 -1 -1 -2 -2 -1 -1 205306431 -2 -2 -1 -2 -2 542799850 -2 -2 -1 -1 -2 -2 -1 -1 -2 -1 -1 -2 -2 -1 -2 -1 688661272 -1 -2 -2 -2 -1 -2 -2 -2 -2
-2 -2 -1 -1 -1 -2 -2 -2 618287157 -2 -2 -1 92687091 -2 -1 -2 -1 -2 -2 -1 -2 -2 -1 -2 -1 879273799 487559641 -1 -1 -1 -1 -2 -1 -1 -2 -2 -1 67874108 -1 -2 -2 -1 -2 -2 818376634 -1 -1 -1 -2 -2 -1 -2 -2 -2 -1 -2 -2 -1 -1 -2 -1 -2 -2 -2 -2 -2 -2 -2 -2 -2 -1 232149485 -1 -1 813893749 -2 -1 -1 318410403 -2 -2 -1 -1 -2 906927415 -2 328398188 -2 -1 -1 -1 -2 -1 -1 -2 -2 -2 -1 -1
104567280 -1 -1 -1 532537135 -1 -2 -1 -1 -1 -1 -2 -2 -1 -2 548587209 -2 -2 -2 -1 -1 -2 -2 -1 -2 -2 -1 -1 324186362 -1 -1 -2 -1 -2 -2 -2 -1 -1 -2 -1 -1 -2 86616090 -2 -1 -2 -2 -1 -1 -1 -2 -2 -2 -2 -2 -1 -1 -1 -2 -1 -1 639588144 -2 -1 -2 -2 -2 653166170 -2 126954478 -2 -2 -1 -1 -1 -1 -1 -2 -1 -2 -1 -2 -1 31416423 -1 -2 -1 -2 -1 -1 -2 -1 -1 -2 -1 -1 -2 -2 -2
-1 -1 -2 -2 -1 -2 749708174 -2 -2 -2 -2 -1 -2 -2 -2 -2 -1 -1 -1 -1 -1 -1 -1 -1 -1 -2 -2 -1 -2 -2 -1 -1 -2 -1 -1 -2 -2 -1 -1 -1 -1 -1 144492011 -1 -1 783450321 -2 -2 -1 -2 -1 -2 -2 -1 -1 436919999 -2 -1 -1 -2 -2 -2 -1 -1 -1 -2 641782035 -1 -1 -2 472187237 -1 -1 -2 -2 -2 -1 -1 -2 -2 -2 -2 -1 -2 -1 -2 -2 -1 -1 -2 -1 -2 -2 -2 -2 -1 -2 -1 -2
861540292 -1 -1 -1 -1 698330257 -2 801793235 -2 -1 -2 -2 -1 -1 716244792 522012223 -1 -2 -2 -1 -2 943025752 -2 -1 -1 -2 -1 -1 -1 -1 -1 -1 15304338 -2 -2 -1 -1 -2 -1 -2 -1 -2 -2 -2 -2 -1 -1 -1 -2 141856766 -1 -2 -2 -2 -2 -2 -1 -2 -2 -1 -1 -2 -1 -2 -2 -1 717942181 -2 -1 45495769 -1 -2 645764114 467703585 -1 -1 -2 -2 -2 -1 -2 -2 -1 67202888 -1 -2 -2 -2 -1 -1 -2 -2 -1 398393692 -1 -1 -1 -2 -2
-1 -1 -2 -1 65959238 -2 -2 -2 -2 -1 -2 -2 -1 -2 -1 -2 -1 -1 -1 -2 57083679 -2 -2 -2 -2 -2 -1 -2 -1 -1 -2 -2 -1 -2 -2 -1 -1 -2 -1 -2 -2 -2 -2 -2 -1 -2 -1 -1 -2 -1 -1 -2 656257105 403949933 -2 -2 130821484 -2 -2 -1 341834320 -2 494548369 -1 -1 -2 -2 -2 -2 -2 -2 -2 -1 -2 -1 -1 -2 -1 -2 -1 -2 -2 -1 -1 -2 -2 -1 -2 -2 -2 -1 -2 -2 -1 -1 -2 -1 -2 -2
-2 -2 -1 -1 -2 -2 -2 -1 -1 -1 -1 -1 -2 261705929 -1 -2 -2 -1 -2 -2 -1 -2 -2 -1 -1 870765689 -1 -1 -2 -2 -1 -1 -2 -1 -2 -2 -2 -1 367414192 318017858 -1 -1 -2 -1 -2 -1 279686683 -1 -2 -1 -1 -2 -2 -1 -2 -2 -2 -1 734685209 -2 -1 -1 -1 -1 -2 -2 -1 299447066 -1 -2 -2 -2 532112768 -2 92491431 -2 -1 -1 -2 -1 191146984 -2 -1 919916389 -1 -2 -2 -1 -2 -2 -1 -1 412698290 -2 -1 -2 -1 -1 -1
-1 -1 -1 -2 -2 -2 -2 -1 -1 -1 -2 -2 379211122 -1 -2 -2 -2 -2 -1 -2 -2 -2 -1 -2 -1 -2 -1 -2 -1 -2 -1 -2 -1 -1 -1 -1 -1 -1 -1 480215581 -1 -2 -1 -1 -2 -1 -1 -2 -1 958549390 -2 -2 -2 -1 -2 -1 -1 -2 -2 -2 -1 -1 -2 -2 438735511 -1 -2 -1 -2 -2 -1 -1 -2 -1 -1 -1 -2 -1 -2 -1 -1 419746370 -1 -1 -1 -1 -2 -2 -2 -1 164878968 -2 -1 -1 -1 -1 -2 -2 -2
-2 -2 -1 -2 -1 458990163 -2 -2 -1 -1 -2 -2 -1 -1 -1 -1 -1 -1 -2 -1 -1 -1 597424850 -2 -2 -2 -1 -2 -1 -2 427541077 -1 511523110 -1 -2 897072153 -2 -2 -1 -1 57033991 -1 -1 -2 -1 -2 -1 -1 -1 -1 -2 -2 153511882 -1 -1 -2 -2 -1 -2 -2 -1 -2 -2 -1 -1 -1 -1 234040015 -1 -2 -2 -2 -2 -2 -2 821192783 -1 -2 -2 -1 -1 135647147 -2 -2 -1 -1 -1 -1 -1 549117506 -2 -2 -2 -2 -2 -1 -2 -1 -1
-2 -1 -1 -1 -2 -2 -1 -1 -1 -1 -2 -2 -2 -2 -2 -1 -1 511087865 -2 -2 -2 -1 -1 -1 -2 -1 -1 -1 -1 -1 472069418 508777597 -1 -2 -2 741377212 -1 -1 -2 -2 -2 -2 -2 -2 -2 -2 -2 -2 -1 -2 -1 -1 -1 -2 -1 -2 -1 -2 -2 -2 364881841 -1 -2 -1 -2 -2 833151230 -2 -2 -1 -1 -1 -2 -1 -2 -1 -2 -2 -2 -1 -2 -1 841889912 -1 -1 -2 -1 939390812 -1 -1 -2 -1 -2 -1 -2 -1 -2 -2 -1
-2 -1 -2 -2 -2 -1 -2 -1 169370300 -1 -2 -2 -2 -1 -1 -2 -2 -2 -2 -1 -2 556479047 126861469 -2 176706522 -2 -2 -1 -1 -2 -2 -2 -2 -1 -2 -1 -2 -2 -1 434106782 980468803 -1 -1 -1 51481666 -1 -2 -1 -1 760972020 -1 -1 -2 -1 -1 -2 -2 -1 -1 -2 -2 -2 -1 -2 250502238 -2 -1 -2 -1 -2 390667165 -1 -2 -1 -1 -1 -2 -1 -2 -1 877830938 -2 -1 -2 -1 -1 -2 -2 -1 -1 -1 371351719 -2 607038742 -2 -2 -1 -2 -2
-2 537449075 -2 -1 -2 -1 -1 -2 -1 -2 586900159 -1 -1 -2 -2 580823141 -2 -1 -1 -2 -1 -1 -1 -2 -2 -2 -1 -2 -1 -2 174453813 -1 -2 -1 -2 32191328 -2 -2 -2 -2 -1 -1 -2 177665289 -2 -1 -2 -1 -2 -1 -2 -2 -2 -1 -2 -2 -2 -1 -2 -2 26452781 958082253 -1 -2 -1 -2 -2 -2 -1 -2 -2 -2 -2 -2 -2 -2 -2 -1 -2 -2 -2 -2 -2 -2 -2 873589120 -1 -1 -1 -2 -1 -1 -1 -1 -1 -1 -2 -1 -2
-1 -1 -1 -2 -1 -1 -2 -1 -1 -1 -2 -1 -2 268058269 -2 -2 -1 -1 -2 -1 -1 -2 -2 -2 260134494 -2 747206552 -1 -2 -2 -2 -1 -1 -2 -2 -2 -2 -1 -2 -2 -1 -2 -2 -1 -1 -2 -1 -2 -2 -1 -1 -1 -1 -1 -2 -2 70075408 -1 -1 -1 -2 90510154 -1 -1 -1 -1 -2 -2 -1 -1 -2 -1 -2 -1 -2 954257768 -1 -1 -1 -1 -1 -1 -2 -2 -1 -2 -2 -1 -1 -2 -1 -2 -1 847970709 -1 -1 -1 -1 -1
-2 -2 -1 -1 -2 -1 738814335 -2 -2 -2 -1 -2 -1 -2 -1 -1 -1 -2 -2 808214863 909356522 -2 -1 -2 -2 -1 -1 -1 -1 -2 -2 231738875 -2 83454372 389257051 -1 -2 -1 -2 -1 -2 -2 -2 -2 485193085 -2 683387586 -1 -1 -1 -2 669191509 -2 -2 -2 -1 -1 -2 335623915 -1 -1 914298126 -1 -1 -2 -2 125301752 -1 -1 -2 -1 -1 -2 -2 -1 -1 -1 -1 -2 -1 -1 -2 -1 471327596 -1 -1 -1 -2 -2 -2 -2 -2 -1 -2 -2 -1 -2 -1 -1
-2 -1 -1 -1 513794568 -1 -1 -2 -1 -2 -1 -2 -1 -1 -1 -2 -2 -2 -2 -1 2904459 -1 147239464 906120745 -2 -2 -2 162149288 -2 6303369 -1 -1 -2 -2 -1 235798003 -2 -1 -1 -1 435421541 -2 -2 -1 -2 -2 -2 -1 -2 -2 -2 -2 -1 -2 106956458 -2 -1 -1 -1 -2 -2 -2 -1 -2 -1 -2 -1 -1 -2 -2 119621598 -2 -1 -1 -1 905221516 -1 -1 -1 -1 -2 -2 -2 -1 -2 -1 -1 -1 -2 -1 -2 -1 -2 -2 -1 -1 783270759 -1 -2
-2 -2 -1 -1 950102496 -1 -1 -1 -2 -2 -2 -1 -1 789578661 -2 -2 -1 -2 331964645 -1 -1 -2 -2 -1 -1 -2 -1 826821540 -2 278085288 500393931 -1 -2 -2 -1 -2 -1 342006271 -1 -1 -2 -2 -1 636688633 -2 -1 -1 89439283 292993316 -2 -2 -1 -2 -2 685295926 707731004 -2 -1 -1 -1 -1 -1 -1 -2 -2 -1 68783370 -1 -1 -1 916907439 -2 -1 -1 -1 -1 228279790 712731428 -2 -2 -2 -1 875672903 -1 -1 -2 -2 -2 858746015 -2 -1 -2 -1 -2 -1 -2 -1 -1 -1
518416658 -2 -1 -2 -1 24429051 -1 -2 -2 -2 -2 -2 -2 -1 -2 -1 -2 -2 -1 -2 -2 -1 -2 -2 -1 -2 -1 -2 -2 300414315 -1 -1 -1 -2 -1 331813588 -2 -2 -2 -2 -1 937484698 580871005 -2 175687750 -2 -2 -1 -1 -1 -2 419448042 -2 -1 -2 118391143 -1 -1 -2 -1 -2 -2 -2 -2 -2 -2 -1 -2 -1 362110003 -2 -2 -2 -1 -1 -1 -1 -1 -2 -1 -1 -2 -2 -2 -1 -2 -1 -1 -2 -1 -1 -2 -1 -1 -1 -1 -2 -1 -2
-2 -1 -2 -1 -1 -2 -2 -1 393385887 -2 -2 -2 -1 -1 -2 -2 110031173 -1 -2 -1 917206624 -2 -1 -1 -1 -2 -1 -2 -1 -1 -1 -2 -2 -1 797946888 -1 -1 -1 -1 -1 -2 -2 -1 -1 -1 -2 -2 -2 -1 -1 -2 22021289 -2 -1 -1 -1 381213616 -1 -2 -2 -1 -1 -1 -2 439758335 -1 -1 -1 -2 -2 -2 -1 -1 -2 -1 -1 -2 -2 -1 -2 -1 -1 -2 -1 -1 -2 -2 -1 -2 -1 -1 -2 -1 -1 -1 -1 -1 -2 -1
659935863 -2 -1 -1 -2 974174101 -1 -1 -2 -2 771565034 -1 -2 -2 -2 -1 -2 -1 -1 -1 -1 -2 370899031 -1 -2 -2 -1 -1 -2 -2 -2 -2 -2 -1 -1 -2 -2 -2 617913257 -1 -1 -1 -2 91778303 563683970 -1 -2 -2 -2 -1 -1 -1 -1 -2 -1 -2 491864525 -2 908966881 -1 -1 -2 -1 -2 -2 -1 -1 -1 -2 -1 -2 -2 512059517 -1 -1 -1 -2 -2 -2 -1 -1 -1 -2 -1 -1 -1 136268701 -1 -2 -1 -1 -2 -2 -1 -1 -1 -1 -2 -1
