81 98
-1 -1 -2 -1 -1 -1 -1 -1 -2 -1 -2 -2 -1 198859620 -2 -1 869806026 -2 -1 -2 -2 -2 -1 -2 -2 -1 -1 -1 -2 -1 -2 -2 -2 -1 -1 -2 -1 -1 -2 -2 -1 -1 -2 476881676 -1 -2 -2 -1 614340791 -2 -1 -2 -2 -2 -1 -1 -1 -1 -2 -1 293399834 -2 -1 -2 -1 -1 -1 -2 -1 -1 -1 -1 -2 -2 -2 -2 -2 -2 -1 -2 -1 -2 -1 -1 -1 -2 -1 -2 -2 -2 -2 -1 -1 -2 -2 -2 -1 -1
-1 -1 -1 -1 -2 -2 -1 -1 -2 -2 -2 -1 -2 -1 -1 -2 -1 -1 -2 -1 201325638 -1 -1 -2 -2 -1 -2 -2 -2 -1 -2 -2 -1 -1 -2 798702751 -1 -1 -2 -2 -2 838053936 -2 -1 -1 -2 -1 -2 -1 -1 -2 -1 -1 -2 -1 447532581 -2 -1 -1 522863032 -2 -2 -2 222459189 -1 -1 -2 -2 -1 -2 -1 -1 -1 -2 -2 -2 438722637 -1 459586294 539404662 -2 -1 -1 -1 -2 -2 -2 -2 -2 -2 -2 -2 -1 -1 177061277 -1 -2 -2
-1 -1 -1 -1 -2 -1 -2 -2 -2 -1 -1 -2 5325730 -2 -2 647310378 -1 -1 -1 -1 -1 -2 762815113 -2 -2 452369310 -2 -2 -1 -2 80315168 -2 -2 -2 -2 -2 -1 -2 -2 -1 -1 -1 -2 -1 -1 37250384 -2 -2 -1 -1 -2 -1 831926915 635371413 -1 -2 -1 -2 -1 -2 -2 -2 32181355 -1 -2 -1 -2 -2 63513647 -1 -2 -2 422344841 -2 -1 72939122 135972309 -1 -2 -2 -2 -2 199077141 -2 -1 -2 -1 -2 -2 -2 -1 -2 331231481 -1 980287070 -2 -2 -1
217492163 -2 -2 -1 -1 -2 -2 -1 -2 -1 -2 -1 -2 -1 -1 -1 -1 -1 -2 -2 139152795 -1 -1 -1 -2 -2 795184797 -2 -1 -2 -2 987151090 -2 -2 -2 -1 -2 -2 -2 976448081 -1 -1 -2 -1 -2 -1 95946068 -2 341074691 -2 105950512 617290904 -2 -1 -1 -2 -1 -1 -2 -2 -2 -1 -1 -2 -1 -1 -1 -1 -2 -1 -2 -2 -1 -2 -2 -2 -2 -1 -1 115880171 -1 -1 -1 -2 -1 -1 23420665 -2 -2 -1 -1 -1 -1 -1 844853382 -1 -2 -1
-1 -2 -1 -1 -1 -1 -2 -2 -2 -2 -1 -2 72053492 -1 -2 -1 -1 367084362 -1 -1 -1 -1 -1 -1 739242150 -1 -1 -2 -1 -2 -2 -1 -1 -1 -2 -2 -1 -2 -2 -2 -2 -1 -1 -2 758135287 -1 -2 -2 -2 -1 -2 -2 -1 -2 -1 -2 -2 -1 -2 -1 -2 -2 -2 -1 -1 -1 -1 -2 -2 -1 -2 -1 -1 -1 -2 -1 -1 -2 -2 -2 -1 -2 523820609 -2 -1 -2 362193058 -1 -1 -1 -1 -1 -1 -1 -2 -1 -1 -1
-2 -1 -2 -2 -2 -1 -2 -2 -2 805609526 -2 -2 648833699 372690648 380251275 -1 765535852 538402024 -2 -2 -1 -2 -2 723717852 -1 -1 -2 -2 -1 -2 -1 -2 -2 -2 -1 -2 -2 -2 -2 -1 -2 -1 -1 -1 -1 510421277 -1 -1 -2 -2 -1 -2 -2 -2 -2 -2 133711972 -1 -2 -1 -1 -2 -2 -1 -2 -2 -2 -1 -1 -1 -2 -2 -2 -2 -2 -1 -2 -2 -2 -2 -2 272592949 -2 -2 -1 -1 -2 -1 -2 -1 -1 -1 333340305 206530747 -1 -2 -1 -1
-1 -2 -2 -1 -2 64192624 -2 -1 -2 -1 -1 772838157 -1 -1 -1 -2 -1 -2 -1 -1 -2 -1 513169128 -2 -2 -1 -2 -1 -2 -2 -1 -1 -1 -1 -2 730055226 -2 -1 -1 -1 -1 -2 -1 -2 -1 832509775 190202521 -1 -2 -1 -2 210755287 -2 574051665 -2 -1 -1 -2 -2 34438328 -1 -2 -1 -1 300237438 -1 -2 -1 -2 983119779 -1 -2 -1 -2 -2 -2 -1 -2 -2 -1 -1 -1 -2 -2 -1 -2 271880258 -1 -1 -2 64951169 -2 -2 -2 -2 -1 -1 481955352
-2 486649599 -1 -1 -2 -1 -2 -1 -2 -2 -1 -1 -1 -2 -2 -1 -2 -1 -1 -1 -1 -1 -2 -1 -1 -1 -2 -1 -2 -2 -2 -2 -2 -2 -2 -2 -1 -1 -2 -2 -2 320380255 -2 -2 -2 -1 598023618 -2 -2 -2 -1 -1 -1 -2 -2 -1 -1 -2 -2 -1 -1 -1 -2 -1 -2 537738524 406942048 -1 630816185 -2 -2 8666608 -2 -2 -2 -2 -1 -2 -2 -2 869022808 -2 -2 -1 -2 -1 -1 -2 -1 -2 -1 -1 -1 -1 -2 -1 -2 307529037
-2 -2 -2 886959506 -2 -2 -2 -2 -1 -2 -2 -2 -2 -1 816040470 -1 -1 -1 -1 -2 -1 -2 -1 -2 -1 -2 -2 -2 789343566 -2 514061231 -1 -2 -2 -2 -1 -1 -2 933847469 -2 -2 -2 -2 -2 -1 -2 -2 -2 -2 -1 -2 -2 -2 -1 -2 522932544 -1 -1 -2 -1 -2 -1 -2 -2 -1 -2 -1 -2 -1 -1 -2 -2 -1 -2 -1 -1 -2 -2 32131409 623746551 -1 -1 -2 -1 -1 -2 -1 180163761 -1 -1 -1 -2 -2 130311086 -1 -2 -1 -2
-1 -2 -1 -1 -1 -2 -1 -1 -2 -1 253918740 -2 -2 285990559 -1 445183237 -1 -1 -2 -1 -1 -1 -2 -2 -1 -1 9965154 -1 -1 -2 -1 -1 -2 -2 -2 -2 -2 -1 -1 -2 -2 440402752 -2 -2 -2 -2 -2 -1 -1 -1 262758475 -2 -1 313969923 -1 -1 -1 -2 871689150 -1 -2 -2 -2 -2 -2 890332272 -2 945384981 -2 -1 -1 -2 -2 -1 -1 -1 -1 -2 -2 -1 -2 -2 -1 -1 -1 -1 -2 -2 -2 -2 -1 -1 -1 -2 -1 -1 -2 -1
-1 -1 -2 -1 -2 -1 -2 -1 -2 -2 -2 -1 -1 -2 -2 -1 -2 -1 -2 -2 -1 -1 -1 364553703 -2 -2 -2 -2 -2 -1 -2 -1 -1 -1 941654144 -2 -2 -2 663078962 -1 -1 -2 -2 -1 -1 -2 -1 492241893 -2 -1 -2 -1 -1 -1 -2 539982483 -1 -1 -1 -1 -1 -2 652761590 -2 -1 -2 -2 -2 -1 -2 -2 -1 -1 -2 209480060 -2 -2 -2 -2 -1 -1 -1 -1 -2 -2 -1 -2 -2 -1 -2 -2 -1 -2 -2 -1 -2 -1 -2
-2 139556677 -2 -2 -1 -2 654985050 -2 -1 -2 -2 -1 -2 -2 -1 -1 -2 -2 -2 -1 -1 -2 -2 -2 -2 -2 -2 -2 -2 -2 -2 -2 -2 -2 854675548 -1 -2 808065940 -2 308304811 960302335 -2 -1 -2 -2 -1 31001103 -1 -1 -2 -2 -1 -2 -1 -1 -1 -2 -1 -2 201279195 -1 -1 -2 -2 -2 -2 -2 -2 -2 -1 -1 -1 -1 -2 -1 -2 -1 -1 -1 -2 -2 -1 -2 -2 -1 -1 -2 -1 -1 -2 -1 -1 -2 -1 -1 -1 -2 -1
-2 -1 -1 -1 -2 -1 53914689 -1 -2 -2 -2 194890025 -1 285020645 -1 -1 -1 -2 -1 -2 -1 -2 -1 -2 838309742 -1 -2 -1 -2 -2 174493528 -1 -2 -1 -1 -1 -1 -2 -1 -2 -2 -2 908871898 -1 -2 -1 -2 -2 -2 -2 -2 -2 -2 -2 -1 -2 -1 -2 -1 -2 -1 -2 -2 -2 -2 416405167 678756689 506685734 -1 -2 -1 -1 -1 -2 -1 -2 -2 -2 -1 -2 -2 -2 -2 -2 -1 -2 -2 -1 -2 -1 146143614 -2 4210030 -1 -2 -2 -2 -1
-1 -1 -2 -2 -2 -2 -1 -1 378895395 -2 36913916 -2 -2 -1 -2 -2 -2 -2 996764438 -1 703389416 113023895 949097472 -2 -2 -1 -2 -2 -2 -2 -1 -1 -2 -1 -1 -2 -1 -2 -1 -2 -2 -2 -2 -2 -1 -1 -2 569991186 -1 -2 -2 -1 -1 -2 -2 -2 -1 -1 -2 -1 -1 -2 -2 -2 -2 -2 -1 -2 -1 96833588 -2 -2 -2 -2 -1 -2 -1 -1 -2 -1 -2 -1 -2 -2 -2 -2 -1 -1 -1 -1 -2 -2 -1 -1 -1 -1 -2 -1
-2 -1 -1 -2 -1 -1 -1 -2 763429785 -2 -1 298240893 -2 -1 -1 -2 -2 -2 -2 -1 -2 -2 -2 -1 383121737 38040735 -2 -1 -2 -2 -2 -1 -1 -2 -2 -2 -2 -1 -2 -1 -1 -1 -2 -1 -2 -1 -1 -2 -2 -1 -1 -1 -1 -2 -1 -1 -1 -1 -2 -2 -2 -2 -2 -2 198995538 -1 -1 458843737 -2 -1 -1 -1 -1 -2 -1 -2 -2 -1 -2 -1 971086972 -1 -2 -2 -1 -1 -2 -2 -1 -2 -2 -2 -2 -2 -1 -2 -1 -2
-2 -1 -1 -2 -1 -2 -2 -1 -1 -2 -1 285694305 -1 -2 -2 -1 -2 -1 -2 839883075 -2 -2 -2 324971055 -1 -1 -2 -1 -2 -2 238999590 -2 -1 -2 659151003 -1 -2 -2 -2 -2 -1 -1 -2 -2 64477307 -2 -2 776570331 -2 -1 -1 -2 -2 -1 -2 -1 254381842 -2 -1 -2 -1 -1 -2 -1 755157994 -2 -1 -1 -1 -2 -2 -2 -1 -1 -2 -1 74673605 -2 -2 -2 -2 -2 -2 -2 -1 -2 354796061 -1 -2 -2 -1 -1 -2 -2 887422485 -2 -2 -2
-2 -1 -1 -1 -1 -2 -2 -1 -1 -2 -2 -1 647011209 -1 -1 -2 -1 -2 -1 -2 -2 -1 -1 -2 -1 -1 -1 -1 -1 -1 -1 952383536 -2 -2 -1 -1 -1 -2 -1 -2 -1 -1 -2 -1 -1 -2 -2 -2 -1 -1 -2 -2 -2 -1 -2 -1 8254798 -2 -2 -2 -2 832625495 -1 -1 103136235 -2 -1 -2 -2 -2 -2 -1 -1 -2 -2 -2 458490481 -2 -1 -1 -1 -1 -1 -1 -2 960339664 -1 -2 -1 -2 -2 -1 -2 -1 -1 -1 -1 -1
-2 -1 -2 -2 201351225 974789971 -1 -2 -2 -2 -2 -1 -2 -1 -2 -1 715114641 -2 -1 -2 -1 -1 -1 -1 -2 -2 -1 -1 -2 -2 -2 -1 -2 -2 -2 -1 -1 -1 -1 -2 -1 -2 -1 -2 -1 -1 -2 -2 -1 -2 -2 -2 -2 235763698 -2 -2 -2 -2 30323187 -1 456312750 -1 -2 -1 -1 -1 -1 -1 -1 -2 -2 -2 -1 -2 -2 -2 -1 -1 -2 -1 -1 -1 -1 -1 -1 -1 -2 -2 -2 -1 -2 -1 -2 -1 -2 -2 -2 -1
-1 -1 -2 -2 -2 -1 -2 -2 -2 -2 -2 -2 -1 -2 -1 -2 -1 -2 98830851 -2 -2 494982196 -2 -2 -2 -1 -2 -2 -1 143590204 -2 -1 -2 -1 -1 -1 -2 -1 -2 -2 -1 -2 -2 -2 -1 -2 -1 -1 -1 497530922 -2 -2 7348838 -2 -2 -1 -1 -2 -2 -2 -2 -1 -2 -1 -2 -1 -2 -1 -2 -2 -2 -1 -1 -2 391133529 894335052 -1 -2 -2 -2 -2 -2 -2 -1 -2 -2 -1 -2 -2 -1 -2 -2 -2 -1 76528139 -2 -1 -2
-2 -1 768447173 -2 -2 -2 -2 -2 -1 -2 -1 -1 -1 -2 -2 -1 -2 -2 -1 -1 -2 -2 -1 -1 -2 -2 -2 -1 -1 -1 -1 75477245 -2 57162709 657412309 -1 195988924 517595237 -1 -2 -2 -1 -1 -2 -2 -2 13344591 -2 799255607 -1 -1 -2 -2 -2 -1 -2 -1 -2 -2 -2 -1 -2 -2 -2 -2 -2 454713004 -1 -1 -2 -2 -1 -2 256539355 -1 -2 -1 -1 -2 -2 -2 -2 -2 -1 -1 -2 -2 -2 -2 -1 -1 -2 39362666 -1 -1 -1 -1 -2
-1 -1 155232419 -1 -2 -2 944050022 -2 -2 -1 429147926 -2 -1 -1 -2 -2 -1 598323933 589009035 -1 -2 -2 -2 -1 -1 -1 -1 -2 -2 -2 -2 -2 239708958 -2 -1 -1 -1 -2 2065447 -2 -2 828777219 -1 -2 -2 -1 -2 419111754 -2 -2 -2 -1 -2 -2 -1 -2 -1 -2 618595028 -1 -1 -2 -1 -1 -2 -2 -1 -2 831282235 -2 -1 -2 -2 -2 -2 -2 661292225 -2 580967597 -2 -1 -1 -1 -1 821932357 -1 -1 -2 268587414 -2 -1 -1 -2 -2 -2 -2 -1 -2
603071684 -2 -2 -2 -2 -1 296545972 514634381 -2 -2 584827176 -2 -2 747898937 -1 -1 -1 -2 505737590 -2 -2 -1 -1 -1 -2 -1 43126519 -2 -1 -2 830718458 -1 -2 -2 -2 355933837 691049974 471412995 -2 -2 745559806 738792005 -1 -2 -2 -1 -1 -2 -2 -1 -2 -2 -1 -1 818462487 -1 -1 -2 -1 -1 -2 83609898 414382699 -1 -2 -1 -1 -2 -2 356704651 -2 -2 -1 -2 -1 -1 -2 -1 -1 -1 -2 -2 316738821 -2 -2 -1 -2 -2 588783792 -2 -1 -2 -1 -1 -1 -1 -2 -1
-2 -2 -2 -1 -2 -1 -1 -1 -2 154496682 -2 387993581 -2 -1 -1 607790934 -2 100134774 -2 -1 -1 698020512 -2 -1 -2 -1 -1 -1 -1 -1 -2 -2 -2 746488072 -2 -2 -1 -1 -2 -1 -2 -2 -1 -2 -1 -2 -1 -1 130551444 -1 -1 -1 -2 44828029 -1 -2 -1 -1 -2 -1 -2 -1 -1 -2 -1 -2 -1 -1 -2 -2 12225639 -2 -2 690278024 -1 -2 -2 -1 -2 -2 411246608 -2 -1 -2 -1 -1 810047866 -2 -1 -1 -2 -2 -1 -1 -1 423899987 -2 -1
896974794 -1 893840212 -1 -2 327027139 -2 -1 -2 -2 -1 -1 -1 -2 -2 -1 -1 -2 -1 -2 -1 -1 744016126 -2 717049896 -1 -2 -2 -2 -2 -1 -2 -2 -2 579277546 261652065 -2 -2 -1 -1 -1 -2 -1 -2 -1 -2 -1 -1 -2 -1 -2 573997821 -2 -1 -2 -1 -1 -1 -1 -2 233116894 -2 136764773 -1 -1 -2 -1 151626684 -2 -1 330828166 -1 -2 -2 -2 -2 -2 -1 -2 -1 -1 -2 -2 962095886 -2 -1 79258953 -2 -1 -1 -1 -2 -2 -1 -1 -1 -2 -2
-1 -2 -2 -2 -1 -2 -1 -2 -2 -2 -1 -1 -2 -2 -1 -2 -2 -1 -2 297343532 -2 -1 218686102 -1 -1 -1 -1 -1 -2 -1 -1 -1 -1 -2 -2 -2 -2 -2 -1 -2 -2 -1 -2 -1 -1 -2 -1 -1 -1 -2 -2 -2 -2 -2 -1 -2 199256554 -2 470257578 -1 -1 -2 247748544 -2 -2 -1 -1 -1 365453891 -1 -1 -1 -1 -2 -2 519992754 -2 -1 475319117 -1 -2 -2 -1 224425735 -1 -2 -2 -1 -1 -1 -2 -1 -1 -2 -1 -2 -2 587354043
-1 -1 -1 -2 -2 -2 85155910 -2 -2 -1 -2 -1 -2 -2 -2 -1 -2 -2 -1 -2 -2 -2 -2 -2 -2 -1 -1 -2 -2 -2 -2 -1 -2 -1 -1 -1 -2 -1 -2 -2 905031423 -1 359870225 -2 -2 -2 -1 -2 -1 -2 -2 -1 -2 470550683 -1 -2 -2 -2 -1 -2 -1 -2 -2 -2 -1 -1 608271806 202411842 -2 -1 -2 -2 -1 -2 -1 -1 657207208 -1 -2 -1 -1 -1 -1 -2 -1 900941284 -1 -2 -2 -2 -1 -1 -2 -1 -1 -2 -2 -2
-2 -1 -1 -1 -2 -2 -2 -2 -1 -1 -1 -2 -2 -2 -2 -1 -2 -2 -2 -2 984729695 -1 418466695 -2 -2 698163718 -1 -1 -1 -1 29725681 -2 -1 771081801 -2 -1 -2 -2 -2 -2 -2 -1 -1 -1 -1 -2 -1 -1 143721090 -1 -2 -1 -2 -1 -2 -2 -1 -1 275835208 -2 -2 -2 -1 -2 -1 -1 -1 -2 -1 -1 -2 -2 -1 -2 -1 -2 -1 -2 -2 -2 -2 -2 -2 -1 -2 600658579 -2 245899374 -1 -2 -1 -1 -1 -2 -2 52291882 -1 -2
-2 722760488 -2 -1 365623233 -2 -2 -2 -1 -1 -2 -1 -1 -2 -1 -1 -2 -1 817727666 -1 -2 -1 -1 532055162 693208229 -2 -1 -1 -1 -1 -1 -2 -2 -1 -2 847894944 -1 -1 -1 -2 -2 -2 -2 -2 -2 -2 -2 -1 -2 -1 -1 -2 357346485 -2 -1 47179366 -1 -1 -1 930258901 -1 -2 -1 -2 -2 -2 -1 -1 -1 -2 -1 -2 -2 -2 -1 -2 -1 -2 -2 -2 -1 -2 -1 -2 -1 -2 -2 -2 -1 -2 -1 -2 -2 -1 -2 -2 -2 -2
102323734 -2 -1 -2 -2 -2 -2 -2 -2 -2 -1 -1 83364509 -1 -1 -2 -2 -2 -1 -2 -2 -1 -1 769540155 -2 -1 -2 -1 -1 -1 -2 -2 -2 -2 -1 -2 -2 -1 -2 -1 -1 -1 728300979 890134718 -1 -1 -1 98117496 863258278 -2 -2 -2 -2 -2 -2 -1 -2 -1 -2 -2 -1 -2 -1 -1 -2 -1 -1 -1 -2 106753819 -2 720231596 -1 -1 -2 -1 -2 -2 -1 -1 -1 -1 -1 -1 -1 -2 -2 -1 -1 -1 -2 -1 -1 748022754 -1 97465864 -2 -1
-2 -2 -1 -1 -2 -2 -1 -1 -2 -2 -1 -2 -2 271645890 -1 -1 -1 -1 -1 837770636 -1 -1 -1 -1 -1 -2 24458034 -1 -2 -1 -2 -1 -2 -1 -2 -1 -1 -2 -2 -1 -2 -1 -2 -2 -2 -2 -1 -2 -1 -2 185340597 -1 -2 -2 -2 -2 -1 -1 -1 -1 -1 53660325 298604169 -1 -2 -2 -2 -1 -1 -2 301676819 -2 -2 -2 -1 322932009 -2 -2 -1 -2 -2 -2 -2 -1 -1 -1 -2 -1 -1 -2 -1 -2 -1 -1 -2 -1 -2 -2
-2 -1 -2 996739209 -2 -2 -2 -2 -1 -1 -1 -2 -2 -2 -1 -2 -2 -1 -1 -1 -1 -2 10610056 -1 -2 -2 -2 -2 -2 -2 -1 -2 -2 -2 -1 -1 -2 -1 -1 -1 602757376 55874940 -2 -2 -2 -1 855838523 -2 -2 -1 -2 340705474 -1 -1 -2 216233523 32919678 -1 -1 -2 -1 -2 -2 -2 -2 -1 -2 -2 -2 -1 -1 -1 -1 -2 -2 -2 -1 -1 -2 -1 -2 -1 -1 -1 -2 -1 -1 -1 -1 -2 -1 -1 -2 -2 -2 -2 -2 -2
-1 -1 -2 -2 -2 799739604 -2 -1 -1 -1 74875484 799250959 -1 256100807 798788456 803244406 -2 841859348 -1 -2 -1 -1 -2 -1 -1 -2 -2 -2 707925804 -1 -2 -2 -2 -2 -2 -1 -2 829653343 -1 -1 -1 -1 -1 -2 423498748 -2 -1 -2 -1 -1 -1 -2 -2 292621283 -1 765959553 -1 -2 -2 -1 -2 -1 36347277 -1 -2 -1 384578499 -1 -2 -1 -1 -2 910826947 285055153 -2 -1 -2 -2 772040348 -1 -2 -1 -2 -2 -1 -1 -2 -1 -1 -2 -2 -2 -1 -2 -1 -2 -2 676304088
-2 -2 -2 -2 -2 -1 -2 -1 -2 -2 -2 -2 -2 -2 -1 -1 -2 -2 -1 -2 -1 -2 -2 -1 -2 -1 -2 -2 -2 -2 -2 122954352 -1 -1 -1 -2 424145107 -1 -2 -1 -2 -1 -2 -2 -2 -1 -2 -1 -2 -2 -2 -1 -2 -1 -1 -1 660148870 -2 -1 -1 -1 -1 -2 -2 -1 -2 -2 172141793 -2 -1 -1 73285461 -1 -2 -2 -1 -1 -2 -1 -1 531748984 -2 -1 -2 -2 -2 -2 -2 -1 -1 -2 403845860 -2 -2 -1 370530379 -2 -1
-1 -2 -2 -2 784442762 107889247 431953920 -2 -2 -2 -1 -1 -1 -2 -2 -2 502999225 -2 -2 -1 -1 -2 -1 -1 -1 455415919 -1 -1 -1 -1 -2 -2 -1 -2 -2 125528063 -2 -2 -1 -1 -2 -2 -2 -2 -1 -2 -1 -1 -1 -1 -1 -1 -1 -1 -1 -1 -1 -2 -1 -1 -2 290214659 -1 -1 -2 -1 -1 -2 -1 -1 -2 -1 -1 -2 -2 -2 -2 -2 -1 -2 -2 -2 -2 -1 -2 -1 -1 -2 -2 -1 -1 -2 -2 -1 -2 -1 297473477 -1
929993147 -2 -1 -2 -2 -2 -2 -2 -2 -2 988209639 599111505 -2 -2 728952500 -2 -1 -1 -1 -2 -1 -2 -2 -2 -1 -1 -1 990139208 -1 -2 -2 -2 -2 -2 -2 -2 -1 -2 -2 -1 -1 -1 -2 -2 -1 -2 -2 -1 -1 -2 -1 -1 -2 -2 -2 -2 612112262 -1 35901672 -1 -1 -2 -2 -2 -1 -1 -2 -2 -2 -1 -2 -1 -1 -1 -2 -1 951031572 -1 -2 -2 -2 -2 -2 843855850 -1 -2 826056284 -1 -2 -2 -1 -2 -2 -1 -2 521637464 -1 117510404
-2 -2 -1 -1 -1 -1 -1 -1 756505503 -2 -1 -2 -2 -2 -2 -2 -1 -1 -2 -1 -1 -2 -2 -2 -1 -2 -2 -2 -1 -2 -1 -2 -2 -2 -1 -2 -1 -1 538191235 -1 -1 -1 10162471 -2 -2 -1 -2 -2 -2 -1 -1 -2 -2 -2 -2 -2 -2 -1 -2 -2 -2 -2 -1 -1 -2 -1 -2 -1 -2 -2 -2 -2 -2 -1 -2 -2 -2 -2 -2 -1 -2 -2 -1 -2 -2 -1 -1 271084398 -2 -1 -2 -2 -1 -2 205489893 -2 -1 -1
-1 -2 326719921 -1 -1 -1 -2 127427296 -1 -2 -2 -1 -1 -1 -2 382849320 -2 -2 -2 -2 274451415 -2 -2 330960147 -1 -2 -1 -2 -2 -2 -1 -2 -2 -1 -2 -1 -1 -2 -2 -2 -1 -2 -2 -1 -1 -1 -2 -1 -2 119955765 -2 -2 -2 -2 -2 304139977 -1 -1 -2 -2 -1 -1 -1 -2 -1 -2 -2 -1 -1 -1 -1 -1 380534311 -1 -1 21960821 -2 -2 -1 -1 -2 -2 -2 -1 -2 -1 -1 -2 -2 -2 -1 -2 -2 -2 -1 -2 -2 -1
-2 -1 581962072 883902151 -2 -2 -1 -1 -2 -2 -2 -1 402318880 -2 -2 -2 -2 -1 -2 -1 -2 -2 -2 -2 -2 -2 -2 113225604 -2 -1 290257142 -2 -2 -2 -1 -1 -1 -1 -2 -2 68604728 -2 -1 -1 -2 -1 -1 -2 -2 -2 -1 -2 -2 -2 -2 -2 -1 -2 -2 -1 -2 -2 -1 209852492 -2 -1 -1 -2 -1 -2 -2 -2 -2 -1 -1 -2 176578843 -2 -2 -1 -2 -1 -2 -1 501007076 -2 -1 -2 727583395 -1 -2 -2 -2 -1 710028321 -2 -1 -2
-1 -1 -2 -1 -2 65841608 -1 -1 -1 -2 -1 -2 -2 -1 -2 -1 -1 487519456 -1 -2 574314930 -1 973754757 -2 -2 -1 -1 -2 -1 -2 929894447 -2 -1 -2 -1 -1 -1 -2 -2 -2 -2 -2 146027104 -2 -2 775022174 137883132 748824258 -1 -2 -2 -2 -1 -1 -1 -2 559980964 -1 -2 28390391 -2 -1 -2 -1 -1 -2 -2 -2 -2 -2 921591364 -1 -2 -2 -2 -1 -1 -2 -2 786803064 -1 -1 -2 -1 47198993 -2 -2 -2 -2 -2 -2 -2 -2 -2 870306503 -2 -1 -1
-1 -2 368146035 -2 -1 -1 -1 -2 -1 -1 -1 -2 -1 59129272 -2 23158917 -1 -2 -1 -1 -1 -1 357600289 -1 -2 394066665 -1 -2 -2 -2 407706686 -2 -2 -1 -1 -1 -1 -1 -2 88653988 -2 -2 297723835 -1 -2 -2 -1 -2 -2 -2 -1 -2 -2 -1 -2 -2 -2 -1 -2 -1 -2 631375051 -2 -1 -2 486568603 -2 -1 -1 -2 -1 -1 -2 -2 -2 -1 -1 -1 -1 262499125 -2 -2 -1 -1 -1 -1 -2 -2 704768276 -2 -1 -1 -2 -2 -2 -2 792001016 -2
-1 -1 576511670 -2 -2 -2 -2 -2 -2 -2 -2 -2 -1 -1 -2 509837395 -1 -1 -1 -1 67135191 -2 -2 -2 -2 -2 -1 -1 -2 -2 -2 -2 725850111 -1 -1 -1 -2 -2 -2 -2 -2 -1 -2 -1 -2 -2 -2 -1 -2 -2 -2 -1 -2 -2 -1 -2 -2 -1 -2 -1 -1 -2 -1 524025129 -1 -1 -1 -1 -2 -2 500636373 -2 -1 -1 725347472 -2 -1 -2 -1 -1 -2 -2 -1 -2 941061347 -2 -2 -1 49548233 -1 -1 -1 -1 -1 -2 -1 -2 -2
-1 -1 -1 -1 276190063 -1 -2 -2 -1 706120697 -2 -2 -1 -1 -1 -1 -2 -1 -2 -2 -1 -1 -2 96475645 -2 769953115 855870736 -2 918292893 -2 -2 -1 -2 -2 -2 -2 -1 -1 -2 -2 -2 -2 -1 -2 -2 -2 -1 -1 -1 -1 -2 -1 -2 -2 263124272 -2 -1 -1 -1 -2 -1 -2 -1 -2 -1 -2 -1 -1 -1 -2 -2 -1 -2 -1 -2 -2 -2 -2 -1 -1 -1 -2 664008004 -2 -2 -2 -2 -2 988597977 -1 -2 -2 -1 -2 -1 -2 -1 -2
-1 -2 -2 -1 -2 895826827 -2 -1 -2 -1 -2 -2 -1 -1 281192394 -2 -2 297016836 -2 554399900 -1 -1 -1 -1 9394503 -1 -1 -2 -2 -2 -1 -2 -2 -2 -1 -2 -2 -2 -2 -1 -2 -2 -2 -1 -2 -1 -1 -1 -2 108441548 -1 -1 -2 -1 -1 -1 -1 -1 -2 -2 244471247 -1 -2 -2 -2 -2 -1 -2 -2 -2 -2 -1 52786964 -2 291952221 -2 -1 -2 -2 -2 407832564 -2 -2 -1 -1 -1 -1 -1 -2 -1 -1 726688290 29301784 -2 -1 -2 -1 -2
-2 -1 -2 -2 133911276 -2 -2 -1 -1 -2 -2 -2 -1 653692026 -2 -2 -2 740286162 -1 -1 -1 -2 -2 -1 -2 -1 -1 -2 -2 -1 -2 -1 -2 -1 -2 -1 127446004 -2 -1 -2 -1 -1 -1 -2 -2 937379934 -1 -2 -1 -1 -1 -1 -2 149380542 185343616 -2 -2 -1 -2 752620063 857254921 -2 -2 -2 -2 -1 -1 -1 -2 -1 -2 -2 -2 -2 560415924 -1 -1 -1 93281113 -2 -1 -1 -2 -1 -2 -2 -2 -1 -2 -2 -1 -2 -2 -1 -2 -2 -1 668171810
119600563 -2 -2 -2 -2 -2 -1 -1 -2 -1 -2 -2 -2 -2 -1 -1 -2 -1 -1 -2 -1 -2 -1 -1 -2 -2 -2 -1 -2 -2 -1 -2 -2 -1 -2 -2 -2 893513010 -1 -2 -2 -2 -1 -2 -1 -2 -1 -1 -2 -1 -1 -1 -1 -2 -1 -1 -2 -1 -2 -1 -1 -2 509271065 -1 -1 -2 -2 -1 -1 -1 -1 -2 -1 -2 -1 -1 -1 -1 -2 -1 -1 -1 628132548 -2 -1 -1 -2 -2 -1 -1 -1 -1 -1 -2 -1 -2 -1 -2
-1 -1 -1 -2 -1 -2 -1 398520474 -1 -2 -1 -2 -2 616937282 -1 -1 -2 717732684 -2 -1 -2 -1 -2 -1 -2 -2 -2 -1 -2 -1 -1 -1 745748954 -2 -1 -2 -2 -2 -2 -2 -2 -2 -2 -1 -1 -2 -2 963055836 -2 -1 -2 -2 -2 -1 -1 -1 651878868 -1 -1 -2 -1 -2 -2 337713843 -1 -1 -2 -1 -1 -2 881986390 960601024 275279042 658954846 -2 -2 -2 895758636 -1 -2 -1 -2 -2 -2 457734505 -2 -1 -1 -2 -1 -2 -2 -2 -2 -1 -2 -2 -2
-2 -2 -2 -2 -1 -1 -2 -2 -1 -1 -1 642460945 -2 -2 221970747 -1 -1 -1 -1 -2 -2 676895990 -2 -1 -2 -2 -2 143182696 -2 -2 -2 844275577 -2 817080128 -1 -2 -1 -1 -1 -1 -1 -1 -2 -1 663397755 -1 -2 -1 -1 -1 -2 120580775 -1 -1 -2 -2 -2 -2 -2 -1 -1 -1 777153191 -2 -1 -1 -2 -1 -1 -2 -2 -2 -2 -1 -2 -2 -2 -1 -2 -2 -2 -2 -1 -2 -2 -1 -1 -1 149814656 -2 -2 -1 861086100 -1 -2 -2 -2 -1
-1 -2 -2 995129080 -1 -2 -2 -2 -2 -2 304149653 -1 -1 -2 -2 165763696 -2 -1 -1 -1 702199822 -1 -1 -1 -1 -1 -2 -1 -1 -2 -2 -1 -2 -1 -1 -2 -2 -2 -2 -2 -2 -2 -1 104922074 -2 -1 -2 -1 -1 -1 -1 -1 -2 715678324 -2 -2 -2 -2 -1 -1 698773458 -2 -2 330911874 -2 -2 -1 -2 -2 -2 -2 -2 -2 -1 -1 -2 -2 -1 -2 65556250 -2 -2 -2 -1 -1 -2 -2 -2 -1 -1 -1 -2 -1 -2 -2 -2 925462300 -1
796408267 -2 -2 -1 -2 -2 -2 -1 -2 -1 -2 -1 -2 -2 -1 -1 -2 -1 -2 -2 -2 -1 947223354 -2 -2 -1 -2 -1 -1 -2 -1 831897453 -2 -2 -1 -2 -2 -1 -1 -1 -1 -2 -2 -2 -2 -1 -2 -1 -2 -2 -2 585145288 -2 -1 -1 -1 -2 -1 -2 -2 689746671 -2 -1 226984667 -1 -1 832363573 -2 632246614 -1 -2 -1 -1 -1 -1 -2 -2 -2 -1 -1 -2 -2 -1 -2 -2 -1 -1 -2 -1 -1 60444569 -2 -1 172324279 -1 -1 -2 -1
-1 684656161 -1 -2 48619748 -1 -2 -2 -2 -1 -2 -2 -1 -2 -1 397225965 -2 -1 -1 -2 -1 -2 -1 -2 -1 -1 -1 -2 -2 -2 -2 -2 -1 -2 -2 -2 -2 -1 -2 -2 349903921 -2 -2 -2 -1 -1 -2 -2 -2 -1 -2 468521190 -1 -1 -2 -2 -2 -1 -2 -1 -2 -2 -2 -2 784127378 -2 -2 782732849 -1 -1 -1 -2 -1 -1 -2 -1 -2 -2 -2 -1 222138936 -2 -2 -1 -1 -1 -2 -2 412574786 -2 -2 -2 -2 -1 -1 -1 -1 986414075
-1 -1 -1 -1 -2 -2 -2 -2 -1 -1 -1 -1 -1 -2 -2 -2 -2 -2 -2 -2 -1 -2 -2 -1 -2 -1 -1 -1 -2 63061762 -2 -1 -1 -2 -2 -2 -1 -2 -1 -1 -2 -2 -2 -1 -2 -1 307761547 -1 -2 120182044 -1 -2 -1 220689335 -2 -2 -2 -2 -2 -2 -2 -2 -2 -2 -2 -2 -2 -1 -2 -1 -2 -2 -2 -2 -2 -2 -1 -2 -2 -1 -1 -2 -1 -1 -2 -2 -2 -1 -2 567659621 -1 -2 -1 -2 115024587 -1 -1 -1
-2 -2 -2 -1 -1 -1 -1 -1 -2 -2 -2 -2 -2 -1 -1 642241744 -2 -2 -2 -1 -1 -2 -1 -1 -2 -1 -1 -1 -1 -2 -2 -2 -1 -2 536189864 886588784 -2 112814557 -2 -1 -2 -2 -1 -2 -2 -1 -1 62265243 -1 -1 -2 -1 -2 -2 -1 -1 -2 55039685 -2 -2 -1 -2 -2 -1 -2 -1 -1 -2 -1 -1 -1 -1 -2 -2 -2 -1 -2 -2 621172574 -2 238416527 -1 -2 -1 -2 -2 -2 -2 -1 -2 -2 -1 -1 -1 -1 958202921 -2 -1
-2 -2 -2 -1 432503000 -2 -2 -2 -2 -1 -2 -1 537224067 -1 507796383 -2 -1 -1 -2 -2 -2 -2 -1 -2 -1 -2 -2 -2 943206293 475539078 -2 -2 -1 -1 -2 -2 -1 766369370 -2 587537232 -2 464522029 -2 -2 -1 -1 -1 -1 -2 -1 -1 -1 -2 -2 -1 -1 943267740 -2 -2 -2 -1 -1 -2 -2 -1 -1 -1 -1 -1 -2 -1 -1 714066918 -1 -2 -2 -2 -2 -1 -2 -2 -2 -2 -1 -2 -1 -2 -2 -2 -2 -2 -1 -2 -1 -2 960312268 -2 -1
-1 -1 -2 -2 -2 -2 -2 658972851 -2 -2 -2 -2 -1 -1 -1 -2 -1 -2 -2 -2 514039688 -2 -1 -2 -1 -2 805978319 -2 -2 -2 -1 -2 -2 -1 -2 -2 -1 -1 -2 -2 693727062 -2 -2 -1 -2 -1 -2 -2 -2 -1 -2 -1 -2 -2 -1 -2 -2 -2 -2 -1 -2 -2 -1 -1 -2 -1 -2 -1 -2 -2 -1 -2 872432905 -2 -2 -2 -1 -2 -1 -1 -2 -2 -2 -1 -2 -2 -1 -1 -2 -2 -1 90746072 -1 -1 -1 -1 -2 -1
454901436 534570548 -2 -1 614265936 -1 40914658 630198525 -1 -2 -2 -1 -1 -1 243258730 -2 125422913 -1 262730309 862291044 -2 -1 -2 -1 -2 -1 -1 -1 -2 -1 -1 -1 -1 302829200 -2 -2 -2 -2 -1 -2 -1 -2 -2 -2 -2 -2 -1 -2 -2 -1 -2 -2 674215093 -2 234844525 -2 -1 -1 -1 -1 -2 -2 -2 -2 -2 -1 -1 -2 -2 -1 -1 -2 287750101 -1 -1 -2 -2 -1 -1 -1 -2 -2 141209073 -2 -1 -1 283280055 -1 -1 -1 -2 -1 -2 -1 -2 -1 -2 -2
-2 -1 -2 -1 -1 -2 -1 -2 -1 -1 -2 -2 -2 -2 -2 -2 -1 -1 994488437 -2 -1 -1 -2 -1 -2 -1 -1 214801902 -1 -2 -2 -2 -2 89618057 -1 -1 -2 -1 -2 -2 -1 -2 -1 -2 -1 616889191 -1 -1 -2 -2 -2 -1 -2 -1 -1 -2 -2 -2 -1 -2 -1 -2 -1 -2 -2 -1 -2 -2 -2 97478907 -1 -2 -2 -1 -2 -1 -2 -1 -1 -2 -2 -1 174459097 -2 -2 -2 -1 -2 -2 769500392 -2 345107239 -1 -1 -2 -1 -2 -1
-2 -1 -2 -1 -1 -2 -1 -1 -1 -2 -2 808108711 -2 -1 -1 -2 -1 -2 -1 -2 -2 -2 -2 -2 -1 -2 -2 -2 -2 -1 -2 -2 -1 -1 -2 -2 -2 -2 550021635 -2 -2 -1 -2 -2 24487156 341080230 -1 -2 -2 -1 -2 -1 367195590 -2 -2 -1 -1 -1 -1 -2 -2 -1 -1 -1 -2 -2 -2 -1 -2 -2 -2 -2 -1 -2 -1 -1 -2 -1 -1 -1 -2 -2 -2 -1 -1 -1 -1 -2 -1 -2 -2 -2 -2 -2 -2 -2 442685816 -1
-1 -1 497941027 681432256 -1 -1 -1 -2 -2 -1 -2 -2 606599968 -1 986060222 -2 -2 -1 852487200 -2 -1 -1 -2 -1 -2 -2 -2 -2 -2 -1 -1 -1 -1 -2 -2 -2 -2 -2 -2 -2 288661097 -1 -1 -2 -2 -1 -2 -1 -2 -1 -1 -2 -1 -2 -2 909628605 -1 -1 -1 -1 -1 -1 -1 -1 -1 -2 -2 -2 -1 -2 -2 -1 -2 -1 -1 -1 410983293 -1 544199594 -2 -2 -2 -2 -1 -2 -2 -1 -2 -2 -2 -2 -2 -2 -2 -2 -2 -1 -2
-2 -2 -1 -1 -2 -1 -2 -2 -2 -2 -1 -2 -2 -2 -1 -2 -1 -1 -2 15057605 -2 -2 -2 326916544 -1 -2 -2 -1 -2 -2 41072151 -1 -2 -2 -2 -1 -1 -1 -1 -2 -1 -1 -1 -2 -2 -2 -2 -1 -1 -2 -2 -1 -2 -2 -1 -1 -2 -1 -1 -1 -2 749046502 -2 -1 -2 -2 -1 -1 -1 -1 -2 -2 -2 -2 -2 -1 -1 -1 973249505 -2 -2 852594879 -1 952760317 -2 -2 -1 -2 -1 -2 -1 -1 -2 974390160 -2 -1 -1 -2
-2 -2 -2 -2 -1 -2 -2 -1 -2 -2 -1 -2 225780359 -2 -1 -2 -1 -2 -2 -1 -1 289069372 -2 -1 -2 328736544 -2 -1 -1 -2 409199726 -2 -1 -2 -1 108743239 -2 -1 -2 -1 -1 -2 -1 -2 -2 149199234 -1 -1 -1 -2 -2 509735356 -2 213917698 -1 -2 -2 -1 -2 -1 -2 -2 -2 -2 -1 -2 -2 932823243 -1 -1 -1 -1 -1 -2 -2 -1 -2 -2 -2 -1 -2 -2 -2 -1 -2 -1 -2 -1 -2 -1 -1 -1 -1 -1 -1 -2 -1 -2
-1 -1 -2 -1 -1 926163281 -1 -2 28571481 -1 -2 -1 -2 -2 -2 -2 -2 -2 -2 -2 -1 -2 -1 -1 -1 -2 -1 -2 -1 -2 -2 354681161 -1 -1 -2 -1 -1 -2 -2 550201782 -1 -2 -2 -2 -1 -2 -2 -1 -1 987457939 -1 -1 -2 -1 -1 -1 -1 -1 -2 138626704 -1 -2 -2 -2 -1 646919344 -2 -1 -2 -1 -2 -2 -2 -2 -1 -2 -2 -2 -2 -1 -2 -1 -1 -2 -2 -1 -1 -1 -2 -1 -1 -2 -2 -1 -1 -1 -2 -2
-2 -2 -2 -1 -2 -1 437343933 -2 -2 -1 -2 -1 -2 -1 -2 -2 -2 -2 -2 -2 -2 -1 564506274 -2 -2 -2 -1 -2 -1 -2 -1 -1 793277344 -2 -1 -1 23731768 -1 -2 -2 907901225 -1 -2 -2 -2 -1 -1 -1 -1 -1 929748299 -2 -2 -1 -1 -2 -2 -2 -1 -1 -2 865289599 -1 -1 -2 473979067 -1 -1 -2 -2 818633934 -1 -1 -1 -2 -2 -2 -1 -2 -1 -1 -2 -1 -2 -2 -2 -1 -2 -1 -2 253456482 -2 -2 -2 -2 -1 -1 -2
-2 -1 -2 -1 -1 -1 -1 -2 685097447 -2 -1 -1 -1 -2 -1 543704419 -2 497565643 -1 -2 -2 -1 -2 -1 -1 -1 -2 -2 -1 -2 -2 -1 -2 -1 -1 -1 -1 -2 -1 -2 -2 -2 -1 -2 526084317 934130284 848057859 -2 -1 -1 -2 -1 -2 -1 203004072 -1 -2 -1 -1 620275160 567050570 -1 -1 -1 -2 -2 -2 119671833 -1 -1 -1 -1 -1 -2 -1 -1 -1 -1 -1 -2 -1 -2 884840257 -2 -2 297571406 -1 -1 -2 -1 -2 -2 -1 -1 -2 916495777 -2 140672098
-2 -1 656374912 -1 -1 -1 -2 -2 -1 -1 -1 -2 -2 89768355 10988202 -1 -2 637591136 -1 -1 -1 -2 -1 -2 -1 -2 -2 -1 -2 -1 -2 -2 -2 -2 -1 -1 -1 543224876 -2 -1 -1 -1 -1 -2 -2 -2 -1 -2 809470438 -2 -2 -1 -2 -2 199033050 -2 -1 -1 -1 -2 -2 291387695 916490731 -1 -2 -1 -1 -1 -1 -1 -1 -1 -2 -2 302567851 -2 -1 -1 -2 -2 -2 796479493 740772707 -2 -2 -1 -2 -2 -2 -1 -1 461542609 -2 -2 922542352 -1 260970279 -2
-1 -1 -2 -2 -1 -1 -1 788844756 -2 -1 -2 -1 -2 -1 -1 -1 -2 -1 -2 -1 -2 -1 -1 -2 -1 -2 -1 -2 -1 -2 -1 -2 -2 -2 -2 -1 -1 -2 -2 -2 -1 -1 -2 -2 -1 -2 -2 -2 -1 -1 -1 -2 -1 -1 -2 -2 982563554 -2 -2 -1 -1 -2 -2 -1 -2 -1 -1 -2 -1 -2 -2 -2 180058330 998477492 -1 -2 919970785 -2 -1 -1 -1 -1 92778256 -1 -2 595876971 655258093 -1 454278661 884216683 -2 -1 -2 -2 -2 -1 -2 -1
-1 -2 -2 -1 -1 -1 8490240 -1 -2 -1 -2 -1 98096716 -1 -2 -1 -2 955432891 -1 944435524 -2 -1 -2 -1 -1 -1 -2 -1 -2 -2 -1 174962584 -2 -2 -2 -1 -2 -2 -1 -1 687732308 -1 -1 -2 -1 -2 48321558 -2 -2 -2 805910080 -2 -2 -2 -2 -2 -2 -2 -1 -2 40149917 -2 -1 -2 -2 -1 -2 -1 -1 159276955 -2 934923157 -1 -2 -2 -2 -2 699192509 -2 84393250 -1 -2 -2 -2 -1 -1 646791947 -1 -2 -2 -1 -1 -2 -1 627313131 -1 -2 -2
-1 -2 -2 -2 -1 -2 -1 -1 -1 918524599 -2 227198202 -1 -1 -2 -1 -1 -2 -1 -1 -1 -2 -2 -1 -2 -2 -1 -1 -2 -1 -2 -2 -1 -1 -2 -1 -2 -1 -1 -2 -2 -2 -1 -1 -1 -2 -2 -1 -1 -2 -2 -1 -2 -2 -1 -2 -1 -1 -2 -1 -1 -2 -1 -1 -1 -2 -1 -2 873101132 -2 -1 -2 -2 -2 -1 -2 -1 -1 -1 -2 978916834 258709581 -2 658090021 -1 -1 -2 -2 -2 -2 675103973 -2 -2 -2 -1 -2 -1 -1
-1 128193256 -2 -1 -2 -2 -1 -2 -1 -1 -2 -1 -2 -1 -1 -1 -2 -1 -1 -2 254969905 -2 -2 -1 -1 -1 -1 -2 -2 767454907 -2 -1 -2 -1 662091968 38817921 -2 -2 -2 -1 -1 -1 -2 466754605 -1 -2 -2 -1 -2 -2 -2 -1 -1 -1 -2 -2 -2 -1 -1 -1 -2 -2 -2 -1 -2 -1 -2 596454876 -2 -1 -1 18005789 -2 -2 -2 -1 212933073 -2 -1 -1 -2 -1 -2 -2 -2 -1 -2 -2 -2 -2 -1 581351418 -2 -2 -1 -2 -2 -2
-1 -1 -2 -2 -1 -1 -2 -2 95798428 -2 -2 -2 -2 -1 -2 -2 -2 -2 391831789 -1 -1 -2 -2 -2 748669992 -2 -2 -1 -1 -1 -2 -2 -2 -1 -2 -2 -1 -1 -1 -2 -2 -1 -1 919731385 -2 -2 -1 -1 -1 -2 -2 -2 -2 -1 -2 -2 -1 -1 -2 -1 -2 -1 -1 -1 -1 -1 -2 -1 -1 -1 874513606 -2 473742559 -2 -2 -2 -2 531775653 -2 -1 -1 228064975 -1 -2 -1 -2 -1 -2 -2 -2 -1 440303557 -2 -1 -2 472404087 -2 -2
-2 -1 -2 -2 367969985 -1 -2 -2 -2 -2 -1 -2 -2 -1 -1 -2 -1 -2 -1 -1 -1 451249176 -2 -1 -2 -2 -1 -1 -2 -2 -2 -2 -1 -1 -2 -1 224831585 -1 -2 -2 -2 -2 -1 -1 -1 -1 -1 -2 -1 -1 -2 -2 -2 -2 -1 -2 -1 -2 -1 -1 -1 -2 -2 -2 -2 -2 -1 -1 188654386 -1 -2 -1 -2 -2 -1 -2 -2 -1 -1 -1 -1 -2 -1 -1 -2 -2 -2 -2 -1 -2 -2 -2 -2 -1 625610124 -2 -1 -2
-1 81059038 -2 -1 -2 -1 -2 -2 -1 -1 83912960 -1 -1 -2 -1 -1 918250645 -1 -1 -1 -2 -1 -1 -1 -2 -2 -2 -2 -2 -1 -2 -1 -1 -2 -2 -2 -2 200628563 891982848 -2 -2 -2 -1 -2 -1 200264643 -1 -1 -1 -2 309225953 -1 -2 -1 275145272 -2 -2 646206471 -1 -1 -2 -1 -1 -1 -2 -2 -2 -1 -1 -1 -1 -1 -2 -2 599030160 -1 -1 -1 -2 -2 -2 -2 -1 -2 -2 -1 -1 -1 -2 934358632 -2 -2 619337729 277965880 -2 -1 -2 -1
-2 -1 -1 492226959 -2 36408084 -1 -1 -2 -2 224595569 -2 -1 754351213 -2 -2 771084053 726765767 -2 -1 -1 -2 -1 -1 -2 -1 -1 -2 -1 -2 -2 -2 -2 -2 -1 -2 -1 -2 -2 -2 -2 -1 -2 -2 -2 -2 -2 -1 -1 -1 -2 -1 -1 -2 -2 -2 -1 -1 -1 -1 472307010 -2 -1 -1 -2 302777894 -2 -2 40224208 366794179 -2 -1 -2 -2 -1 -2 -1 -2 -1 -2 -2 -2 -1 -1 -2 -2 -2 -1 -2 -2 -2 50843902 879712180 -2 -2 -1 -2 -2
-2 -2 -1 -2 -2 -2 -2 -2 -2 -1 -2 -2 -2 -2 524072628 980675498 -2 -1 -2 -2 -2 -1 -2 179164027 -1 -1 -1 -1 -2 -2 -1 -2 -2 215366808 -1 -1 -2 -2 -2 -1 -1 -2 -1 -2 -2 -2 326251571 -1 -2 -1 -2 -2 -1 -1 -2 -1 -2 -2 -2 -2 -2 -1 -2 -2 -1 -1 -2 -1 -1 -2 -2 -2 -2 -2 -1 -2 -1 -2 -2 871597862 -1 -2 -2 -1 -1 269815787 -1 -1 -2 -2 -2 -2 -1 -1 -2 -2 -2 -2
-2 287430698 -1 -2 -2 -1 -2 -2 -2 -1 64966025 -2 -2 -2 -2 -2 -2 -1 -2 117079206 -2 -1 -1 -2 -2 -2 -1 -2 -2 -2 -2 -1 655459940 -2 -2 -1 -2 -2 -1 -2 -1 56134857 -2 -2 -1 -2 -2 -2 443254016 -1 651319663 -2 -2 -2 -2 -1 -1 -2 -1 -1 -2 -2 -2 -2 -2 -1 -2 -2 415535379 393485583 -1 -2 -2 -2 -2 -2 -2 -2 55968822 -2 675437673 -1 -2 -1 -2 338975613 -2 -2 -2 -1 -2 -1 -1 -2 -1 -2 -1 -2
-1 -2 165716612 -1 -1 -1 -1 -1 -1 -1 -2 -2 -2 -2 -2 -2 -2 -1 -2 724682249 -2 -2 -1 -1 -1 -2 -1 -2 -2 -1 -2 -1 -2 -2 -2 -1 -2 -2 -1 -1 -2 -2 -1 -2 -1 -2 -1 85172381 -1 -2 -1 -2 -1 -1 388446591 -2 177072926 -2 -1 -2 -2 -1 129132976 -2 -1 -2 894793434 -1 -1 -2 -1 -1 -2 -2 -2 -2 -1 -2 493032921 114397873 -1 -2 -1 -2 -2 -1 -2 70718018 -1 -1 -2 -2 -2 -1 -2 -2 -1 -2
-2 -1 -1 58231176 -1 -1 861905808 -2 -1 -1 -1 -1 -1 -1 -2 -2 -1 837513731 -2 -2 -1 -2 -2 -1 -2 -2 201355869 -1 2099901 -2 -2 -2 -2 -1 -2 -2 -1 -1 -2 -1 -2 -1 -1 -2 730177670 -1 -2 -2 -1 -2 -2 -2 -1 -1 -1 -1 -1 -1 -2 -2 -1 -1 -2 -2 -2 -1 644160006 -1 158522441 -2 -2 -1 -2 -2 -2 -1 -1 -1 -2 -1 -2 -1 -2 -2 -2 -1 -2 -1 -1 -1 252650964 -1 -2 -1 -2 -1 -2 -2
-2 -2 -1 -1 -1 112265469 -1 -2 -1 -2 -1 -1 -2 -2 -2 -1 -1 -2 -2 -1 361854027 -1 -1 -2 -2 394904841 -2 -1 -2 -2 -1 -2 -2 -2 850767954 -1 137560571 -1 65566162 -1 758422931 762648541 -2 -2 -2 -1 -1 -1 -1 -1 -2 -2 -2 -1 -2 -2 -2 -1 -2 -1 -2 -1 -2 -2 -1 -1 -1 -2 -2 881157083 -2 -2 -1 -1 -1 -2 433034783 -2 -2 -1 -1 -2 -1 -2 -2 -2 -2 -2 -2 -1 -2 -1 -2 -1 -2 725088799 -2 -2
-2 -2 -2 -1 510079828 754983688 -1 -1 -1 -2 -2 -1 -1 -1 -2 -1 -1 -1 -1 -2 70507829 -2 94168306 -2 -2 -2 -1 -2 750925647 738435861 -2 -1 -2 -1 -1 -2 -2 -2 -1 593505532 -2 -1 -2 444139366 -1 -1 -2 992097800 -2 -1 -1 -2 -1 -1 -1 -1 -1 -2 -1 -1 -2 -1 -1 -2 -1 -1 -1 -2 70611241 -2 -2 -1 -1 -1 -2 -1 -2 -1 -1 -1 -2 -2 -2 -2 -2 -1 972733702 -1 -2 -1 -2 -2 -2 -2 -1 -2 110082849 -2
-1 -1 -2 -1 -2 -1 -1 -1 -1 -2 -1 907968646 -2 -2 -2 400050071 -2 -1 -1 -2 -2 -2 -1 -1 -1 -2 -2 -2 -1 -1 -2 -2 -1 -2 -2 -2 -1 -1 -2 -2 -2 -2 635447169 -1 -2 -2 -2 -1 -2 -1 1611221 958958437 -1 -1 372574335 -1 -2 -2 290198058 -1 -2 93236841 -1 -2 747807391 -2 -2 -1 -2 -1 -1 -1 -1 932187234 -2 -2 -1 -1 -2 -2 -1 -2 -2 -1 -2 -2 -1 -1 -1 -1 262280547 -2 -2 -1 -2 345329239 -2 -1
-1 -2 -2 108951009 -2 -2 -2 -1 -1 329447318 -2 -2 687870255 -1 -2 -2 -2 -2 -2 -1 -1 -1 -2 -1 -2 -1 -2 -2 -2 -2 -2 -1 -2 -2 -1 -1 -1 -2 -2 -1 -1 -1 -1 -1 -2 -2 -2 -1 -2 -1 365552617 -2 306136266 -1 -2 -1 -2 -2 -2 -1 408110063 -2 -2 -2 -2 -1 -1 -2 -1 -1 -1 -2 -2 441104424 586532276 -2 -2 -1 -2 -2 764864449 134529646 -1 -2 -2 -2 -2 -1 672509827 -1 -1 -2 -2 -1 -1 -2 -2 -2
-1 -1 -2 -2 -2 -1 -2 -1 531503059 -1 -1 -1 -1 -1 378612565 -1 -2 -2 -2 -1 -1 -2 -2 -2 -1 -1 -2 -2 -1 -1 -1 511954933 -2 -1 -2 -2 -1 -2 -1 12672344 -2 -1 -2 135492972 -1 -2 -1 -1 -2 -2 24531658 -1 -1 -2 -2 -2 -2 -1 -1 -2 -2 -2 -1 -2 365978962 -2 489595695 -1 -1 -1 -1 -2 -2 -2 -2 -1 -2 -1 -2 -2 -2 -2 -2 -2 -1 -2 -1 -1 406784818 -1 -2 -2 -1 -1 -1 -1 -2 -1
