124 129
-1 -1 -1 -1 -2 425915230 -1 -1 -2 -1 145965574 -2 -1 -1 -2 -1 -1 -2 -2 -2 -2 -1 -2 -1 -1 -2 -1 -2 -2 183400047 -1 -1 -1 -2 136694909 -1 -1 -2 -1 -1 -1 -2 -1 -2 -1 -1 -2 -1 -2 557424834 -1 -2 -1 -2 -1 -2 -1 -2 -1 -1 -1 -1 -1 -2 -1 -2 -2 -1 442107688 167748527 -2 -1 65801061 -1 -1 -1 -2 928283599 -2 -1 -2 -2 -2 -1 -2 -1 -1 -2 -2 -2 398267377 -1 -1 -1 420221540 -1 -2 -2 -1 -1 159687593 -1 -2 -1 -1 -2 131509265 107969410 -1 -1 -1 -1 -1 901224723 774946609 -1 -1 -1 -2 -1 -1 -2 -2 -2 -2 -1 -1 -1 -1
-1 -1 -1 -2 -1 -2 -1 -1 -1 53565396 -2 -1 694000335 -2 -2 -1 -2 -2 -2 -2 -1 816518049 -1 -2 750578668 -1 -1 -2 -1 -2 265568645 -1 -2 -1 -2 613928080 -1 -1 -2 -2 -2 -1 -2 -2 -1 -1 -1 -1 -1 -1 -2 -1 -1 -1 -1 -1 -2 -2 -2 -2 -2 -2 -1 -2 -1 -2 -1 -1 -2 -2 -1 -2 -2 -2 -1 -1 -1 -2 -1 -1 -2 -2 -1 -1 -2 -1 -1 -1 -2 -2 -1 -2 -1 -1 -1 -2 -1 -1 -1 -1 -2 -1 -1 -1 -2 296357560 -1 -1 -1 -1 -2 -1 -1 -1 -1 -1 -2 898541806 -2 -1 -2 -1 -1 -2 -2 -2 -1 -1 51341715
-1 -1 -2 -1 -2 -1 -1 -2 -1 782526462 -2 957024853 -1 -1 -2 -1 -1 -2 -1 -2 -1 719251027 453721940 -2 -1 -1 -1 -1 -2 -1 -2 -2 -1 -2 -1 125443605 726719267 -2 904546076 -1 -2 -2 -2 -1 -2 -2 -1 -1 -1 -2 -2 -2 516672903 -1 -1 -2 380181225 -1 -1 2294707 -1 -2 -2 -1 -1 -1 -2 467181019 -2 -2 -2 -1 -1 -1 -2 -1 -2 -1 121692692 -1 -2 -2 -1 -1 -1 -2 -2 -1 380217395 -1 -2 -1 -1 -2 -2 -1 -2 -2 -1 -1 -1 -2 -2 -2 -1 -1 -1 -1 -2 -2 -1 -1 -1 -2 -1 -1 -1 -1 -1 -1 -1 -2 -1 -2 -1 -1 161847214 -1 -1
-1 -2 -1 146058536 -1 329885399 -1 -1 -1 -1 -1 -1 -1 -2 975481805 -1 -2 -1 -1 -1 -2 -1 -1 -1 -1 -1 -2 -2 -1 -1 -1 -2 -1 -1 -2 942011986 -1 -1 -2 -1 -1 -2 -1 740471746 398760049 -1 -2 -1 -1 -2 463211193 -1 -1 -1 -1 -2 -1 -2 -2 -1 -1 -2 -1 -1 -2 -1 -1 -1 -2 219737546 -1 -2 -2 726170425 -2 -2 483521483 -2 -1 -2 -2 -1 -2 409918996 -2 -1 -2 -2 -1 -2 -2 -1 -1 -1 -1 -1 -2 -2 -2 -2 -2 779596817 -1 -1 70498832 -1 124124497 -2 -2 -2 -2 860802078 -2 -1 -2 -1 968168140 -1 -1 -1 -1 -1 -1 236966091 -2 158250810 -1 -1 -1
-2 -1 -2 -1 -2 -2 909784023 -1 46904795 -1 -2 -1 -1 -1 -1 -1 -2 -1 -2 -1 -1 -1 -2 -1 -1 -1 -2 -1 101616067 -2 -2 149101452 -2 -2 -2 -2 -1 -1 -2 -1 -2 190297162 -1 -2 -1 -2 -1 -2 -2 -2 -1 -2 -2 183676195 -1 -1 145915493 -1 -1 -1 -1 -2 -1 -1 -1 -2 -1 -1 -1 -1 791233231 -2 -1 -1 -1 -2 -1 -1 -2 -2 -1 -1 -2 -2 591304718 -2 -2 -1 -1 -2 -2 -2 -2 -1 -2 -2 -2 -1 -2 -1 -1 -2 -1 872741306 -2 -2 -1 -1 -1 -2 -1 839560734 -1 -1 -1 -1 -2 -1 -1 188437399 434328565 -1 -1 -1 -2 -1 -1 -1 -1
-1 -1 -1 -1 -2 -2 -1 -1 -2 -2 -1 399499669 -1 -2 747350773 -2 -1 -2 260336022 -2 -2 -1 514996019 -1 -2 -1 -2 -1 -1 -1 -1 -1 -1 -1 -2 -1 466350490 -2 541727706 -2 -1 -1 -2 540052753 -1 -1 -1 -1 -1 -2 -1 -2 -1 -1 -1 -1 -2 -1 -1 -1 -1 -1 -1 -2 -2 -2 423596826 195086791 -2 -1 -2 -1 -1 -1 -1 -1 -2 -1 -1 -2 -1 -2 -1 -2 -2 -1 -1 -2 -2 -1 -1 -2 -1 386798487 -1 -2 -1 -2 -1 801567386 -1 -2 -1 -2 -2 -2 -1 -2 -1 -2 -1 -1 -2 115805341 -2 -1 -2 -2 -1 -1 -1 -2 -2 -2 -2 -1 -2 -1 -2
-1 -2 -2 -1 -1 -1 -2 -1 640497645 -2 -1 -1 -2 -1 -1 -1 -1 -2 -2 -1 561738831 -1 -1 -1 -2 -1 -2 -2 -1 -1 -1 -1 -2 -1 -1 -2 -2 -2 -1 -2 -1 -1 -2 -1 -1 -1 -1 -2 -1 -2 -1 -2 -1 -2 -1 31841253 -2 -1 -1 -1 -2 -1 -2 -2 -2 -1 -1 -1 -2 -1 -1 -2 227499455 -1 -1 -2 -1 -1 179998792 -1 -1 -1 210186248 -2 -2 -1 -2 -1 256726603 -1 -1 -2 -1 -1 -2 130605631 -1 -2 -1 -2 -1 -2 -1 -2 -1 -2 -1 -1 -1 -1 701203806 -2 -1 -2 -1 -2 -1 487860287 -1 -2 -1 -2 -1 -2 -1 -2 -2 -1 -1
-1 -2 -1 -1 291621092 -2 -2 -1 -2 -1 -1 -2 -2 -1 -1 -1 -2 -1 -2 745928320 -2 -1 -2 -2 -1 -1 -2 340791056 -1 -2 -2 -1 -1 -1 312143388 -1 -1 -1 -1 -1 -2 -1 881918435 -1 -1 -1 -2 -1 -2 454331654 -2 -2 77793944 -2 97383098 -2 -1 -2 -1 -1 -2 -2 -2 -1 -2 -1 -2 621401813 -1 -2 -1 -2 -1 -1 -2 -1 -2 -1 -2 -1 -2 -1 -1 -2 -1 -1 -2 -2 -1 -1 -1 -1 -1 -1 56783037 -2 -2 -1 619982183 -1 -2 32780887 -2 -1 -1 -2 -1 -1 -2 -2 -2 -1 -2 -1 -1 -2 -1 -2 -2 -1 -1 -2 -1 -1 -2 511206066 -1 -1 -1
-1 -1 -1 -1 -1 -1 -1 388375290 322980388 -2 -1 -2 -1 -1 -2 -1 -2 284841702 -1 -1 -2 -1 -2 -2 -1 -1 -2 -2 -2 -1 -1 -1 -1 -2 993632450 -1 -2 -1 -2 -1 -1 -1 16379406 -2 747309836 900678310 -1 -1 -1 -2 -1 -1 666243206 -1 -1 -2 -1 -1 -2 -2 -2 -2 -1 -2 -1 -2 -1 -2 -1 -1 -1 -1 160951722 402049191 -1 -1 -1 -2 -1 -1 -2 542088821 55438321 -1 -1 -1 -1 -1 -2 -1 -1 -1 644777404 -2 -1 -2 -2 -1 -2 455711850 981690598 -1 -2 -2 -2 -1 -2 -1 -1 -1 -2 -1 -1 -1 -1 913566670 -2 -1 -2 -1 -2 -1 -2 557775643 -2 -1 -2 -1 29173196
-2 -1 -1 -1 -1 -1 -1 -1 -1 -1 -2 -1 -1 -2 497635790 -2 -2 574813980 -1 -2 464352407 -2 -1 -1 -2 -2 -2 -1 -2 -1 -2 445077897 -2 -1 -1 -1 -1 -2 858071707 -1 -1 -1 -2 -1 -1 -2 -2 -1 -1 -1 -1 -1 -1 -1 -1 -1 -1 819458180 -1 -1 614607542 -1 710271903 -2 -1 -2 -1 -2 -2 -2 -2 -1 -1 -2 -2 -1 -2 -1 -2 -2 -1 -2 -1 497348376 -1 184017354 -1 -2 -1 -1 -2 -1 980124276 -1 -2 -1 -2 647378272 127780593 -1 -2 -2 -1 -1 -1 -1 -2 -1 -1 -2 -1 -1 111944328 -2 -2 -2 -1 -1 -2 -1 -2 -2 -2 -1 803592035 -1 -1 -2 -1
-2 -1 -2 -1 -1 -2 -1 -2 -1 -2 -2 -1 -1 -1 -1 -2 -1 -2 -1 -2 -1 -1 -1 -1 -1 -2 -1 -1 -2 -1 -2 -2 -2 -2 -2 -2 -1 -1 -1 -1 -2 -1 -2 -2 211975832 -1 -2 -1 -2 -2 -2 90033886 -1 -1 -1 -2 -1 -1 -1 -1 -1 -1 -1 -1 -1 -1 -2 -2 -1 -2 -1 -2 -2 -1 -1 -2 -2 -1 -1 -2 -1 -1 -2 -2 323280704 -1 -2 -2 -2 -2 -1 -2 -1 -1 -1 -2 -1 -1 126079598 -2 -1 -2 -2 -2 -1 -1 -1 -1 -2 -2 -1 -1 -1 936774405 -1 -1 -1 -2 -2 -1 -1 850899373 -1 -1 -2 -1 -2 -2 -2
-1 -2 -1 684096490 -1 -1 -2 -1 -1 -1 -1 -1 -1 -1 105010198 -2 -1 -1 -1 -1 -1 -2 -1 -2 -1 -2 -1 -2 -2 -1 -1 -1 -2 -1 -1 -1 -1 -2 -1 -2 -2 -1 144087032 -2 -1 340821860 -2 -2 -1 -1 -2 -1 -2 -2 -1 -2 -2 -2 -1 -2 -1 -1 -2 -1 -2 -2 -1 -2 -1 59886669 -2 42875661 -2 -1 -2 -1 -1 -2 -1 -2 -1 -1 615545025 -1 -2 -2 -1 -2 -1 -2 -1 -2 -1 -1 603890452 -2 -2 -2 -1 -2 -2 -2 -2 -2 -1 -2 -2 -1 139371689 -2 -1 -1 -1 -2 -1 995189057 -1 -1 -1 -1 -1 -1 -2 -2 -1 -1 -2 -1 -1
-2 -1 -2 -1 -2 -2 -2 -2 -1 -1 -1 -2 -1 596590667 -1 -1 -1 -2 -2 -2 -1 -1 -1 -1 -2 -1 -2 -2 -1 676161335 -2 -1 -2 -1 142175586 -1 -2 590973991 -2 -1 -1 -1 -1 -1 -2 -1 -2 -2 841255313 -2 -1 -1 -1 779540170 -1 -1 -2 -1 -2 -2 -1 -1 -1 -1 -1 -1 -1 -1 -1 -1 -2 -1 -2 59998043 -2 4623344 -1 -2 -2 -1 -1 -1 -2 -1 -1 -1 -2 -2 -2 -2 -1 -2 -2 -2 -2 -1 -1 -2 -2 -2 -1 -1 -1 -1 -2 -2 -1 -1 -2 -1 -1 -1 -2 -1 -1 -1 -1 -1 -2 -1 -1 -2 -1 122958079 69417801 -2 -1 -1 -2
-1 -1 -1 -2 -1 -1 -2 -1 -2 -1 -1 -1 340303952 -1 633943877 -1 -2 756884092 -1 -2 -2 -1 -2 -2 -2 -2 -2 -2 -2 -1 -1 -2 -2 -1 -1 -1 -1 -2 -1 -2 437126272 -2 -1 -2 -1 -2 -1 -2 1494721 939303729 -2 -2 -2 -1 -1 -2 -1 -1 -1 -1 -1 -2 -2 -1 -1 -1 -2 -1 -2 -1 -2 -1 -1 -2 -1 -1 -1 -2 -2 -2 -1 -2 -1 -2 -1 -1 -1 -1 -2 -1 -1 -1 -2 -1 -1 -2 -1 -2 516554833 -2 -2 -2 -1 -1 -1 -1 -1 -2 -1 -1 -2 -1 -1 -1 -1 82008770 -1 -2 -1 -1 -2 -1 -1 -1 -1 -1 -1 -1 692480418
-2 -1 -2 -2 -1 -2 -1 -1 -1 -1 -1 -2 -2 -1 -1 222250756 -2 -1 -1 -1 -1 -1 -1 -1 -2 -1 -1 -2 505909733 906422872 -1 -1 -1 -1 -1 -2 -1 -2 -1 65849742 -1 -1 -2 -1 -2 -1 702228875 -1 -1 -2 -2 -1 -2 -2 -1 -1 -1 318256797 -1 -1 -1 -1 -1 -1 547913297 -1 -2 -1 -1 -1 666831178 -1 -1 -1 -2 -1 -1 -1 -1 -2 -2 -1 -2 538531939 -1 -2 -2 -1 -1 297046148 -1 -1 -1 -2 -2 -1 -1 -2 -1 -1 -1 -1 -2 -1 -1 -1 -2 -2 -2 31191819 -2 -2 -2 -1 -1 -2 -1 -1 -1 -1 -1 -2 -1 -1 -2 -1 -2 -1 -2
-1 -1 -1 -2 -1 -2 -1 -2 380858232 238159829 -1 -1 -2 -2 -1 77687785 483856080 -1 -1 -1 -1 -1 -1 -1 -1 -1 -2 -2 -1 -1 -1 -2 -1 -2 -1 -1 -2 -1 -1 622997257 -1 -1 -1 -1 -2 -2 -1 -1 -1 760600187 -2 -2 -1 -2 -1 -2 -2 -1 -1 -1 704462888 557558246 944513488 -1 -1 -1 -2 -1 -1 -2 -1 -1 -1 -1 -2 -1 -1 -2 -1 -1 -1 -1 989046813 -2 -1 -2 -1 -1 -2 -1 -1 -2 -2 -1 -2 -1 -2 -1 -2 -1 -1 -1 -1 -2 -1 -1 787129548 -2 -1 -1 -1 -2 -2 -1 547926138 -2 -1 -2 559093536 -2 -1 94377060 -2 -2 -2 -2 -1 -1 -1
-1 -1 -2 239744370 321213862 -2 -2 -1 -2 848604389 32530057 -2 -2 842490744 -2 -1 -2 -1 -2 -1 -2 -1 -1 -1 -1 -2 390265177 676559391 803086484 -2 -1 -2 -2 -2 -1 -2 -1 -1 -1 -1 531691680 -2 -1 -1 -2 -1 -2 -1 -1 -2 -1 -1 -1 -1 -2 -1 -2 -2 -1 -1 -2 -1 -1 -2 -2 -1 -1 -1 -1 -2 -1 -2 -1 -2 -1 -1 -1 -2 -2 -2 -2 -1 -1 -2 -1 -2 -1 74237787 -1 -1 -1 -1 641554607 -2 552579452 -2 -1 33877226 -2 -1 -1 -1 -2 -2 -1 -2 -2 -1 -1 -1 -1 -2 -2 -2 -1 -1 -1 -1 605814292 -1 -1 -2 -1 -2 -2 -1 -1 -1 -1
-1 -2 407165581 -2 39154853 -1 -2 60627708 -2 -1 -2 -1 -1 -1 490598608 -1 -1 -1 -2 -1 -2 -1 -1 -1 -2 -1 -2 -1 -1 -2 -1 -1 -1 -2 -1 -1 -2 -2 -1 -2 -2 -2 -1 -2 -2 -2 -2 -1 -1 -2 -1 -2 -2 -1 142873690 -1 -1 -1 -1 -1 -1 -2 -2 -2 -1 846128831 -2 -1 -2 -2 -1 -1 -1 -2 -2 -2 -2 -1 -1 -1 -2 -1 -1 -1 -1 -2 -2 351290812 -2 -2 -1 -2 -1 -2 -2 -2 -1 -2 -2 -1 -1 -2 -1 227191560 -2 919404183 -1 253853007 -1 -1 -2 -1 -2 -1 553116843 -1 -1 -1 -2 -1 -1 -2 -1 -1 879030775 -1 -2 -1 -1
-1 -2 -1 -2 -1 -1 -1 -1 -1 139200046 -1 -1 -2 788633513 -1 -1 -1 -1 -2 -1 -2 -1 -2 -2 -1 184373756 -2 -2 -1 -2 -1 -1 -1 -1 999581171 -1 -1 -1 -1 -1 -2 -2 -1 -2 -1 -1 -2 -2 -1 -1 -1 -2 967524035 -1 -1 -1 -2 -2 -1 -1 -1 -1 5171962 563739590 -1 -2 -2 -2 -2 -2 -2 -1 -2 -1 -2 -1 -2 -1 -2 -2 -1 -1 197477189 -1 -1 689472476 -1 -1 -1 551379479 -1 -2 517588088 -1 -1 -1 -1 -2 -2 -1 -1 -2 -1 -2 -1 -1 -1 -1 -2 -2 -1 -1 -2 -1 -1 -2 -2 -2 563138878 -2 -1 -1 -2 -1 -1 -2 -2 -2 -1
-2 -1 -2 -1 -1 -2 -2 -2 -1 -1 -1 -1 -1 783097819 -1 -1 -1 -1 -2 -1 -1 -1 -1 48994461 -1 -1 -2 -1 -2 -1 -2 10960419 199830936 -2 -1 -1 -2 -1 -1 -2 -2 -2 272604408 -1 575521823 -1 -2 -2 -1 -1 -1 -1 -2 -1 539255996 -1 -1 -2 -2 -1 -1 94668245 -2 -1 -1 -2 -1 -1 -2 -2 156091513 -1 87945130 -1 -2 -1 -1 -1 -1 -1 -2 -2 -2 -1 -1 -2 -2 -2 -1 -2 -1 -1 -2 -1 -1 -1 -1 -2 -1 -2 -1 -2 -1 -2 -2 -2 -2 -1 -2 -1 661606016 -1 -2 -1 -1 -2 -2 -1 256905650 -1 -1 -1 -2 -2 -2 -1 -1 -1 -2
-2 -2 -1 -1 -1 -1 -1 572503841 -1 -2 -2 -1 -1 -1 706839420 -1 898984657 -2 -2 -2 -1 -2 -2 -1 -2 -2 173663113 -1 -2 476796331 -2 77388114 46463283 -2 -1 -1 -1 -2 -2 -2 -1 -2 -1 -1 -2 -1 -1 -1 -1 -1 -2 -1 939676028 -1 -1 -1 -1 -2 -1 -2 -1 -1 -2 -1 -2 73788975 -2 -2 -1 -1 545620080 -1 -1 -1 -2 -2 -1 -1 -1 -2 -1 -1 338003794 -2 -1 -1 -1 -1 -1 -1 -1 -1 -1 -2 -1 -2 -2 -2 -2 -1 -2 -2 -1 -1 -1 -1 -2 -1 -1 -2 -1 -1 -1 -2 -2 -2 -2 -1 -1 -1 -1 -1 -1 -1 -1 -1 -1 -1 -1
-1 -2 -1 -1 -1 -2 -1 -2 -1 -1 -1 -2 -1 -1 -1 -1 -2 -1 -1 -2 -2 566602218 -1 -2 -1 -1 -1 915741391 -1 -2 -2 -2 -2 -2 -1 899219966 -2 286982894 -2 -2 -2 -2 -2 -1 -1 -1 -2 -1 -1 -1 -2 -2 -1 -1 -1 -2 -2 -1 -1 -2 19077379 -2 -1 -1 -2 -2 -1 494055491 -1 -2 267693526 -1 -2 -1 -1 -1 -2 -2 -2 -2 -1 -2 -1 -2 -1 -1 -2 -1 -2 530585514 -1 -2 -1 -2 908195724 -2 -2 -2 -1 -2 -2 -1 -2 -1 -2 -1 -1 -1 -1 -2 -1 -1 -1 -1 -2 -2 -1 -1 -1 409407578 -1 -1 -1 -2 -2 -1 -2 -2 378186052
-1 -2 -2 -1 -1 -2 110646355 -1 -2 353255427 -2 -1 -2 -1 850920704 -1 -2 -2 -1 -2 -2 431662039 -2 -1 -1 -1 -1 372811039 -1 -1 -1 -2 -2 -2 -2 -2 -1 -1 -2 -1 958133630 -1 -2 -1 -1 -1 -1 -2 -2 -2 -2 -1 -2 -1 -2 -2 -2 -1 551043637 -1 -1 -2 -1 -2 -2 -2 -1 841029549 -1 165486002 -2 -1 -2 -2 -1 -1 -2 -2 -1 -1 -1 -2 -1 -1 -2 -1 -1 -1 -1 -2 -2 -2 762836944 -1 -2 -1 -1 -1 568463499 -2 -1 -2 -2 -1 -2 -1 -2 -2 -1 -2 -1 -2 -1 -2 -1 -2 -1 -1 -1 -2 -1 -1 -2 -2 -1 -1 -1 683349239 -2
-2 -1 -1 -2 940685870 -1 -1 638820450 -2 -1 -1 -1 -1 -2 -1 -2 -2 -1 -1 -2 -1 -1 -1 -2 -1 -1 -2 -1 -1 -1 -2 -1 751373784 -1 -1 -1 -1 -1 -1 -1 -1 -1 -2 -1 -1 -2 -1 -1 -2 -2 -1 -1 -1 -2 -1 166431740 213856663 -1 -2 -1 -1 -1 -1 -1 -1 -2 -1 -2 -2 408601874 -2 -1 889635051 -1 -1 -1 -1 -2 -1 -2 -2 -2 -1 -1 -1 -1 900610769 -2 -2 -1 -2 -1 -1 -1 -1 -1 -1 -1 -1 103272593 -2 -1 -1 -2 -2 -1 303956661 -1 -1 -2 -2 -1 -2 -1 -2 -1 966883904 -2 -2 -1 -2 -1 402962522 -1 -2 -1 -2 13985769 -1
892913982 -1 -1 -1 -2 -1 -1 -1 139174778 -1 358942119 -1 -2 -1 -2 676716290 -1 -2 -1 -2 -2 -2 -2 -1 -2 -2 -1 -1 -1 -1 -1 -1 -1 -1 -2 -1 -2 -2 -1 -2 -2 -1 -2 -2 -1 -1 -2 -1 -1 -2 -1 -1 -1 -1 -1 -1 -2 -2 -2 660673546 -1 -2 -1 -1 -2 -1 -1 -1 982263159 -2 -1 -2 -2 -1 -2 -1 -1 -1 -1 -1 -1 -1 -2 -2 -2 -1 -1 -2 217463475 -1 -1 -2 -2 -2 -1 -1 -1 -2 -2 -2 -1 762756143 -1 -1 -1 -1 -2 -2 -2 -2 -1 -2 -2 -1 -1 -1 -2 -1 -2 -1 -2 -1 198803568 -1 530848132 -2 -1 -2 -1
-2 -1 -2 -1 726273469 -1 -2 -2 -2 -1 783172952 -2 -1 -1 -2 -1 -2 -1 -1 -1 -1 -1 -2 -1 -2 -2 940593388 -1 -2 -1 -1 -1 -2 70508056 -1 -1 -2 -1 -2 -1 -1 -2 -2 -2 -1 -2 -1 56367947 -2 -2 -1 -1 -1 -2 -1 -2 -1 -1 -2 -1 -2 -2 -1 -1 -1 -1 -1 -2 -2 -2 -1 -2 -1 -1 -2 -1 -1 -1 -1 -1 -2 -1 550915824 182957237 -2 -1 -2 548450623 -1 -1 -1 -1 -2 -1 -2 -2 -2 741538710 -1 -1 -1 801125051 -2 -1 705083388 -1 -1 -2 -2 997016388 -1 -1 -1 -2 -1 -2 -2 643283186 -2 -2 -1 -1 -2 -1 -1 -1 -1 -2 615744760
-1 -1 -1 -1 -1 -1 -2 -1 -2 -1 -1 -1 -1 -2 -2 -1 -1 -1 -2 -1 -1 -2 -1 -2 597128163 -1 -1 -2 -1 -1 -2 -1 -1 -2 82041243 -1 -1 -1 831012748 -2 -2 -2 -2 -1 -2 -1 -2 -1 -2 -2 -1 -1 -1 -2 -1 -1 -2 -2 -1 -2 -1 -2 -2 -1 262632640 -1 -1 -2 -2 -2 -1 -1 -2 -1 -1 -2 -1 -1 848224645 -1 -1 -2 -2 -2 -2 -1 -1 -1 150189089 -1 -1 -2 -2 -1 -2 -2 408423989 -1 -2 -1 -1 -2 -1 -1 -1 -2 597420304 -2 622286425 -2 -2 -1 -2 -2 -1 -2 -2 -1 -1 -2 -1 139240365 -2 -1 -2 -2 -2 -1 -2
-1 -2 -1 -2 -2 -1 -1 559545339 -1 -1 -2 -1 -2 -1 -1 -2 -1 -2 -1 -2 -2 -2 -1 -1 -1 -1 -1 -2 -1 -1 -1 -2 -1 -1 -1 -2 -1 -2 -1 -2 -2 -2 -2 -2 -1 -1 -1 -1 113615304 -2 -2 -2 -1 -1 -1 -2 705359079 -2 -2 -2 -1 -1 -1 -2 -1 491054371 -1 -1 -1 -1 -2 -1 -1 -1 -1 -1 -2 -1 -2 -2 -2 385315131 -1 -1 -1 -2 -2 -2 -1 -1 -1 -2 -1 -1 -2 -2 -1 -1 -1 -1 -1 -2 -2 -1 -2 -1 -1 -1 -1 142317555 -2 -2 -1 53201054 -1 -2 -2 -1 -2 -2 -2 651242094 -1 -2 -2 -1 -1 -1 340803120
-2 -1 -1 -2 -1 428606784 -2 -1 -2 -1 -1 -1 -1 -1 336821604 -2 -1 234650801 -2 -2 792274918 -2 -2 -1 -1 -2 434861797 -1 -2 -2 -1 -1 -1 -1 -1 -1 -1 35746782 -2 -2 -1 -2 -2 -1 -1 -1 -1 -2 759957469 499598717 -1 -2 -1 -1 -2 -2 -2 -1 -1 -1 -1 -1 269084190 -2 -1 -1 -1 -2 -1 -1 -1 -2 -2 -2 -2 -2 -2 -1 -1 -2 -1 -2 -1 -2 -2 -1 -2 -1 -1 -1 781871758 -2 -2 -1 -1 -1 -2 -1 -1 -2 -2 -1 -1 780262487 -1 -2 -1 -1 -2 531449525 60637060 -1 -2 -1 20773414 -2 221117760 -2 36971014 181408655 -1 -1 12011945 -1 -1 -2 -2 -1 -1
94748016 -2 -1 -2 -1 -2 -2 -1 -1 -1 -1 -2 -1 -1 -2 564411003 -2 -1 950872110 -2 -1 -1 -1 794791177 -1 -1 -2 -1 -2 -2 -1 -2 -1 -1 -1 278235747 -1 -1 -1 -1 -1 -2 -2 -1 -1 -1 -2 -1 -2 14989558 -2 -2 -1 -1 -2 -1 -2 -2 -1 -1 -2 -1 -2 -2 -1 -2 -2 -1 -2 -1 -1 -1 -2 -1 -1 -1 456723592 -1 -1 553385791 -2 218488306 -1 -2 -1 -2 -2 -1 -1 -2 -2 -2 -2 -2 -1 -2 -1 -2 -2 -2 -2 -1 -2 -1 231925071 -1 -1 -2 -2 -2 -1 -1 -2 -2 -1 -1 -1 -2 -2 608025357 277192323 -2 -2 -1 -1 -1 -2 -1 -1
-2 -1 -1 -2 -1 -2 -1 -2 708459059 -2 -1 -2 -1 -2 -1 -2 990179733 -1 -1 -2 -1 -1 -2 -1 -1 -2 -1 -2 -2 -2 -1 -1 -2 -2 -2 -2 545922049 -1 -1 540216145 -1 -1 -2 -1 -1 -2 -1 -1 -1 -2 -1 -2 -1 -1 -2 -1 -1 -1 -1 -2 -1 -1 -1 -2 -2 -1 -2 570879845 -1 -1 -1 702456045 -1 -1 -1 -2 -1 -2 -2 -1 -2 294525056 -1 -1 530319559 -2 943939666 -1 -1 -1 -2 -1 -1 -2 -2 -1 -1 -2 -1 996877030 -2 -1 -2 -2 -2 -2 -1 -2 -2 -2 -2 -1 854239386 -2 -2 -2 -2 463980683 -2 -1 -1 -1 -1 -2 -1 -2 -2 -2 -1
-2 -2 -2 -1 -2 -1 -1 -1 -2 315219443 -2 -1 -2 -1 -1 -2 983381975 -2 -1 -1 -1 -2 -1 -1 39989116 -1 888657232 -1 -1 -1 -1 -1 -1 -2 -1 -2 -1 -1 -2 -2 -2 -2 125642225 417808453 -1 -1 22831076 -1 -2 -1 -1 -1 -1 -2 -1 -1 -1 430927942 37090446 -2 -1 -1 851076063 -1 -1 -1 -1 -2 -1 -1 -1 -1 -2 -1 -1 -1 -1 -1 -1 480975511 -2 -1 -2 -1 -1 -2 -2 -2 -2 -1 -1 -2 -1 -1 -2 -1 -1 -2 -2 -1 -1 -2 -1 -1 -1 -1 -1 509108535 -1 -1 -1 578200041 -2 -2 13406899 -1 512241999 -2 -1 -1 -2 -2 540942940 -1 -2 -1 -1 -1 -2
-2 -2 -2 -1 838749607 237790747 935508207 34497747 -2 -1 -1 -1 -2 -2 253550926 -1 -2 -2 -1 -2 -2 -1 -1 -2 -1 -2 -1 -1 -1 -1 -2 -1 -1 -1 -1 -2 -1 -2 -1 -1 -1 901586002 -2 -2 -2 -1 864826105 -1 527291736 -1 -2 -1 -1 -2 -2 -1 -2 -2 -1 -2 42510730 -1 -1 -2 391861272 -2 -1 -1 -1 -2 -1 -1 -1 -2 -2 -1 -1 -1 -2 -1 -2 -2 -1 -1 -2 -1 -1 -1 -1 -1 -2 -2 272317013 -2 -1 -2 -1 -2 -2 -1 -2 -1 -2 29032787 -2 -1 -1 -2 -1 -1 -2 -2 374214426 -1 -2 -1 755849499 574624414 -2 -1 -1 -1 -2 -1 -1 -1 288406547 -2 -1
-1 -2 -1 -1 -1 -2 -1 -1 -1 -1 -1 -2 -2 -2 -1 -2 -1 658100427 -2 805429142 -2 -1 -2 964075134 -1 -1 -1 -1 -1 -1 -1 -2 -1 -1 -1 -2 -1 -1 -2 -2 -1 -1 312387136 -2 -2 -2 -1 -2 -2 -2 -2 -1 272658969 -2 -2 -2 -2 141676873 -2 -1 -2 -2 51770681 -2 -2 -1 -1 -1 -2 -1 -1 480789628 -2 -2 -2 -2 -2 -2 -1 -2 -2 424718314 -2 -1 -1 -1 -1 -2 -1 -1 -1 -1 -1 -1 47473395 -2 985707432 -1 21709895 -1 -1 -1 -2 -1 -1 -1 682501630 748708032 -2 -1 -2 -1 -2 -1 -1 -1 -2 -1 -1 -2 -2 -2 368272742 127270968 -2 -1 -1 -1 -1
-1 -1 278628447 357521960 -2 -1 -1 -1 -1 -2 -1 -2 -1 -1 252643 -1 -1 -1 -1 -2 -1 -2 -2 -2 -1 -1 -1 -2 -2 -2 -2 223351990 -1 -2 -1 -1 137089337 -1 -1 -1 -1 -2 -1 -1 -1 611588946 -1 -1 -1 -1 -1 -1 -1 -1 -1 -2 -2 411000092 -2 -2 -1 -1 -1 -2 -2 -1 -1 -2 -2 -2 -1 -2 -1 -1 -1 -2 -2 -1 -2 -1 -1 -1 -1 -2 -2 -2 -2 -1 -1 -2 -1 -2 -1 -2 -1 -1 -2 -1 -1 -1 -2 -2 -1 -1 -1 922122661 -1 -1 -2 -1 -1 480530402 768354080 416563308 -1 -1 -1 -1 -1 -1 -2 -1 -1 -1 -2 -1 -1 -1 -2
-1 -1 755421243 -1 -1 -1 -1 65122367 244442739 -2 203302549 -2 505195007 -2 -2 -2 -2 438242615 -2 -1 -1 -2 -2 -2 -1 -1 -1 -1 -1 -1 -1 -2 -2 -1 -1 -1 -2 352956352 -2 -1 -2 -1 -1 -2 -1 -2 572855138 -1 -1 -2 -1 -1 -2 -2 311489600 29204909 -1 -2 -1 -2 -1 -2 -1 -1 -1 -1 -1 -1 -1 -1 -1 -1 -1 -2 -1 -1 -1 -1 -1 -1 -2 570735569 -2 -1 -1 -2 -2 -1 -2 -1 -1 -1 -2 -2 -1 -1 520880780 -1 -2 -2 -2 -2 -1 -2 553427613 -2 -2 -2 -1 -1 -1 -2 -1 492669779 -1 -2 -1 -1 -1 -1 65309852 -1 -1 -1 914479357 980763516 -1 501835930 -1
-1 -2 -1 -1 -1 -2 -1 -1 -1 -1 -2 -2 -1 -2 -1 -1 -2 -2 -2 -1 -1 -2 -2 567423900 908544716 -2 -2 -2 -1 -2 -2 -1 -1 -2 220401679 -2 -1 -1 -1 -2 322999160 -2 -1 -2 -1 259170627 -2 -1 -2 -1 -1 -2 -1 -1 -1 -1 -1 -2 -2 -2 -1 -2 -1 -1 -2 -1 -2 -1 -1 -1 -2 -2 -1 -2 -1 -1 -2 -1 -1 -2 -1 -2 -1 -1 -1 -1 -2 -1 -2 -2 -1 -2 -2 -1 -1 -1 -1 -1 -1 -2 34048405 -1 -1 -2 -1 -1 -1 -2 -2 -2 -1 -2 -1 -2 -1 -1 -1 -1 -2 -2 -1 -1 -1 -2 -1 -2 -2 -1 -2
496181005 -1 -1 -1 -1 -1 -1 -1 -1 -1 -2 -2 190149120 -1 596431937 -2 -1 -2 -1 -2 -2 -1 -2 -1 977405038 -2 821220584 -2 -2 -2 -2 -1 -2 -1 -2 -2 -2 -1 -1 -2 -1 -1 -1 -1 -1 -1 -1 -1 -2 -2 -1 -2 -2 -1 -2 -1 -1 -2 -1 803018125 -1 -1 -2 -2 -1 -1 -1 -1 -1 -2 -1 -2 -2 -1 -1 -2 122785524 -2 -1 -2 -1 -1 832393197 -1 15401737 898813743 -1 874407030 -1 777655421 -1 -2 -2 -2 -1 -2 143016670 -1 -2 -2 -1 491541229 -1 -2 -1 -1 -1 -2 263087104 -1 -1 -1 -2 -1 -1 -1 -1 -2 -1 -2 -1 -1 -2 -1 -2 -2 -1 -1 -1
-1 628880863 -1 -1 -1 89959950 -1 -1 -1 84260542 -1 -2 -1 -1 -2 -1 -1 718214965 -2 -2 -1 -1 -2 -2 -2 -1 -2 347477243 92305118 -1 -1 -1 160076541 -2 145048317 -1 -1 397525619 -1 -1 -2 -2 -1 -1 -1 -1 -1 497790594 -2 354392728 -1 -1 -1 -2 -2 -2 -1 -2 -1 -2 -2 -1 -2 -1 -1 -2 -1 -2 -1 -1 -1 -2 -1 -1 -2 -1 -1 -1 -1 -1 -1 -1 -1 -2 -2 -1 -1 -1 -2 267040728 -2 -1 -1 -1 -1 -2 159662669 -1 -2 -2 -1 -1 -1 -2 -2 -1 -2 -2 -1 -1 -1 -1 -1 -2 -2 -1 -1 -2 -1 -2 339365832 -2 -2 -1 689473348 -1 -2 -2 -1
-2 -1 100053182 -1 -2 -1 -1 -2 -2 150762771 -1 -2 -1 -2 -1 -1 -1 -1 -2 904018995 -1 391783393 -1 929360137 -2 -1 -2 349297520 -2 303924905 -1 -2 -2 -1 940556757 -2 -2 -2 -1 151475888 -2 -1 -2 -1 -1 -2 -1 -1 -1 -1 -1 -1 -2 -1 61668664 -1 -2 -1 -1 -2 -2 -1 -2 -1 536620874 -1 -1 -1 -2 -2 -1 -1 -1 -2 7353220 -2 -2 693770675 -1 -2 -1 -1 -2 -1 -2 -2 -1 -1 -1 -1 -1 -2 -2 -2 -2 -2 -2 -1 -1 -2 -1 -2 509427524 866970697 -2 -1 -1 -2 -1 -2 -2 -1 -2 -2 414293543 -2 -2 -1 -1 -1 -2 -2 -2 -2 -2 -1 -2 -2 -1
-1 -1 -1 -2 -2 -2 -1 243527647 -1 -2 -1 -2 -1 -2 -2 -1 -1 -1 -2 -1 -1 -1 -2 -2 -1 -2 -2 -1 -2 -1 -1 -1 -1 -2 -1 -1 -2 -1 -2 -1 -2 -2 -1 -2 -1 -2 -2 -1 -1 -1 -1 -1 -2 -2 657331562 593803405 -2 -1 -1 -1 -1 -1 -2 345729987 -1 -2 -1 -1 -1 -1 -2 -1 -2 -1 -2 904614956 -2 -1 -1 -2 -2 -2 -2 594520252 -1 -2 -1 523184296 -1 -2 -1 -2 -2 -1 -2 -1 -2 -1 -1 -2 660445937 -1 -2 -2 -1 -2 -1 -1 -1 -1 -2 -1 -2 -1 -2 -1 -2 -1 -2 -1 -1 -1 -2 -2 847503572 -1 -2 -2 -1
-1 -1 -2 -1 -1 -2 -1 -1 -1 -1 -2 -2 -2 -2 -2 -1 -1 -1 135612495 -1 -1 -1 -1 -2 -1 -2 -1 327442598 -1 -2 -1 -2 -1 -2 -2 -1 -1 175098002 -1 465824792 -2 -2 -1 -1 -1 -1 -1 -1 -1 -2 -1 99513091 -2 -1 -1 -1 637335075 -1 -1 325645994 -2 -1 -1 -1 -1 -1 -1 -1 -2 -1 -1 -1 -1 -2 -2 -2 -2 -2 -1 286412337 656904798 -1 -2 -1 -1 -2 -1 -1 -1 95326 -2 -2 -1 -1 -1 -2 -1 -1 -2 -2 900702879 -2 -1 -1 -1 -2 -2 -2 -2 -1 -2 -2 -2 -1 -1 -2 -2 -2 -1 -1 -1 -1 -2 -2 -1 -1 -1 -2 491363039
-2 -1 -2 -1 -1 -1 -1 -1 -1 -1 -1 -2 -1 -1 623611505 -1 -1 -2 -2 -1 -1 -1 -1 -1 -2 -1 -2 -1 -2 -1 -2 -2 -1 -1 -1 233124526 -1 -1 -2 -1 -1 -2 725959123 -1 -1 -1 -1 -2 -2 -1 -2 -1 -1 -1 -2 -1 -2 -2 -2 -1 -1 -1 -1 -1 248738558 -1 -2 -1 -2 -1 -2 -2 -1 -1 -1 -1 -2 974863284 -2 -1 -1 -2 -1 -2 -1 -1 -1 -1 -2 673585784 -1 -1 -1 -1 -1 -1 163258918 -2 -1 -2 -2 -2 -1 27094912 -1 528162403 -1 -2 -2 -2 -1 -1 -2 -1 -1 -1 637604058 -2 -2 679950469 -2 -1 -1 32032366 -2 -2 586171764 -1 -1
-1 -1 -1 -1 -1 -2 -1 -2 286705859 -2 -1 -1 -1 -1 -2 -1 183260284 191885036 -2 -2 -1 -1 -1 -1 -1 -1 -1 -2 -2 -2 430826805 -2 -1 -1 -2 -1 -2 -2 -1 -1 -2 -1 -1 -1 -1 -1 -2 -2 -1 -2 -2 -1 561854270 -1 -1 -1 -2 -2 -2 -1 461609068 -1 -1 -1 -1 -2 -1 -1 -1 -1 -1 -1 -1 -2 130992491 -2 -1 -1 -1 -1 -1 -1 -2 -1 -1 -2 -2 -2 -2 -2 569028846 -2 -1 -1 -2 -2 -2 -1 -1 -1 -2 -1 164659326 -2 -1 -2 -1 -1 -2 -1 -1 -1 -2 585003187 -1 -1 -1 -2 -2 -1 -1 -1 -2 -1 231253420 -2 992442502 -1 -1
-2 -2 -1 -1 -1 -1 -2 -1 -2 -1 -2 -2 -2 -1 -1 -2 -2 -2 -2 -1 -1 -1 -1 -1 -2 -1 -1 -2 451851109 -1 718261963 -1 360960351 -1 -2 -1 37789127 -1 -2 -2 -2 -1 -1 -2 -2 -2 526921304 -2 -1 108799953 -1 -1 546541206 -1 -2 337048332 -1 -1 -2 533345484 -2 18163156 -2 -2 -1 -1 -1 -1 -1 -2 -2 -1 -1 -1 -2 -1 -2 -1 -1 -1 -1 -1 -1 -1 -1 -1 -1 -2 -1 -2 -1 -2 -2 -1 -2 -1 253695983 -1 -1 -2 -2 -1 -2 -2 -1 -2 -1 -2 -2 -1 -1 -2 -2 -1 -2 -2 -2 -2 -2 -1 -1 -1 -1 -1 -2 -2 -1 -1 -1
-2 -1 -2 -1 -1 -1 -1 -1 -1 -1 -2 -1 16921982 -1 838937019 -1 -1 -1 -1 -2 -2 -1 -1 -2 -1 -2 -1 -1 -1 -1 -2 -2 -1 -1 -1 -2 -2 -2 -1 -2 -2 -1 -1 -2 -1 -2 -2 742691676 -1 -2 -2 -1 149477117 -2 325493406 -1 -2 -2 -1 -2 785154200 -2 -1 -1 -1 -1 -1 -1 -1 -2 -1 -2 -1 -2 631523731 -2 -1 -2 -2 -1 192358887 -1 -1 -2 -1 -1 -2 -1 872830119 -1 -2 -1 493416393 -1 -1 -1 -2 -2 -1 -1 -1 -1 -1 -2 -1 -1 -1 -1 -2 -2 -1 581530931 -2 -2 -1 -1 -1 460791259 -1 967918004 -1 -2 -2 -1 -1 -2 -2 -1 -2
-1 -2 -1 -2 -1 -1 -2 521970763 -2 187563457 -1 -1 -1 -1 -2 -1 -1 92346375 -1 -1 -1 -1 -1 655009847 -1 -2 -1 163481182 -1 -2 -1 509715461 -2 -1 -1 -2 -1 -1 -2 -2 -2 -1 -1 -2 -2 -1 -2 -2 599072779 -1 -2 -2 -1 -1 -1 -1 -2 339293309 -2 -2 -1 -1 -1 -1 -1 -2 -2 794071358 -1 -1 -1 -1 932269330 -2 -1 -2 -1 -2 -1 -1 -2 -1 -2 -1 -2 -2 -1 -1 -2 -2 -2 -1 -1 -1 -1 175651481 -1 -1 -1 -2 -1 -1 -1 202140188 -1 -1 -1 -2 -2 -2 -2 -1 -2 -2 -2 -2 -2 -1 -2 -1 -2 32148706 -2 -1 368330968 -1 -1 -1 -1
-1 -2 655312898 -1 -2 -1 -1 -1 -1 -1 665235542 -1 -2 -1 -1 -1 -1 869540637 -1 -1 -2 -2 -2 -2 -2 -1 -2 -1 -2 -2 -1 507242466 -1 -1 -2 -1 -1 -1 138894737 -2 -2 -2 -2 -2 -1 -1 -1 -2 -1 -1 -1 -2 -2 -2 -1 -2 -2 -2 -1 562829148 -2 536086551 -1 -1 -2 -2 -1 -1 -1 -2 -1 -1 79748474 44923304 95011232 -1 -2 -1 -1 108983550 -2 -2 -2 -1 -1 -1 748168258 -1 -1 -1 -1 -1 -2 85235921 -1 -2 -2 227547009 -1 -1 -1 -2 -2 -1 -1 -1 -2 -1 -2 -1 -2 -1 -1 -1 -2 -1 -1 526415354 -2 359880621 893928329 -1 -2 -1 -1 -2 -1 -1 721939885
-2 -1 -1 -2 -1 -2 -1 -2 -1 -2 -2 -1 -1 -1 -1 -1 -1 -2 -1 -2 -1 -1 570732575 460117039 -2 -2 -2 -1 -1 -2 -2 -1 -2 -1 -2 -1 -1 -1 -2 -2 -1 -1 -1 -2 -1 -2 416323310 -1 115026420 -1 -1 -2 -2 -2 -1 -1 -1 -1 -1 -1 -1 -2 -1 -2 -1 -1 -1 -1 -1 -1 -2 -2 -1 -2 -2 -2 950978110 -1 -2 -1 -2 -2 -1 -1 327049766 -1 -2 -2 704624580 -2 -1 -1 -1 -1 -1 -2 -2 -1 -1 -1 145293631 -1 -2 -1 -2 -1 -1 -1 5315722 -2 -2 281120844 -2 217739596 -1 -2 -2 -2 -1 -1 407081625 173011073 -1 -1 -1 -2 -1 599075527 -2
-1 -2 -1 -2 -2 -1 -2 -1 -2 -1 -1 -1 -1 -2 -2 -1 698512479 -1 -1 -1 -1 -2 -1 -1 -1 -1 -1 -2 -2 -1 581688435 -1 -1 968718611 -1 -1 -2 -1 -2 -1 -1 -1 862654458 -1 -2 -2 -1 -1 -2 -2 363529468 -2 -1 -2 -2 -2 114978752 -2 -1 -1 -1 -2 -2 697954358 -1 -1 -1 -1 -1 -1 -2 -1 -1 -1 -2 -2 -1 -2 -1 208967479 -1 -1 -1 949882309 -2 -2 -2 -1 -2 -2 -2 -1 -2 -1 -1 -1 508155716 -2 -1 -1 -2 -1 -2 -1 -1 -2 -2 -2 -1 -2 -1 -1 -1 -2 -2 -1 564165822 -1 930091713 -1 433077259 -1 -1 -2 -2 -1 -2 -2 -1
-1 -1 -2 -1 -2 -2 336134530 -1 -2 -1 -1 -2 62199927 -1 -1 -1 -2 -1 -2 -2 -1 -1 -1 205040567 -1 -1 -1 825756259 -2 -2 -1 -1 -1 -2 -2 -2 -1 -2 708972011 -1 -1 -1 -1 -2 -1 -2 -2 -1 -2 -2 -1 -1 -1 -2 -1 -1 -1 188146807 -2 -1 -1 -1 -2 -2 -1 -2 798898950 -2 -1 -2 -2 -1 -1 -1 -2 -1 -1 -1 -2 -1 -1 -1 -2 -1 -1 -1 197301443 -1 -1 -2 -1 903313435 -2 -2 -1 606121009 -2 -1 -2 -2 -2 -2 -2 -2 -2 -2 -2 -1 -1 -1 -2 -1 -1 -1 963292360 -2 -1 -2 982363777 -1 499965915 -1 -2 -1 -2 -1 -1 -2 -2
-1 164536951 -1 -1 -1 796351718 -1 -1 -2 -2 -2 -1 -1 -1 -2 -1 -2 -2 302561666 692673910 -1 -1 -2 -1 555415715 705577561 -1 -1 -2 -1 -1 677795257 135023374 -1 -2 -1 -1 -2 -2 -1 -1 -2 -1 -2 -2 -1 -1 671230293 -1 -2 935155080 -2 -1 -1 -1 874842395 -2 -1 887587297 -1 -2 -1 -2 -1 -1 23231261 -1 -1 652051990 -2 -1 -2 -1 -2 -2 -2 133622357 -1 -1 -2 -1 -1 -1 -2 -1 -2 -1 -2 -1 -2 -2 -1 -1 -1 -2 -1 -2 -2 -1 -2 -1 -2 -2 -1 -2 -2 -1 210218276 -1 -1 -1 -2 -1 -1 -1 -1 -1 -2 -1 -1 -1 -2 -2 -2 -2 -1 -2 -2 -1
-1 -1 -1 -2 -2 -1 -1 764860676 -1 -1 -2 -1 -1 -1 -1 -2 -1 -1 -2 773261340 -2 -1 -1 -1 -1 -2 -2 -1 -1 -1 -1 -1 -2 -1 636958413 -2 -1 -1 86864712 -2 -1 -1 -1 -1 -1 -1 -1 -1 -2 -2 -2 -1 -1 -2 -2 -2 -2 -1 -1 -1 -1 -2 -2 -1 610112047 -2 -2 -2 -1 -1 -1 -2 -1 -1 34252875 -2 396897737 -1 373096293 -2 883495087 -1 -2 -2 -1 -2 -2 -1 -1 -2 -1 -1 -1 -1 -2 -1 -2 -1 -1 -1 680807054 -1 -1 -1 -1 -1 -2 -2 -1 -1 -2 -2 805769063 -2 994080975 -1 865066050 -1 -2 -2 -2 -1 -2 -2 -1 -1 -1 -1 -1
-1 -2 -2 382191088 -1 -2 -1 -1 -1 -1 -1 -1 -1 -2 -2 -1 -1 -2 -2 -2 -2 16052255 -2 -2 -1 67500406 -1 -1 -2 -1 -2 -2 -1 -1 -1 -2 -2 -1 -1 -1 -1 -1 -1 -1 -1 483527631 -1 -2 -2 -1 -2 -1 -2 -1 -1 -1 -1 -1 -1 -1 -1 -1 -1 -2 -2 -2 -2 -2 -2 -1 -1 -1 -1 -2 -1 -1 -1 17484323 -2 -2 -2 616479187 -1 -1 -2 -1 -1 -1 584770890 254725331 646995701 268826912 -2 -1 -1 -1 -2 -2 -2 -2 -1 561313148 -1 -2 -1 -1 -1 -2 -2 -2 663462303 139231750 -1 -2 -2 -1 -1 -2 -2 -1 -2 -1 -1 -1 -2 -1 -1 -1 -1
-1 -1 -2 -1 -1 890784120 -1 -1 -1 -2 -1 -2 -2 -2 -2 -2 -2 502303280 -1 -1 204803981 732635519 -1 -1 -1 -2 952169607 -1 -1 -1 148650673 -1 -2 -1 -2 -1 849649301 -1 -1 -1 -2 -1 -1 -1 -1 -2 -2 -2 -1 -2 -1 -2 268546544 -1 -2 -1 -1 -1 -2 199424501 -1 -1 322565023 -1 -1 593327700 -2 -2 -1 -1 -2 9880969 200368122 -1 819101213 -2 -2 -1 -1 -2 -2 -1 -2 -1 846758368 -2 -1 -1 -1 -1 -1 -2 -1 -1 -1 -2 -1 -1 -1 -1 -1 -1 -2 -1 -2 -1 -2 -2 -2 -2 -1 -1 -2 -1 -1 -2 -2 -2 -2 -1 356177129 -2 -2 -1 -1 -2 -2 -1 -1
-2 -1 -1 -2 -1 -1 -1 -2 -1 -1 -2 -2 70398197 -2 -2 -1 -2 -1 -1 -2 -1 -1 -1 -2 -1 -2 -1 -1 -1 -1 -2 -1 -1 -1 -2 230818402 -1 -2 -1 -2 -2 -2 -2 -1 -2 -2 90280498 656520171 -1 -2 -2 -1 -1 -1 -1 115699409 -1 -1 -1 -1 -2 -2 -1 -1 -1 -2 -1 -1 -2 -2 -1 -2 731192094 -1 -1 -1 -2 601001004 -2 -2 -2 -1 -1 240603109 -2 -2 -1 -2 -1 -1 -1 -1 -2 -1 -1 -2 728853829 -2 -2 -2 -1 -2 -1 -1 -1 185539137 492440784 -1 -2 -1 -2 519338755 -2 -1 -2 -1 -1 -1 -2 -1 -1 -2 -1 -2 -2 -2 -1 -1 -2
-1 -2 -1 -1 -2 87342960 -2 -1 107446856 -1 -2 -1 -1 -1 -1 -1 -2 -2 -2 -2 -2 -1 -1 851381428 -2 -1 -2 -1 567078168 -1 78259476 -1 -2 -2 -2 -1 -2 -2 -1 -1 -2 -2 -2 -2 -1 -1 -2 -1 -1 36955726 -2 -2 -1 -1 -1 -1 -2 -1 -1 -1 -1 -1 -1 247135406 -2 -1 -2 -2 -1 -2 -1 -1 -2 -1 -2 -1 -1 -2 -1 -1 -2 -1 -2 -1 -1 -2 -1 -1 78789300 -2 -1 -1 -1 -1 737916132 -1 -1 -2 -1 -1 -1 -1 -1 -1 -1 519288256 -1 -1 -1 -2 -2 -2 895118090 -1 -1 -2 -2 -2 -2 -2 -1 -1 -1 -2 -1 -2 -2 -1 -1
-1 -1 68377429 -1 -1 -1 -2 -1 -1 -1 -1 -1 -1 -1 -1 -2 -1 -1 -1 -2 -2 -2 -2 -1 -2 -2 -1 -1 -1 -2 -2 -1 952808097 -1 -2 -1 -1 -1 -1 -2 -1 -1 -2 -2 -1 -2 -2 -2 -2 -1 -2 277631589 -1 -2 -1 -1 -1 -1 -1 -1 -1 -1 -1 -1 -2 -1 -1 -1 -2 -2 -2 -2 -1 -1 -1 -1 -1 -1 -2 -2 991813589 -1 -1 -2 -2 -1 858224481 223817283 -2 -1 -1 -2 -2 -1 -1 -1 -2 -2 -1 73066554 -2 -1 355688884 -1 -1 -2 -2 -1 545514535 -1 -1 -2 -1 -1 -1 -2 -2 -2 -1 -2 -1 714458034 410126467 -2 -2 -1 -2 -1 -2
-1 -2 -1 -1 -1 530859895 -1 -1 -1 -2 -1 -1 -1 -1 -2 -1 -1 -2 -1 -1 -1 -1 -1 -2 -2 -1 -2 -2 338316157 -1 -1 -1 -2 -2 -1 -1 -2 -2 -2 -2 -1 -1 -2 -1 -2 -2 -2 -1 -2 -1 -2 -1 -1 -1 -1 -1 -1 -1 -1 740429385 -1 -2 -2 -1 -1 -2 -2 -2 -2 -1 -2 -2 -1 -1 827931219 -2 -1 -2 -2 -1 -1 -1 -1 -2 -1 -2 -1 -2 -2 -2 -1 -2 -1 -1 606865220 -1 -1 -2 -2 -1 -1 -1 -1 -1 -1 -2 -2 -2 -2 -2 -1 -2 -1 -1 -2 -1 -2 -1 -1 -1 -1 464975021 -1 -2 -1 -1 -1 -1 -2
-2 -2 -2 -1 -2 -1 -2 -1 -1 -1 561536740 -1 -1 -2 -1 -2 -1 -1 -2 -2 -2 -1 -2 516492110 -1 -1 -1 -2 -1 -2 -1 -2 -1 412576741 -2 -1 -2 -1 -2 -1 999479174 -2 -1 -2 -2 -1 -1 -2 -2 -2 -1 -1 -1 -1 -2 -1 -1 -2 -1 -1 -2 -2 -1 -2 -2 -1 -2 647243924 -1 -2 -1 -1 -1 -1 -1 -2 -2 -2 -2 -1 -1 -1 -2 -2 -2 -2 -2 -1 -1 -2 -1 -2 -2 641008224 235590752 -2 -2 -2 220966362 -1 -1 175974799 -1 -1 -1 111090341 -1 -2 27614421 -2 -1 -1 -2 33308313 -1 -1 -1 -2 -1 -1 -1 304927818 552720772 -1 -2 -1 -1 -2 -1
556923307 -1 -2 -1 -1 -2 -2 -1 -2 -1 -1 -1 -1 -1 -2 -2 -1 -2 -1 -1 -1 -2 -1 -1 -2 -1 -1 -1 -1 -1 -1 826538338 -1 829080091 -2 -1 -1 -1 -2 -1 -2 -1 -1 -1 -2 -2 -1 -1 -1 -1 -2 -1 -1 -1 -1 -2 -2 -2 -1 -1 -2 -2 -1 -2 -2 -1 -1 -2 -1 -1 -2 -1 -2 -1 -2 -1 480713948 -1 -1 -2 -1 -1 -1 -1 -1 -2 -2 -2 -2 -2 -2 -2 252414106 -2 -2 -1 -2 -2 -2 -1 -1 -2 -2 -1 -1 -1 -2 607868718 -1 -1 -2 -1 -2 -1 -1 -2 -1 -1 569326078 -2 -1 -2 -1 -1 -2 -1 -2 -2 -2
-2 -2 -2 -1 -1 -1 -2 -1 -1 -1 -2 -2 -1 -2 -1 -2 -1 -1 -1 -2 -2 -1 -1 -2 -1 389319164 -1 -1 -1 907103916 -1 -2 -1 -1 -2 -1 91224575 -2 -2 -1 -1 -2 -1 33169237 -1 -1 -1 -1 -2 -2 -2 27448030 -1 -1 -2 -1 -2 -2 -1 -1 -1 -2 -1 -2 -2 -1 -1 -1 552368428 -1 -1 -2 -2 -1 512384712 -1 274751737 -2 -1 -1 -2 -2 -1 -2 -1 -1 -1 116398071 -1 -2 -2 -1 524865701 -1 -1 -1 -1 -1 -2 -1 -2 -1 -2 -1 -1 -1 -2 -1 -1 -2 -2 -2 377535407 -2 -2 -1 482836259 -1 -2 -2 -1 -1 -1 557901902 407904844 -2 -1 -1 -1
-2 799612414 -2 947019323 -2 -1 -1 -2 -1 -1 -1 -1 -2 -1 -1 -2 -1 -1 -2 -2 -1 -2 -2 -2 -2 -2 -1 -1 -1 -2 -2 -1 -1 -2 -2 -1 -1 -1 -1 -1 -2 -2 -1 -1 -1 -1 -1 -1 -1 -1 -1 856618284 -2 -1 -2 -1 -2 -2 -2 -1 -2 -1 -1 -1 -1 -1 -1 -1 -1 209669531 -2 -1 -1 -2 -1 -1 -1 -2 132655980 -1 -1 -1 -1 -1 -2 -1 -1 -1 -1 -1 -2 -1 -2 543453934 -1 928930634 -1 -1 -1 77060505 -1 -2 684352220 -2 -2 -2 -1 -2 -1 11815236 -2 -2 -1 -2 -1 -1 -1 -1 74559701 -2 926014391 -1 -2 -1 663897828 -1 -1 -1 -2
-1 125047186 -1 -1 -1 -1 -1 -2 -1 -1 -1 225744189 -1 -1 -1 -2 -2 -2 -2 -2 -2 993777005 -2 -1 -2 -1 872665572 -1 502321506 -1 -2 -1 -2 196043814 -1 -2 -2 -1 700478748 -2 157439514 -1 -1 859857721 -1 -1 -1 -2 -1 -1 390889143 -1 -1 -1 -2 -1 535116629 -2 -1 877742614 -2 -2 -1 -1 -1 -1 -2 -1 654275431 -1 -1 -2 -1 -2 -1 -1 -1 -1 -2 -1 -1 -2 -1 -1 -1 670796959 601343035 -1 -1 -2 -2 -2 -1 -2 -2 -1 -1 -2 -1 -1 -1 -1 -1 -1 -1 -1 -1 -1 60804168 -2 -2 -1 -1 732626755 -2 -1 621023407 -2 -1 -1 -2 -1 122436080 326674683 -2 -2 -2 846980694 -1
-2 -2 38999512 -1 -1 530856735 -1 -1 -1 -1 -1 -2 -1 -2 -1 -1 819349962 -1 -2 -1 -2 142054264 81336623 655252622 -1 -1 -1 -2 -2 -1 -1 -1 -1 -2 -2 -1 285600452 -2 605330675 -1 -2 -2 -2 -2 -2 -2 -2 199141056 -1 -2 -1 -1 963588229 -1 -2 -2 -1 -2 -2 -2 -1 -1 -1 -1 -1 -1 593829884 -1 -2 -1 -2 -1 -2 149479220 -1 -1 -1 -1 -1 -1 779530464 -1 -1 -2 -1 -1 -1 -1 -2 -2 -1 -1 -2 -1 -2 -1 -1 -2 -2 -1 -1 -1 -2 -2 -1 -1 -2 -2 -1 -2 -1 -1 -2 -1 -1 -1 -1 189358137 -2 -2 -1 -2 -1 -1 -2 -1 -2 -2 -2
-2 948410784 671786384 -2 -1 -1 -2 -2 -2 512112022 -1 -2 966119314 -2 -1 -2 -1 -1 -2 -1 -2 -2 -1 -1 -1 516817587 -2 -1 -1 -2 -1 -1 -1 -1 -2 -2 -1 -1 -2 -1 189139118 -1 -2 -1 -1 816242787 -2 -1 -1 -1 -1 400712412 -2 -2 -2 -1 -1 -2 -1 -2 -2 -1 -1 -1 -1 659319019 -1 -1 -1 -2 -2 -1 -1 -1 -2 -1 -1 -1 -1 -1 -1 -1 -1 -1 -2 -2 751592330 446477746 -2 674901357 -2 -1 -1 -1 -1 -2 -1 -1 -1 -1 -2 -1 664297686 -1 -2 -1 -1 -2 -2 -1 -2 920130805 -2 -1 -2 966055402 -2 -2 -2 -1 -2 350812553 -1 718677731 -1 -1 -1 -2 -2
-1 -1 -2 -1 -2 -1 -1 -2 -1 -1 -2 -2 -2 -1 -2 -2 -2 -1 -2 -2 -2 -2 -2 -2 -2 -2 106086985 -1 -1 -1 -1 -1 -2 -1 622269762 -2 17688058 -2 -2 -2 -1 -2 933142383 -1 -1 -1 -1 -1 -1 -2 -2 -2 -1 -1 -1 -1 -1 -1 -2 -2 -2 -2 -2 -2 -1 -1 286566367 -2 -1 -2 -1 -1 -2 -2 -1 -2 -1 -1 -2 -1 -2 -2 -2 -2 -2 -2 91280815 -2 -2 -1 -2 -1 -1 -1 -1 -1 -1 938351504 -1 -1 -1 -2 -1 -2 -1 -2 -2 -2 -1 -1 -2 -1 -1 -1 -1 639712319 -1 -1 -2 -1 -1 -1 -2 -2 32496851 937369638 -2 -2 -1
-2 -2 -2 -1 -2 -1 -2 -1 692771839 -1 -2 -1 -2 -2 -2 -1 -2 -1 -2 -2 -2 -1 -1 -1 275201634 -1 -1 -1 -1 839965973 -1 -1 539249742 -2 -1 -1 -1 -2 -2 -2 -1 -2 -1 -2 78109408 -2 -1 -1 -2 -1 722814731 -2 -2 -1 -2 -1 -2 521632019 315852561 -2 -2 -1 -1 -1 -1 -2 -1 -2 -2 -1 -1 -1 -2 -2 662946050 -1 -1 -1 -1 -1 -1 -1 -2 -2 -2 -1 9537220 -1 -1 -2 -1 -1 -2 -2 -1 -2 -1 -1 -2 -2 -1 -1 -2 -2 -2 -1 -2 961597586 -2 -2 -1 -1 -1 -1 -2 -2 -2 -2 -1 -2 -1 -1 -2 -1 595320815 516871534 -2 107778975 -1
-1 -2 -2 -1 -1 -2 -1 -2 -2 -1 -2 -1 -1 -1 -2 -1 -1 -1 -1 -1 -1 -1 -2 -2 -2 187568970 -2 -2 793676056 -1 -1 529721775 -1 -2 -1 163187082 -2 -1 476400884 -2 -2 -1 -1 -2 -2 -1 -1 -1 -1 -1 -2 -1 -1 -1 -1 -1 -2 -1 -1 -1 -2 -1 340136425 -2 -1 425675098 -2 234142411 -2 -2 -1 -2 -1 -1 -2 -2 -2 -2 -2 -2 -1 -1 -2 -2 -1 -1 -1 -1 -2 -1 -1 -1 -1 -2 -2 -1 -1 -1 -2 -1 -1 -2 -1 -1 -2 803427573 -1 -1 -2 -1 -1 -1 -1 -1 -1 -1 -1 588760179 -1 -1 -1 -1 -1 424698964 -2 -1 -1 -1 -2
-1 -2 -2 -2 -1 -1 -1 -1 -1 -2 -2 -2 -1 -1 -1 -2 -1 -2 -1 -2 -2 -1 -1 -1 -2 -1 -2 86760367 -1 -2 -1 -1 -2 -1 -2 -1 -1 -1 -2 -2 -2 -2 -2 -1 -2 -1 -1 -1 -1 -2 -1 -2 -1 -1 -2 -2 -2 -2 -1 -2 -1 -1 -2 -1 -1 -2 -1 -2 378718901 -1 -1 -1 -2 -2 -1 -1 -2 -1 735243826 -1 -2 -1 -1 476317000 -1 -2 905637462 -1 -2 -1 298237378 -2 -2 -2 -2 -1 -2 -1 -2 -1 -1 -2 -2 -2 -2 -2 -1 -1 784483454 -1 -1 -1 -2 -2 -2 906086973 -1 -1 -1 873752460 -1 -2 -2 -2 -2 -1 -1 -2 -2
-2 989869412 318306001 -1 -1 -2 -1 -1 -2 -1 -2 -1 -2 -2 -1 -2 -1 -1 -1 -1 -1 -2 -1 -2 -2 -2 -1 -2 -1 -2 -2 -2 -2 -1 -2 -2 -1 -2 -2 -2 -1 -2 -1 -1 -2 -1 -2 -1 -2 -1 -1 -1 -1 -1 -1 -1 -1 -1 -1 -2 -1 -1 244435046 -2 -2 -2 -1 -2 -2 -2 -1 -1 -1 717092682 -2 -1 -2 -1 -2 -2 -1 -1 154020381 -1 -1 -1 -2 -1 -2 -1 162130304 -1 -1 -2 -2 -2 -1 -2 -2 -2 876307484 -2 -2 -1 -2 -1 -2 -1 -1 -1 -1 -1 -2 -2 -1 -2 -1 -2 -2 114886464 -2 -2 -1 -1 -2 -1 -2 -1 -1
-2 -1 -2 -1 -1 -2 -2 -1 -1 -1 -1 463380905 -1 -2 -2 -1 -2 -1 -1 -2 -1 -1 -1 -1 -2 781792535 -1 -1 -2 -1 -1 -2 -1 -1 -2 -1 660273817 -1 -2 -1 -1 554912225 -1 -1 -2 -1 -2 -2 -1 790807280 -2 704266823 -1 -2 -1 -1 -1 -1 566859336 -1 -1 -1 -1 -2 -1 -1 202007805 -2 -2 -2 -1 -1 -2 -1 -2 -2 -2 -2 -2 -1 -1 -1 -2 -2 -2 -1 -1 -2 -1 -1 554531518 -2 -1 -1 -1 649938364 -2 -2 -1 -2 -2 927261316 -1 -1 -1 -1 -1 -2 -1 -2 -1 -1 -1 -1 -2 -1 -1 -2 -2 -1 -1 -1 -1 -1 -2 -1 -1 831527012 -1
-2 -1 -1 -2 325383285 -1 -1 -2 -2 -1 -1 -2 -1 -1 -2 -2 84188822 -1 -2 -2 -2 -1 762095558 -2 -1 -1 -1 -2 556973029 622898221 491028891 -1 -1 -1 -1 938331310 -1 -1 -1 -2 -1 775211548 788040488 -2 -1 -1 -1 -1 -2 -1 -2 -2 -2 -1 -1 -2 -2 -2 -1 -1 -1 -2 -2 -2 -2 -1 -1 -1 -1 -1 -1 -2 -2 -2 -1 -2 -1 -2 -1 -2 981041704 -1 -1 -1 -1 -2 -2 -1 -1 -1 -2 -2 -1 -1 -1 -2 -1 -2 -2 -2 506793790 -1 -1 -2 -1 -1 -1 -1 -1 -1 -2 -2 246847861 -1 -1 -1 -1 -1 -1 -2 644447695 -1 -1 -2 -1 550407977 -2 -2 -1
-1 -1 -2 -2 116478251 -2 -1 -2 -2 -1 -2 -1 -1 -1 -2 -2 577981300 -1 -2 -1 -1 -2 -1 -1 -1 -1 -1 -1 -1 -1 693981325 -2 -1 -2 -1 -1 203249805 697005682 -1 -1 -1 -1 -2 -1 792844989 -1 -2 -2 -2 -1 -1 817349707 -1 -2 -2 -2 254076093 -1 243353333 -1 -1 610875528 -2 -1 -1 -2 -1 -2 -1 -2 -2 -1 -1 -2 -2 -2 -2 -2 -2 -1 -2 -1 -1 -2 -2 -2 -1 -1 -1 -1 -1 -1 -2 -2 873524853 -1 -1 126676534 -1 -1 -1 -2 -1 761032889 982693807 -2 -1 -1 407177116 -1 -1 -2 -1 -1 -2 -2 -1 -1 -1 -2 -1 -1 -2 143567689 558100889 -1 -2 -2 -2
-2 -2 -2 -1 357685709 -2 -1 -1 -1 726203411 -1 -2 -2 -2 -1 -1 -1 -1 -1 -1 -1 -2 -1 -1 165046573 -2 -2 866321726 -2 -2 971497977 -2 -2 -1 -1 -1 -2 -1 -1 -1 -1 -2 -1 -2 -1 -1 -2 -1 -1 -2 -1 -1 -1 177967840 -2 -1 -2 998603402 -2 -1 -2 -1 -1 -2 -2 -1 -1 -1 -1 -1 401671815 -1 -1 -1 -1 -1 -1 -1 -1 104874058 -1 -1 -1 -1 -1 -2 918348967 -2 -1 -1 -2 -1 -2 -1 -1 -1 514333288 -1 -1 -2 -1 -2 -2 -1 -2 -1 -1 -2 -1 -1 -2 -1 135729285 -2 -2 -1 -1 -1 -2 -1 -2 -2 -1 -2 -1 -1 -1 -1 -1
-2 -1 -2 -2 -2 -1 -2 -2 -1 -1 -2 -2 -1 -1 -2 -1 -1 -2 -2 -2 -1 -1 -2 -1 -2 -2 -1 -2 -1 -1 -2 -2 -2 72050083 -1 -1 -1 -1 -2 -2 -2 -1 -2 103413188 -2 -2 520278916 -1 -1 -1 -2 238415496 -2 -1 -1 -1 -1 -1 -2 -1 -1 -1 -2 -2 888006510 -1 -1 -2 -2 -2 -2 839734192 -1 -2 -1 95668919 -1 -1 -1 -2 -1 -2 -1 -1 -2 403102197 -2 -1 -2 -1 -1 -1 -2 -1 -2 -2 585620145 -1 -1 -1 -1 -2 394026403 -2 -2 -1 -1 -1 -1 -1 -2 -2 -1 600403187 -1 -1 -1 -2 -1 -2 -1 -1 138080200 -1 -2 -1 -2 -2 -1
-1 -1 -1 -2 -1 -1 -1 -1 -1 -1 -1 -2 -2 661716513 -1 -2 -2 -2 -2 852278319 -2 -1 955298641 -1 -1 548210769 -1 -2 960257771 -1 -2 -1 -1 -1 -1 -1 -2 -1 -1 -1 -2 -1 -2 -1 -2 -2 -1 -1 -2 -2 -1 40223569 -1 -1 -1 -1 -1 -1 -1 -2 -2 -1 -2 -1 -1 -1 -2 -1 -1 -1 -2 -1 26033994 -1 -1 -1 -1 -1 -1 -2 -2 -1 -1 -2 -1 -2 -1 698816076 -1 -2 -1 -2 845998919 -1 648504692 -2 -2 -2 -2 39426062 -1 -1 -1 -2 -1 -1 -1 -2 -1 -2 -2 -1 -1 -2 -2 -2 -2 -1 -2 -2 154128757 -1 -1 405950124 -1 -2 -1 -2 -1
-2 -1 40242150 -2 -2 -1 -1 -1 -1 -2 -2 -1 -1 -1 -2 123829668 -1 -1 -1 -1 -2 -2 -1 -1 -2 -2 -1 -1 -2 -1 172290451 -1 -1 -1 313759001 -1 -2 -2 -2 -1 -1 530579974 -1 -1 -2 -2 -1 -1 -1 -1 915405762 -1 -1 -2 1286554 -1 -2 -2 -1 -2 -1 -2 -2 -1 -2 -1 -1 -1 -2 -2 -2 -1 -2 -1 -2 -1 -1 -1 -1 -2 -1 -1 -2 -1 -2 -1 -2 -2 -2 680066961 -1 -1 -1 -2 -1 -1 -2 -2 -2 -2 -2 346363993 -1 -1 -1 -1 -1 -1 953446384 -1 -2 -2 -1 -1 -1 840957730 -1 -1 -1 -2 -1 -1 -1 965328529 151386908 -1 -1 -2 -2
-1 -1 -2 -2 -1 -2 -2 -1 -1 -2 656085775 -1 -2 -2 -1 -1 -1 -2 -1 -1 -1 -2 -1 -2 -2 -1 -2 -1 -1 -2 -1 -1 -1 -1 -1 144466031 500973 50478082 -1 -2 -1 -1 -2 -1 -1 -2 -1 -1 -2 -1 -1 -1 -1 -1 -2 -2 32647835 -2 -2 -2 470546913 637332601 -2 -1 133366851 -2 -1 -2 -2 -1 -1 -1 -1 -1 -2 -1 -1 -2 -2 -2 -2 -2 -2 -1 -1 -2 -2 -2 -2 -2 -1 -1 -2 -2 -2 -1 -1 -2 -2 -1 -1 -2 -2 693997185 -1 -1 -1 -1 -1 937902431 -2 -1 -1 -2 -1 -2 -2 -2 -1 -2 136870049 92010000 -2 -1 -2 -1 -2 -1 -1
-1 -2 373748359 -1 -1 -1 -1 -2 -1 -2 -1 -1 -2 -1 -1 223911218 -1 -1 -2 -1 -2 -2 -2 -1 -2 593317121 -1 -1 -2 997531349 -1 -1 -1 -1 -2 21393943 -1 -1 -1 -1 459687354 987949031 -1 -1 -2 -1 -1 -1 -2 -2 -2 -2 -1 -2 -1 -1 131316651 -2 -1 -2 -1 -1 -1 -1 -2 -2 -1 -1 -2 -2 -2 -2 -1 -1 -1 -1 -2 -2 552293879 -1 833523649 -2 -1 -2 708195693 -1 -1 -1 -2 -1 -1 39654559 265899124 -1 -2 646241396 -2 -2 -2 -1 -2 -1 -2 -2 -2 -1 -1 -1 -2 -2 864115964 -1 -2 -1 -1 795757392 -2 -2 -1 -2 -1 -1 -2 -1 418330621 286121881 -2 -1 -2
-2 -2 -1 -1 -1 -1 -2 -2 -1 -1 -1 -1 -2 -1 48107761 633789581 -1 -1 -2 -1 -1 -1 -1 572528933 -1 -2 -1 -2 684982333 -2 -1 -1 -2 -1 82389842 -2 -1 -2 -1 -2 988214238 -2 -1 -2 -2 -2 -1 -2 -2 -1 -2 -1 -2 -1 -1 -1 -2 -1 -1 -1 -2 -1 -1 -1 -2 -1 -1 -1 622693140 703350194 -1 -1 -2 -1 -2 -2 -1 -1 -2 -2 130506928 -1 -2 597994331 -2 -1 -1 -2 -2 -1 -1 -1 -2 -2 -1 -1 -1 561526014 -2 -1 -1 -2 -1 -2 -1 -1 -1 -2 -2 -2 -1 -1 -1 -2 -1 -2 544470444 -1 -1 -1 -1 -2 628347243 -1 -1 -2 -1 -1 -2
-1 690594408 -1 -1 -1 -1 -2 -2 -2 -2 160823071 -2 -1 -2 -2 -2 403659851 -1 -1 -1 -1 839037426 -2 -1 -2 -2 -1 -2 -2 -2 -1 -1 -1 -1 -1 -2 -1 -2 -2 -1 -1 -1 -1 -1 -1 -1 -1 -1 -2 -1 -2 14089150 -2 -1 -1 -1 -1 179337603 -2 -2 -2 -1 -1 -2 -1 -1 -1 -1 -1 -2 -1 33682554 -1 -1 -1 -1 -1 -1 -1 -2 -1 -1 -2 -2 -1 -1 -2 -1 -1 -1 703514910 -1 -2 -1 54715296 -2 -1 -2 -2 -1 -2 -2 618555285 -1 316190216 -2 -1 -1 -2 -1 -1 -1 -2 -2 -1 -1 833543946 -1 -1 -2 -2 -1 -2 -2 -2 -2 -1 -2 -1
-2 -1 -1 -1 -2 48815922 -1 -1 -1 682550093 -1 9002935 -2 -1 -2 -2 -2 -1 -1 130362974 -2 -2 -2 -1 -2 -2 -1 -2 -2 -1 -2 -1 -2 -1 -1 -1 -1 96405172 -1 -2 -1 -1 -2 -1 -2 -1 -1 499562013 -1 -1 -1 -1 -1 -1 -2 982992686 -1 -2 -2 -1 -2 -2 -2 -1 -2 -1 -1 -2 -2 -2 -1 -1 -1 -1 -2 -1 -2 -1 -2 -1 -1 -2 -1 -2 -2 -1 -1 -1 -1 -2 -1 -1 -1 -1 -1 651156321 -2 -1 136959214 -1 -2 -1 -1 -1 877230993 -1 -1 -2 -1 -1 -1 201255612 -1 -2 -2 -2 -2 -2 -1 551900383 -1 957024323 696076877 -2 -1 834000765 -1 -2 -1
-1 -1 958532645 -1 -1 -1 -1 -2 -1 -1 -2 -1 -1 91386538 -2 -2 -1 -1 -1 -2 -1 -1 -2 -1 -1 384787934 -2 -1 485310280 -1 -1 -1 -1 -1 -1 -1 -2 -1 -1 -1 -2 -2 -1 -2 -1 -2 -1 -2 -2 -1 676751406 -1 -2 -1 -1 -1 -2 -1 -2 -1 -2 -1 -1 -1 -2 -1 -1 -1 -1 -2 -2 -1 -2 1643460 -1 -1 -1 -2 -2 -1 -1 -1 -2 -2 -2 -1 -1 -1 -2 -1 -2 -2 -2 72845093 -1 -2 -1 -2 -2 412571097 -1 872770095 -1 -2 -2 -1 388223088 -1 -1 131571114 -2 -2 -1 732701668 -2 -1 -1 -1 -2 -1 -1 -2 983404791 -1 -1 -1 -1 -1 -1
884378941 -1 -2 -1 -1 -2 -1 -1 -1 -1 399389054 -1 -2 -1 -2 332032752 -2 -1 -2 -1 -2 -1 -1 -1 -1 -1 -2 -1 134607183 -2 -1 -1 -1 -2 -1 94609426 -2 -2 -1 -1 -1 -2 -1 -1 797230608 -1 -2 -2 -2 -2 -1 -2 -1 -1 -2 -1 -2 -2 -2 -1 131134159 -1 -1 -1 -1 -1 -2 -2 562764661 -2 -1 -1 -1 -1 -1 -1 -1 -1 260352222 -1 -1 76322816 -2 -1 -1 -1 -1 -1 -2 -1 -1 -1 -1 -1 901472205 -1 -2 -1 -2 -2 -2 -2 -1 -2 -1 -1 41973184 -2 -1 -2 -1 -1 -1 -1 -2 -1 -2 -2 -1 -2 -1 -1 -2 736458753 -1 -1 -1 -1 -1
-1 522263521 -2 -2 -1 -2 -2 -1 -2 -2 -2 -1 -1 -2 -2 720769915 -1 -2 -2 -1 -1 525293640 140899299 -2 -1 -1 -2 410875174 -2 -2 630305548 -2 -1 -2 -1 -2 -1 -1 -2 -1 -2 -1 -2 -1 -1 -2 -1 -1 -1 432895686 378654751 -1 -1 -2 -1 -2 941857995 -2 -2 -2 -2 -1 -1 -2 743709135 -1 -1 -1 -2 -2 -1 -1 -2 -1 -2 -2 -1 -1 -2 -2 -2 -1 -2 -2 -2 -2 -1 -2 -1 -2 -2 -1 -1 952361957 -1 -1 -1 557285568 -2 -1 -2 -2 -1 -2 -1 -2 -1 -2 -1 -2 -2 -2 -1 -1 -2 -2 -1 -1 203408905 -2 -2 -1 -1 -1 -1 -1 -1 -1 -1
33831320 -1 -2 -1 -2 -2 -1 -1 -1 -1 -1 -1 -1 -2 -2 -2 -2 -2 -1 -1 -1 -2 -2 -1 -1 -2 -1 -2 -1 -2 736497345 -1 -1 -1 -1 -1 -1 -2 436625400 -2 -1 -1 -1 -1 -1 -1 -1 -1 114929691 358176128 -1 -1 606620204 -2 -1 -1 -2 -2 -1 -2 -1 -2 -1 255853805 -1 -1 -1 -1 -2 -1 630640251 -2 -2 -1 -1 -2 -1 -2 539340206 -1 -1 -2 121927464 -1 -1 -2 -2 -1 -1 -1 -2 -1 -2 -2 -2 -1 -1 -1 117088158 -1 -1 -1 -2 -1 -2 -1 -2 -1 -1 -2 -1 -1 892401673 -1 -1 -1 -2 -2 -1 -1 -1 -1 183105055 -2 -1 -1 -1 -2 -1
403838424 -1 -1 952103730 -1 -1 -1 -2 -2 -1 -2 -1 -2 -2 -1 -1 831437615 -1 -1 730588433 -1 -2 -1 -1 -2 -2 -1 -2 -2 -2 -2 442169684 -2 -1 -1 -1 -1 -1 -2 -2 -1 -1 -1 -2 -2 -2 -2 -1 -2 -2 -2 -2 -2 -2 -2 -1 -1 471809074 -1 -2 -1 -1 -2 -1 -1 -2 -1 -2 -1 -1 -2 -2 -1 -2 -1 -1 -1 -1 -1 -1 -2 -2 -1 -1 -2 411111068 215249852 -1 -2 -1 -1 -2 -2 -2 -2 -2 -2 -1 -2 -2 -2 -2 -1 -1 -1 -2 -1 -1 135760702 983211484 894767955 -1 263279818 -2 -2 -1 -2 558831998 -1 -1 -2 352513941 -1 -1 169315623 -2 -1 -1 -2
-1 -1 -1 -1 -1 -1 -1 -2 -2 -2 -1 -2 -2 -1 -1 -1 -1 -1 62144748 -1 -1 -2 -1 -2 -1 -2 -2 -2 972688221 -1 -1 894156158 -1 -2 -1 -2 287809499 -1 -2 -1 -2 -2 -1 -1 -2 -1 -2 -2 -2 -2 -2 -2 -1 250480454 -2 -1 -2 -1 -2 -1 -1 -1 988211786 -1 -2 -1 -2 -1 -2 -1 -1 -1 -1 -1 -2 -1 -2 -1 264897617 -2 -1 947137660 -1 -1 -2 -1 -2 322119 -1 -2 -2 -2 224756127 62380606 -2 -2 39220109 -1 -1 -1 -1 -1 -1 411950946 -1 -1 -2 -2 -1 -2 -2 -1 -1 -1 806639035 -1 -2 -1 -1 -1 -1 -2 -1 -2 -1 -1 -1 -1 -1
-1 -1 -1 -2 -2 -2 -2 -1 69863665 541182249 -2 -1 -2 -2 -1 -1 -2 -1 -1 -1 -2 -1 -1 -2 -2 -2 -2 -1 920169084 -2 -2 650297135 -1 878783049 123494035 -1 -2 -2 -1 -1 -1 -1 -1 -1 -1 -2 393616197 -1 -2 -1 619642213 -2 -1 -2 -2 -1 -1 -1 -1 -2 -2 -2 -2 -2 -1 -1 -2 300564990 -1 -2 -1 -1 -1 -2 797184218 -1 184079794 -1 -1 -2 -1 -2 -2 -2 -1 -1 -1 -1 -1 -2 -1 -2 -2 -2 -1 -2 -1 -2 -2 -1 -1 -2 -2 -1 -1 -1 -1 -1 -2 944794719 -2 -1 -1 -2 531302725 -1 -2 959660642 772873236 -1 -1 -2 -2 -2 653708356 -2 -2 -1 -1
-1 -1 -1 -1 -2 -2 571918222 -1 -2 -1 -2 -2 -2 -1 -1 -1 -2 -1 -2 -1 -2 -2 -1 -2 -1 332169307 -2 513325699 -2 -2 215576289 -2 -1 -2 -1 -2 -1 -2 296152959 384214456 535171351 -2 -1 -1 -1 -1 -1 -2 -1 -1 -2 -2 -2 -2 69388247 -2 -1 -1 -2 -2 -1 -1 -2 -2 -2 -2 -1 -1 -2 399970074 -2 -1 -2 -1 58633841 -1 -1 -2 -1 -2 -1 -1 -2 -1 -1 -1 -1 -1 -1 -2 -2 -2 -1 -1 -1 -2 -1 -1 -1 -1 -1 -1 -2 -1 746408828 -1 -2 -2 -1 -2 143560381 -1 -1 -2 -1 -1 -1 861297699 -1 -1 -1 -2 -1 -2 -1 -2 -2 -2 182658813
-1 -1 -1 -1 -1 -1 -1 354940074 -1 -2 -2 -2 714276445 806528048 -2 -2 156659015 7069639 -1 -1 -1 -1 -2 -2 -1 -2 -2 -1 -1 -2 -1 -2 -1 13782904 131768540 -1 -1 -2 -2 -1 -2 -2 639009991 -1 -1 -2 -2 470769323 323369706 -2 183129667 -1 -2 994254971 -1 935960040 -1 -2 -1 -2 -2 -2 -1 -1 -2 -2 -1 -2 -2 -2 -2 -1 -1 228516034 -1 -2 -1 -2 -1 714838441 -2 -1 -1 -2 -2 -1 -1 -2 177071105 -2 -1 -1 -1 -2 -2 -1 -1 848382092 -2 -1 -1 -2 -2 -1 -1 -2 -1 -1 -1 -1 -1 -1 -1 -2 -1 -2 -1 -1 -2 -2 -2 -1 -1 -1 -1 -2 -1 -1 240786063
-2 -1 -1 -1 931201096 -1 -1 -1 839889835 -2 -1 -1 -1 882986802 -1 -1 -2 -1 -1 -2 -1 -2 -1 -2 -1 -1 -1 -1 -1 -2 -1 -2 -2 -1 -1 -2 442318481 -2 -1 -2 -1 -2 854066271 -1 -2 -1 -1 -1 -2 -1 508047377 -2 122629774 -2 -1 -1 -2 409779192 -2 -2 -1 -2 -1 -1 -2 -1 -2 -1 -1 -1 -1 -1 -1 -1 -1 -2 -1 -1 -2 -2 -1 -1 -1 -2 -2 -1 -1 -1 -1 -2 -1 -2 -1 -2 -2 -2 -2 -1 -1 -1 -2 -2 -1 -1 -1 -2 -1 -2 -1 -2 -2 -2 -2 -1 -1 -1 443400729 -1 -1 -1 -1 -1 -2 -2 -1 -1 -1 -1 -1
23504165 -2 -1 -1 117531347 -1 -2 -2 -1 -1 -1 -2 -1 -2 599191475 -1 543880592 491434622 -2 -2 -1 -2 -1 -2 -1 -1 -2 -1 -1 -2 -1 -2 -1 -1 -2 -2 -1 103023352 -1 -1 -1 -1 701609621 -1 -1 -2 -1 -1 -1 -2 -2 -1 -1 -2 -1 -1 -2 -1 -1 -1 -2 -2 670353291 -1 -1 -1 -1 321516035 -1 -2 -1 -2 -1 -2 -2 -1 -1 -2 -2 -1 -1 -1 -1 -1 -1 -1 -1 -2 -2 -1 -1 -2 -1 -1 -2 -1 -1 -1 -2 925829205 77072534 -1 -2 -1 -2 -1 -1 -1 -2 -2 902942703 -1 -1 -1 -2 885183321 -1 -1 -1 -1 -1 -1 978269511 -2 -1 -2 -2 -1 -1
-1 -1 -1 -1 -2 -1 -1 -2 -2 -1 -2 -1 -1 -1 -1 -1 -1 -1 -2 -2 -1 -1 -1 -1 -1 -1 -1 -1 -2 -2 -1 -2 -2 -1 -2 902197331 -1 -1 734271566 785042419 -1 -1 -1 -2 -1 -1 -1 -1 -2 -2 -1 -1 -1 737820511 -2 -2 -2 -1 -2 -2 -2 -2 -1 -2 -1 -1 -1 -1 -1 -2 -1 784634883 -1 -1 -2 -1 173205471 -1 -1 101924850 -2 -2 -1 -2 -1 968448695 -1 -1 -1 -2 -2 -1 284902307 -1 19718158 -1 695174385 -1 -1 -1 -2 -2 -1 101216816 -2 -2 -1 -2 -2 -1 -2 -2 -2 457218267 -2 -1 -1 -2 -2 -1 -2 -1 -2 -1 -1 -1 -2 -1 -1
-1 -1 -1 -2 -2 -2 41134590 -2 -2 -1 -1 -1 -1 -2 751889240 -1 -1 -1 -1 -1 -1 926839296 -1 -1 -2 -1 -2 -1 -2 -1 -2 -1 473800068 -1 -1 -1 -1 -1 -1 -1 -1 281422121 -1 301477855 -2 -1 -1 -2 -1 -1 -1 -1 -1 -1 -1 -1 -2 -1 -1 -1 -1 -2 -2 138018815 -2 -1 -1 409354370 -1 -1 -1 -1 -1 -1 -1 -1 205453543 -2 -1 -1 3218999 -1 -1 -1 -2 -1 -2 -1 -1 -1 -1 -2 -1 -1 -2 -1 -1 -2 227964308 -2 -1 -2 -1 -1 -1 -1 -1 -1 -1 -1 -1 -1 -1 -1 -1 -1 -2 -1 -1 -2 -1 -2 390063177 -1 -1 -1 -1 -1 -1
-2 -2 -1 -1 -2 -2 -1 553207349 -1 -2 -2 -1 16664271 -1 842756466 -1 -1 -1 -2 -1 545614314 -2 -1 -1 -1 -2 -2 -1 -2 -2 -1 -1 835878837 -1 -2 -1 -1 -1 -2 -2 -1 -2 -1 -1 205528295 -2 210473904 -1 -1 -2 -1 -1 -2 -2 -2 -2 -2 -2 -1 -1 -2 -1 -1 -2 -2 -2 -2 -1 -2 -2 -2 -2 -2 -1 -1 -1 235530665 -2 -2 -2 -1 -2 -1 -1 -2 -1 -1 -1 -2 -1 -1 262040191 276494570 -1 -1 -2 -1 153191218 -1 -2 -2 -1 -1 -2 -1 -1 -1 -1 -1 -1 -1 -1 -2 -2 -1 158363350 -1 -1 -1 -1 -1 -1 -2 -1 -2 -1 -1 -1 -1
-1 -1 -1 -1 -2 -1 -2 -1 -2 -1 -2 -2 -1 -1 -1 -1 -1 -1 -1 -2 -2 -1 -2 -2 -1 87235228 -1 -2 -2 -2 -2 -1 -1 -2 -1 -1 -2 -2 -1 -1 -2 -1 -2 -2 748447491 -1 -1 41367698 371513461 -1 -1 -1 -1 -2 -2 -2 -2 -1 -1 332825803 -1 -2 973836468 -1 -2 -2 -2 -1 -2 -1 -2 -1 -1 -2 -1 -1 -1 -1 -2 -1 -1 -2 -1 -2 -1 -2 -1 -1 -1 -2 -1 -2 -1 -1 -1 -2 -1 -1 -2 -1 -2 -1 743255231 -1 -1 -1 -2 -1 -2 -1 -1 -2 -2 -1 -1 -2 -1 -1 -2 -2 -1 442330612 -1 -1 -1 -1 -2 -2 -1
-2 -1 -1 -2 -2 -1 -2 -2 -2 -1 963771167 -2 -1 908182402 -1 -2 -1 700930158 -1 -1 -1 -2 -1 -2 -1 950990760 -1 -2 -1 -2 -2 -1 -2 -1 -1 -1 -2 -2 -1 -2 -1 -1 -2 -1 -1 -1 76161688 -1 -1 -1 -1 -1 -1 -1 -1 538589956 -1 922176715 -1 -1 -2 839060570 -2 -1 -2 -1 -1 -2 -1 -2 -1 -2 -2 -2 -2 -2 -2 -2 -1 -1 -2 -2 -2 -1 -2 91270739 -1 -1 -1 -1 865831475 -1 -1 -1 -2 -1 -1 -1 -2 -2 -2 -2 -2 -1 -1 -1 -1 -1 -2 -1 -1 144263065 -1 -1 -2 -1 -1 -2 -1 -2 -2 -1 -2 -2 -1 -1 -1 -1 -1
-1 -1 -1 726543729 -1 -1 -2 -1 -1 -2 -2 -1 -1 -1 -2 -2 -1 -2 -2 -1 -1 -2 -1 -1 -1 -1 -2 -2 -1 -2 -1 -1 -2 -1 -1 -1 -2 -1 -1 -2 -2 425983290 -2 193596243 -2 -2 -1 -1 -1 -1 -2 -2 -2 -1 397383569 -2 -2 -2 -1 993707814 -1 -1 -1 583761032 -1 -2 727071178 -2 -2 -2 -1 -1 -1 -2 -2 -1 -2 -2 -2 -2 -1 -1 -2 680757299 -2 -2 -1 -2 -1 -1 -2 -2 -2 -1 -2 -1 -1 -1 -2 -1 -1 -2 -2 -1 -1 -2 -1 -1 -2 363536411 -1 -1 -1 -2 -1 -1 -1 -1 -1 -1 -2 -2 -1 -1 -2 -1 -1 -1 -1
-1 -1 -1 -1 -1 -2 -2 -1 -2 -1 -1 82243473 -2 -1 -2 -1 -2 -1 -1 -1 914328962 -2 -2 -1 -2 -1 -1 -1 -1 -1 -1 -2 -1 -1 -1 -1 -1 -1 -1 -1 -1 -2 -2 -2 -2 -1 -1 707990260 -2 -1 -1 -2 553649483 -1 -2 -1 -1 -1 -1 -1 -2 -2 -1 -2 -2 -1 -1 -1 -2 -1 -1 -2 -1 -1 -1 -1 -2 -1 -2 -2 -1 -2 -1 -1 -2 -1 -1 -1 -2 -2 -1 -1 -1 -2 588338440 -1 -1 -1 -1 -2 -2 59457744 594657240 -2 -1 -1 -2 -2 -2 -2 796841845 -1 -1 -2 -2 -1 -1 -1 -2 -2 -1 -2 -1 -1 -2 -1 -1 -2 -2
-2 -2 -2 -2 -1 -1 -1 -1 497997672 -1 -1 -1 -1 -2 -1 -2 -2 -2 -2 336042028 -1 -1 -2 -2 -1 -2 -2 -1 -2 -1 -2 -2 -1 -1 -1 -1 -1 -1 -1 -1 78773467 -2 -2 67898019 -2 -2 -2 -2 -1 -1 -2 -2 16654459 -1 -1 -1 -2 -1 -1 -2 -2 -1 -1 -2 -1 712238265 -1 -1 -1 -2 -2 95955136 -2 973987411 -2 -1 174520700 -1 -1 -1 -2 -2 -2 -1 194780670 -2 -2 -1 -1 -1 -2 -2 -1 -1 -2 -1 -1 829340374 -1 -1 -1 -1 -2 -1 -1 -2 -1 857737609 -1 -2 -1 -2 -1 -1 -1 -2 -2 -2 -2 -2 -2 -1 -1 -2 -2 -1 -1 -1 -1
-2 -1 -1 829409868 -2 -1 -1 121873852 -1 -1 -2 950947795 -1 -1 -2 -2 931345755 -1 -1 -1 -2 513806284 -1 67352384 -2 -1 404148051 -1 -2 -1 -2 -1 -2 -1 -1 -1 -2 -2 -1 -2 398104987 -2 -1 -2 151409353 -1 -1 -1 -2 -2 252661715 -2 -1 968716254 -2 -1 -1 915586427 -2 -1 -2 -2 -1 -2 -1 -2 -2 -2 -1 687634198 -2 -2 -1 -2 -1 20494270 -2 -2 -1 934193050 -2 -2 -2 -1 -2 -2 -1 -2 -2 -1 -1 -2 -1 -1 -1 -2 -1 -2 -1 -2 -2 -1 -2 -2 -2 -1 -2 -1 -1 -1 -2 -1 -2 -2 -2 -2 -1 -1 -1 -1 -1 -2 -1 -2 -1 -1 -1 -1 -2
-2 -1 -2 -1 -2 -1 -1 -1 -2 -1 -1 -1 -1 -1 899344709 -2 -1 753670975 -1 -1 237564626 955841799 -2 -2 -1 -2 -2 -2 -2 308035471 -1 -1 -1 691050762 -2 -1 -1 -1 -2 -2 904315623 -2 -1 -1 -1 -1 -2 -2 -2 -2 -1 -2 -2 -1 -1 -1 -2 -1 -1 -2 -2 -1 -2 -2 -1 785196418 -1 -2 -2 -2 -1 -1 -2 -1 -2 -1 -2 -2 -1 724527618 687961162 -2 -2 -1 -1 -1 -2 -1 -2 -2 -2 -1 -1 -2 -1 -1 -2 -1 -1 -1 -1 -1 -2 -1 -2 -1 -2 -1 -1 -2 -2 -1 -1 -1 -1 -2 -2 -1 -1 -1 -1 -2 -1 -2 -1 -1 341133298 -1 -2
-1 379957486 -1 -2 -2 -2 -1 -2 -1 -1 -1 -2 -1 -1 -2 -1 -2 -1 -1 -1 -1 -2 -1 -1 -1 -1 -1 487147158 -1 -2 -1 -1 429820419 -1 -2 -1 -1 -2 -2 -1 -2 -1 -2 -2 -2 -1 -1 -2 -1 -1 -2 -1 -2 740991202 599072377 -2 -1 -1 -2 -1 -1 996550054 -2 366116914 -1 -1 -1 -2 -2 -1 67928408 -2 316484082 -2 -1 -1 -1 -2 -2 -2 -1 -2 -2 627044435 -1 -1 -1 -1 -2 -1 499907757 -2 -1 -1 -2 -1 -1 -1 -1 -2 -1 -1 -2 -2 -2 -2 -2 -1 -1 -2 -1 -2 -1 -1 -1 -2 40632052 -1 -1 -2 -1 -2 -2 -1 901309714 761660908 -2 -1 -1
-1 -1 -1 -2 -1 -1 -2 -1 -2 -2 -1 -1 -2 -1 -2 -1 -2 -1 -2 -1 -2 -1 -1 -1 -1 -2 691633946 -2 -2 -1 -2 -1 -1 -2 -2 -2 -2 65205325 -2 -2 -1 -1 -2 -1 -1 -1 -2 -2 -2 -1 -1 -2 -1 -1 -1 -1 -1 -1 955493586 -2 -2 -1 -1 -2 -2 -2 -1 -2 -1 -2 -2 -1 -1 -2 -1 -1 767836525 -2 -2 -2 -2 -1 -1 -2 -1 -1 -2 -1 -2 -1 -2 -1 -1 -1 -2 -2 -2 -2 -1 -1 -1 -1 -2 -1 -2 -1 -1 -1 -1 -2 -1 -1 -2 -1 -1 -2 -1 -1 -1 -1 -1 -1 252457225 -1 -2 -1 -1 -1 -2
-2 -1 -1 568707110 -1 -2 -2 -2 -1 -1 -1 -2 -2 -1 -1 -2 -1 -2 -1 -1 -1 -2 -1 -2 -1 -1 -1 -1 -2 -1 -1 140139983 -1 -1 -2 -2 -1 -2 -1 -1 -2 -2 -2 -1 -1 -1 630823835 -1 -1 -1 -1 -1 -2 -2 434906162 -1 -1 -1 -1 -2 -1 -1 -2 -2 -2 -1 -1 -2 -2 -2 -2 -2 -1 67838458 -1 -2 -1 -2 -2 -2 969099880 513992782 -2 -1 -1 -2 402998035 -1 -1 806227279 -2 -2 -2 -1 -1 -1 -2 607914911 -1 -1 -1 -1 -2 -1 -1 -1 -2 -2 -1 -2 -1 -1 -1 -2 -2 -2 -1 -1 -1 -1 -1 -2 107683177 -1 -1 -2 -2 -1 -1
-2 -1 -1 -2 425300486 -1 -2 -1 -1 772023336 -1 -1 -1 -1 -2 -2 -1 -1 -1 -1 -1 -2 -2 793339669 -2 858734131 -2 -1 -2 -1 -2 -1 -2 -1 -1 -1 -2 -1 -2 -1 -1 -1 -2 -1 -1 32323308 -1 -1 -2 -1 -2 791277861 -1 -2 556636469 -2 -2 -2 -1 -2 118308533 -2 -1 -1 -2 -2 -1 -1 -2 -1 -1 137909909 -1 -2 -2 -1 -2 -2 -1 -1 -1 -1 591094009 -2 672231310 -1 -2 -2 -1 -1 -1 -1 -1 -2 -2 -2 -1 -2 -1 -1 -1 -1 -2 912191452 -1 -2 -1 -1 930825996 -2 -1 853656513 -1 -1 -1 -2 -2 -1 -2 -2 -2 -1 -1 -1 -1 -2 -2 -2 -1
-2 -1 -2 -1 78246387 -2 -2 -2 -2 -1 -1 -1 -1 133008109 -2 -1 -1 686519156 -1 -1 -1 255898383 -1 -1 -1 107369573 -1 -1 -1 -1 -2 -1 -2 -1 -1 -1 -1 -1 -1 -1 -1 -1 -1 -1 -2 -1 -2 -2 -2 -1 -1 -1 -1 -2 -2 -1 -2 -1 -2 -1 -1 -2 -1 -1 -1 -1 -1 -2 -2 -1 -2 -1 -1 -2 -2 -1 345294574 -2 -1 -2 493705989 995571954 -1 -1 -1 -1 -2 -1 -2 -1 -2 -2 -2 -1 341858370 -2 737140069 -2 -2 -1 -2 -1 -2 -1 -2 -1 -1 -1 -1 -1 -1 -2 -1 -2 17261530 -2 -2 -2 -1 -2 -1 -2 -2 -2 -1 -1 -1 -2 -2
-1 -2 -2 -2 -2 -2 669866261 -1 -2 -1 -1 -1 -2 -1 -1 -2 -2 -1 -1 -2 -1 -2 205849683 -1 -1 -1 -1 -1 -1 -1 -2 -1 -2 -1 -2 -1 441181456 -1 -2 -2 -2 -2 -1 -1 -1 -1 893053586 -2 -1 -1 -1 -2 -2 -2 -2 -1 -2 -1 -2 -1 -1 -2 -1 -2 793540753 -2 -1 -1 -1 -2 -1 -1 503350830 -2 -2 -1 -1 374454424 489029394 -1 -1 -1 -1 -1 -1 -1 -1 -1 -1 -1 624992073 -1 -2 -2 178719451 914542896 507288101 932849875 795203216 -2 -1 -1 223190540 -2 177417966 770599132 -2 -2 -2 -2 -2 -2 -2 -1 -2 -2 -1 -1 -1 -1 158505202 -2 -2 -1 -1 -2 -1 -2 -1
-1 -1 -2 -1 -2 -2 -2 -2 -1 -1 -1 -1 -1 -1 585892921 -1 -2 -1 -1 -1 -1 996767581 -1 -2 -1 -1 -2 -1 -2 -1 -2 -1 -2 -1 -2 -2 -2 -2 415020813 -1 -2 -2 -2 -1 -2 -2 -2 -1 -1 -2 354516423 612061509 -1 -1 -1 -1 -1 -1 -1 -1 -1 -2 -1 -1 -2 -1 -1 -1 -1 -1 -2 -2 -1 -2 -1 -1 -2 -2 -2 208823826 -1 -2 -2 -1 -1 611924052 -1 428900172 -2 -1 -2 -2 -1 -2 -1 -1 -2 47150632 117415949 -2 -2 -1 -1 -2 -1 -2 -2 -1 -1 -1 -1 -2 -1 -1 -1 -1 -2 -2 719633927 -2 -1 27762397 940809829 -1 -1 -2 -1 -1 -1
-1 -1 -2 -2 -2 -1 -2 -1 -1 -1 -1 -1 -1 -2 -2 -1 -2 -1 -2 -2 -1 -2 -1 -2 -1 -2 -1 -2 -1 -1 -1 -1 -1 -1 -2 -1 -1 -1 -1 -1 -2 -1 -1 -2 -1 -2 -1 -1 -1 969809051 -1 -1 -2 -1 -2 -1 -2 -1 -2 -2 12279125 492130110 -2 -2 -1 -2 -2 -2 -1 -1 -2 -1 -2 -1 -1 -2 -1 -1 -2 -1 -2 -2 -2 -1 -1 -1 -2 -1 -1 -1 -1 -1 -2 -1 -2 -1 -1 -1 -2 -2 -1 -1 -2 -1 -1 847928521 -1 -1 -2 -1 -1 -1 -1 -1 686076369 -1 -1 160761399 -2 -1 -1 -1 -2 -2 -2 -1 -1 -2 -1
-1 -1 -2 -2 -2 -2 888741068 -2 -2 -1 -1 -2 -1 -1 -1 -2 -1 -1 -2 -2 -1 -1 -1 -1 -1 -1 -1 -2 -2 -2 -1 -2 -1 -2 -1 -1 -1 -1 -2 -1 -2 -1 -1 -1 -2 -1 -2 -1 -1 -1 -1 516069597 -1 -1 -1 -2 -1 -1 -1 -1 -1 -2 -1 -1 -1 -1 -1 -2 -1 -1 -1 -1 -2 549488387 -1 -1 -2 -2 -1 -2 -1 -2 -1 -1 -2 -1 -1 -1 -2 -1 -1 -2 -1 -2 -2 -2 -2 -1 -1 -1 -1 -1 -1 -1 -1 -1 -2 -2 -1 -2 -2 -2 312917258 -1 -1 -1 -2 133414958 -1 -2 -2 -2 -1 -2 -2 624605805 -1 -1 -1
-1 -2 -1 -1 -1 -2 -2 441703618 -2 -1 -1 -1 -2 -2 -1 -1 -2 -2 -2 -1 -1 -2 -1 -1 -1 -2 -1 -1 -1 -1 -2 -1 -1 -2 -1 -2 -1 -1 -2 -1 -2 -2 -2 -1 -1 -1 -1 -2 -1 305452563 423453913 -1 207198905 744942714 77510251 -1 -1 -2 -2 54513365 -1 -1 -1 -1 -2 -1 -1 -1 -1 -1 -2 -2 -1 -1 -1 -2 -1 -1 -1 -1 -1 -1 -2 -1 -1 -1 796874075 -2 -2 342449197 -2 -2 -1 -2 -2 -2 -2 -1 -1 -1 269761628 -2 -1 -1 -2 -1 -1 -1 -2 -1 -2 -1 -1 -1 -2 -1 -1 -1 -1 -1 -2 -1 -1 -1 -1 4732450 -1 -2 -2
-1 566436247 -1 -2 -1 925168293 -2 -1 -1 -1 -1 57597851 -1 -1 -2 -2 -2 20530549 -2 -2 -1 -2 -1 714503059 -1 -1 -2 -2 622771530 -1 -2 -2 124331812 -2 -2 -1 -1 -1 -2 188426578 -1 -2 -1 893543511 -2 -2 -1 -2 -1 172396067 -1 30928462 -1 -1 50225267 -1 -2 -1 606057038 -1 -1 -2 -2 -1 -2 -1 -1 -1 -1 -2 -2 -2 -1 -1 -1 -1 -1 -2 -2 -2 -2 -1 -1 -1 -2 -1 -1 -2 -1 -1 -1 -1 -1 -2 -1 -1 -1 -1 -1 -1 -2 -1 -1 -1 970107216 975741005 -1 -1 -2 -1 -1 225404153 -1 -1 -1 -2 -1 -2 -2 -1 -1 -1 -1 -1 -1 -1 -2 -1 306145196
-2 992226775 -1 -1 540583123 659159751 -1 -2 -2 -1 -1 -2 575408219 180739867 25716113 -1 94493811 -1 -2 -1 372279948 -1 537565500 -2 -1 -1 -2 -1 -1 -2 -1 -2 -2 -1 644042253 -1 -1 -1 -2 12628178 293640268 85881119 -2 -1 -2 -1 -1 -1 -1 -2 -2 -2 -1 -2 -1 -2 -1 -2 -1 -2 -2 -1 -2 -1 -1 -1 -2 -2 -2 -1 -1 -2 -1 -2 -2 -1 -2 -1 -1 -1 -2 -2 -1 -2 -1 -2 958058786 -2 873347945 -1 -1 -2 -1 -1 -1 -2 -2 -2 -2 -1 -1 -1 -2 -2 -1 -2 -2 632645444 -2 -1 -1 -1 -1 -1 -1 -1 -1 -1 -2 -1 -1 803262655 -1 931033042 -1 -1 -1 -2 -1
-1 -2 -1 -1 -2 -2 120808793 -1 -2 -2 -2 -2 -1 -1 184516809 -1 -2 -2 -2 -2 -2 -2 -1 -1 -1 -1 -2 91018816 -1 -1 74289151 915353917 -1 -1 -2 -2 422282679 217259608 -2 -1 -2 -2 -1 -2 300993271 -2 -1 -2 -2 -1 -1 -1 -2 -2 586922272 -1 -1 -2 -2 951430761 -1 -1 -2 -2 -2 -2 -1 -1 -1 -2 -1 -2 -2 -1 100332257 -1 -1 -2 -1 -2 -1 -2 -1 -1 144791764 -1 -1 -1 -1 -1 -2 308595701 -1 -2 -2 -1 982979969 116961328 823361074 -1 -1 -2 -2 -1 -1 -2 588352256 866041306 -2 -1 -2 -1 -2 -2 -1 13280776 -1 -1 -1 -2 -2 -1 -2 -2 -2 -1 -1 -1 -2
-1 -2 -1 -1 -1 -2 -1 967671002 -1 -2 -1 871692839 -2 -2 -1 -1 -1 -1 -2 -1 -2 -2 -1 -1 -1 -2 -1 -1 -1 -2 -1 -1 -2 660837343 -2 -1 -1 45263209 -1 -2 -1 -1 887422483 -2 -1 -2 471794462 -2 426735710 -1 -2 -1 -1 -2 968066489 -1 121185786 -1 -1 -2 -1 -1 -1 -2 -1 -1 -2 -1 -2 -1 -1 -1 -2 -2 -2 310494830 -2 -1 426999118 -2 705272798 -1 -2 -2 -2 -1 -1 -2 -1 -1 494105919 -2 -1 4691334 -2 -1 -2 -1 -2 -2 -2 -1 -1 -2 -1 -1 -2 -1 -1 169834180 -2 -1 -1 -2 -1 -2 -1 -2 -2 -1 -2 -2 -1 -1 -1 -2 -1 385393146 -1
-2 -2 266661667 -2 740749513 -1 -2 -2 145146167 -1 -1 -1 -2 -2 -1 -1 -1 -1 -1 -2 -1 -2 -1 -2 -2 -2 -2 -1 -2 716525601 -2 -1 -2 -2 -1 -1 -2 -2 -2 -1 -1 -1 -1 -2 -2 -1 -2 740564180 -2 -2 -1 -2 -1 -1 -1 -2 -2 -1 -2 -1 -1 -2 -2 -1 -1 -1 -1 -2 -2 -1 -2 -1 -2 -2 -2 -1 -2 -2 -1 -1 -2 -1 -1 -1 -2 -1 -2 -2 -2 255186411 -2 -1 -1 -2 -1 -1 -2 -2 -1 -1 -1 -2 -2 -2 -2 -1 -1 -1 -1 -1 -1 -1 -2 -2 -2 -1 -1 -1 -1 -1 -1 -1 -1 -1 -2 -2 -2 -2 -1
-1 -1 -1 -1 -1 -1 -1 -2 -1 -2 -1 -1 -1 -1 -2 -2 -2 -1 -2 -2 -2 -2 -1 -2 89439838 -1 -1 904866329 -1 -1 -1 -1 -1 -1 -1 -2 -2 -1 -2 -1 -2 -1 -1 -2 -2 -2 -1 -2 -2 -2 -1 -1 -2 -1 -1 -1 -2 -1 303194480 -1 -1 -2 -1 -1 -1 -1 -1 -2 -2 -2 -2 -1 -1 447734862 213826511 -1 -1 -1 -1 -1 -2 540335128 -1 -1 -2 -1 -2 -1 185509394 -1 -1 -1 -1 -2 -1 -1 922859972 -1 -1 -1 -2 -2 -1 -1 -1 -1 -2 -1 -2 -2 -1 -1 -1 -1 -1 -1 -1 -1 -1 -2 -2 -1 -1 -2 -1 -2 -1 -1 -2
-1 -1 580176760 -2 -2 -2 103320471 -1 673528824 -2 -1 -1 -1 -2 534638169 -2 29388422 -1 -2 -2 -1 -1 -1 -1 238443639 -2 -2 -1 -1 -2 -2 -2 -1 -1 977278550 -1 -2 -1 -1 -1 -2 -1 -1 -2 -2 -1 -1 -1 -2 -2 -1 -2 -1 -2 -2 -1 -2 348989769 -2 -2 -1 -1 -2 -2 -2 -1 -2 -1 -1 -1 -1 -2 -1 102967067 833085027 -1 -2 -1 -2 -1 -1 -2 282900313 -2 -1 -1 357676105 860857128 -2 -1 -1 -2 -1 -1 -1 -1 -1 -2 778577394 655047950 -1 -2 -1 -1 -2 -2 -2 -1 -2 -2 -1 -1 -2 -1 -1 -2 -1 -1 -2 -2 -2 -2 -1 -1 -1 -2 -2 -1 -2
835128079 11631535 -1 -1 -1 -2 -2 -1 -2 -1 -1 -1 -2 -2 517727131 -1 -1 4673646 -2 -1 -2 -1 -1 -1 -1 -2 -2 -2 -1 -2 -1 -1 -2 -2 -2 -2 -2 -1 -1 -1 -1 -1 -2 -1 -2 927953427 -2 -1 -2 610494709 -2 -2 -2 -1 -2 -2 -2 -1 -1 -1 -1 -1 -1 -1 551678001 -2 -1 -1 -1 -2 -1 -2 -1 -2 -1 -1 -2 -1 -2 -1 -1 -2 -1 63365649 -1 -1 -1 -2 -1 -2 -2 -1 -2 -1 256849116 607034540 -1 -1 -1 -1 -2 -2 -2 -2 149326964 -2 -1 -1 -2 -1 -2 -1 -1 -2 -1 -2 -2 -1 -2 -1 -2 664766494 -1 -2 -1 -2 -1 -2 -2
-1 -2 -1 -1 -2 -2 -1 -1 -2 -1 -1 -1 -2 -2 -1 -1 -1 -2 -2 -1 -2 -2 -2 -1 -2 160010094 -1 -2 -2 -2 -2 -1 -1 -2 -2 -1 -1 -1 -1 -1 -1 73533366 -1 521525024 -1 -1 -2 -1 -1 -1 -1 -2 -1 -2 -1 -2 -1 -1 -2 -2 -2 -2 -1 -1 -2 -1 -1 -1 -1 -2 -1 -1 -1 -1 342574494 -2 -2 -2 -1 -2 -1 -1 734671846 -1 -2 -1 -1 -2 -1 -2 981720090 -1 -1 -1 -2 -1 -1 -2 -1 -1 61271582 -2 -1 -1 -1 -1 -1 -1 -1 -1 -2 -1 -1 -2 51887768 -2 -1 -2 -2 -1 -1 -1 -1 -2 -2 -1 -2 -2 -1
-2 -2 -1 -2 -2 -1 908434823 -2 -1 -2 -1 -1 757491511 -1 -1 -1 -2 -2 -1 -1 -1 -1 -1 -1 -1 -1 -2 -2 -1 -2 829505343 -1 -1 -2 -2 -2 -1 -1 -1 -1 -1 -2 -1 -2 -2 -2 -1 -1 -2 -1 -1 -1 -1 -2 -1 -2 -1 -2 413289105 -1 -2 -2 -1 -2 -1 538129213 -1 -1 -2 388253832 -1 -1 -1 -1 -2 -1 -1 -1 -1 -1 -1 905531431 -1 -1 -1 -1 405230915 -1 -1 -2 -1 -2 -2 -1 -2 -2 -1 -2 397520309 -2 -1 190158844 -2 -2 -1 -2 -2 -2 700950569 -2 -2 -1 -2 -1 542788334 -2 -2 -2 -2 -1 -1 -1 -2 -1 -2 -1 -2 -2 -1
