69 93
-1 -1 -2 -2 -2 -1 -1 -2 -1 -1 -2 -2 367295802 143570643 -2 336717531 -2 -2 -1 -2 -2 -2 -1 -2 -2 -2 781037709 -2 -2 -1 -1 -2 -2 394633381 -1 -2 -2 -2 -2 -2 -2 722521724 -2 -2 -1 -1 -2 -1 -1 -2 -2 -2 -2 -2 -2 -1 -2 96695278 -2 -2 -1 -2 -2 -1 -2 -1 -2 -1 -2 -1 -2 -1 -2 -2 -2 -2 -2 -2 -2 -1 -2 -1 -1 -2 -2 984678917 -2 -1 -1 -2 989442806 -2 -1
-1 -2 -1 -2 -1 -2 -1 -1 -1 -2 106587330 -2 775020499 -1 -2 -2 -2 -1 -2 -1 -2 -2 -2 -1 -1 -2 -1 -1 -2 -1 -2 -2 519554383 -1 -2 -1 -1 -1 -2 -2 814990499 -1 -2 -1 175158392 984392899 284837843 -2 -1 -2 -1 -2 -2 -2 -2 -1 60322566 947252622 833652484 80015139 -2 -1 -1 -2 -2 -1 -2 -1 -1 -2 -1 -1 -1 -2 576309530 -1 -2 68544413 -1 -1 -1 -1 -1 -2 -2 -2 -1 -2 -2 209046768 -2 48982114 -1
-2 -2 -1 -1 -1 -1 -2 -1 -2 -2 914164193 -1 -2 -2 -1 -2 -1 -1 -1 -1 391573971 -1 -2 -2 -2 -2 -2 52818994 -2 -1 -2 -1 -1 -2 -2 -2 739156236 -2 -2 -2 -2 -1 -1 -1 -2 -1 -2 -2 -2 -1 996981432 -1 738431230 -2 -2 -1 -2 -1 -1 -1 -1 -2 -1 -2 -2 215799138 -2 -1 -2 -1 431906195 543605424 -2 -1 -1 -2 -1 -1 -1 187772800 994186318 -1 -2 -1 -2 -2 -2 -1 -2 -1 835783955 38850675 -2
-2 -2 -2 -2 125326491 -2 -2 -1 -1 -2 -1 497083595 -2 -1 -2 -1 -1 -2 -2 -2 -2 -2 -2 456679951 -2 -2 -2 -2 -2 -1 -2 -1 -2 -1 -2 -2 -1 -2 -2 -2 -2 -1 -1 -1 -1 -2 -1 -2 -2 -2 -1 -2 -1 -2 -1 -1 -2 223611529 -1 -1 -2 -2 -2 -1 -2 -1 -2 -2 -1 -1 -1 -1 -1 -2 -1 -2 -1 -1 -2 -1 -1 -2 -2 -2 -2 -1 -2 -2 -2 -1 -2 572718330 -2
-2 -1 -2 -1 -2 20237638 -2 -1 -2 -1 -1 733945384 -1 -1 -1 -2 -2 -2 -2 -2 -2 -1 -1 -2 -2 -2 722819035 -1 -2 -2 -2 -1 -1 -2 -2 -2 -1 -2 -1 -2 -1 -2 -1 -1 -2 -1 -1 231028568 -1 -1 -1 -1 -2 -1 -2 -2 -1 595640509 -1 -2 -2 -2 -1 -2 -1 -1 -2 -1 -2 -2 -2 -2 -1 -2 -2 -1 -1 700958201 -1 -1 -1 -2 732210333 -1 -2 -2 -1 -1 -2 -2 -2 -1 -2
-1 693066272 285647504 -1 -2 -2 -1 -2 -2 -1 -2 -1 -2 -1 -2 -2 -1 -2 -1 -2 -2 -2 -2 -2 -1 -2 -2 -1 -2 -2 -2 -2 -1 -1 -2 238717017 -1 -1 -2 -2 -2 -2 -2 -1 -2 -1 -1 -1 -2 -1 -2 -2 -1 -2 -2 -2 -2 -2 -2 -2 -2 -1 -1 -2 -1 -1 -2 -1 -1 -2 -1 -2 -2 -2 -1 -2 -2 -1 -1 -2 -1 -1 -2 -2 273233671 -1 -1 -2 -2 -2 -2 -1 -2
335782590 -2 -1 -1 -2 -1 167624299 -1 -2 -2 -2 -2 -2 -2 -1 -2 -1 -1 -1 -2 -1 -2 -1 -1 -2 -2 -2 -2 -2 -2 843634683 -1 -2 238231784 -2 -2 -1 -2 954681967 -2 -1 -1 -2 -2 -1 -2 -1 -1 -2 -2 -1 -1 -2 -2 -1 643980208 -2 -2 -2 -1 -2 -2 -2 204579622 -1 -2 -2 -1 -2 -1 -1 650609377 -1 -1 -1 -1 -1 -2 -2 -2 407064167 -2 -1 -1 -1 -1 558365777 -1 -1 -1 -2 -2 -2
-2 -2 -1 -2 -2 -2 899787163 -2 -1 -1 -2 -1 -2 -2 -2 -1 -2 -1 -2 670502649 -1 -1 -1 853497163 -1 -1 -1 -2 -2 -1 -1 -1 -1 -1 -2 984013641 -2 -2 -2 -2 -1 -2 -1 -2 -2 -2 -1 -1 -1 -1 -1 -1 -2 -1 -1 -1 -2 -2 -1 -2 -2 -2 -2 693489529 -1 -2 -2 -1 -2 -2 -2 -1 -2 -2 -1 -2 -2 -1 -1 -2 -1 -1 -1 -2 -2 -1 -1 -2 796606108 -2 -2 -2 -2
-2 -2 -2 -1 -2 -2 -2 -1 886109498 -1 -2 -2 -2 -2 -2 -2 -1 -2 -2 -1 -1 -1 -2 -2 -2 -2 -1 -2 534397205 -1 -1 -2 -1 -1 -2 574550661 -2 -1 -1 -1 -2 -1 -2 -1 -2 -1 -2 -2 52388846 -1 -2 -1 -1 -2 -2 -1 -1 -1 -2 -1 -2 -2 -1 -2 -2 -2 -2 -1 -2 -1 759955290 -2 -1 -2 -1 -2 -2 -1 -1 -2 -1 -1 -2 -1 -2 -1 -1 -2 -2 -2 -2 -1 -2
-2 -1 -1 -1 -2 -1 -1 -1 -2 -2 -1 -2 -2 -2 -2 -1 -2 -2 502030191 -1 -2 -2 -1 -1 -1 -2 -2 -2 -2 -1 -1 -1 -2 -2 -1 -1 -2 -2 -1 688105123 -2 -1 947365199 -1 916453185 914825137 -1 -2 -2 -1 -2 -2 -2 -2 -2 -1 -2 -2 -1 -2 -1 -2 -2 -2 318266032 -1 -1 -2 -1 -2 -1 -2 -2 -2 -2 -2 -1 -1 -1 -1 -2 -2 -1 -2 -2 -1 -2 3248249 -2 -2 -1 -2 -2
-1 -1 -1 -2 -1 -2 -1 -2 -1 704298599 -2 -2 -1 -2 -2 -1 -2 -1 -2 -1 -1 -2 -1 517484130 -2 -1 -1 -1 -2 -2 -2 -2 -2 -1 -2 -2 -2 -2 -2 -1 -2 -2 -2 -2 -1 -1 -2 -2 -1 -2 -2 -1 -2 -2 -2 -2 -1 -2 -2 -1 422773894 -2 -2 -1 194785307 -1 824559419 667954361 -1 -2 -2 -2 -2 -2 -2 -1 84600137 -2 -1 138446785 345240145 110651230 -1 634424064 -1 -2 -1 -1 -2 -2 -2 -2 -2
188760098 -2 850893122 -2 -1 -2 -1 -1 -2 -2 -1 -2 -1 105460200 -2 -1 -2 -2 -1 -2 -2 -1 -2 -2 -2 -2 -1 -2 -1 -1 -1 -2 -1 -2 -2 -2 179220489 -1 137800478 -2 -2 -1 -1 -2 -1 -1 -2 -1 -1 -2 17362280 -1 -1 -2 -2 -2 -2 -1 -1 -2 -1 -2 -2 -2 -2 156206299 -2 -2 -2 -1 -1 -2 -1 -2 -1 -2 -1 -2 -1 -1 -2 -2 -1 -1 -1 -2 -1 -2 -1 -1 -1 -2 -2
-2 -1 -1 -2 -1 -1 -2 -1 -2 -1 -1 -1 -1 -2 -1 -2 -1 -2 -1 -1 -2 -2 -2 -2 -1 -1 670191288 -2 -2 242524766 -2 -1 -2 -2 -2 -2 -2 -1 -1 -1 344250608 -1 -1 -2 862471525 -2 -2 -1 -2 -2 -1 -1 -1 -1 -1 -2 -2 -1 -1 -2 -2 -2 -2 -2 -1 -2 -1 -2 -1 -2 -2 -2 -2 -1 -2 -1 -2 -2 -2 -1 -2 -1 -2 -1 854897087 -2 -1 -1 -2 -1 -2 -1 -1
-1 -2 -1 -2 -2 -2 -1 -2 -2 -1 -2 -1 -1 621358531 -2 -1 -1 -1 -1 -2 -2 -1 -1 -2 -2 -2 -2 -2 -1 -2 -2 -1 102273854 -2 -1 -1 -2 -1 -1 -1 -1 -1 -1 -2 -2 -2 -2 -2 -1 -2 -1 -1 121445284 -1 -2 -2 -1 -2 -2 -1 -2 -2 -1 -2 -1 678230435 -1 -1 -2 -1 -1 -2 -1 -2 -2 706974274 -2 -1 -2 -2 696366911 -2 -2 -2 -2 -2 -2 -1 -1 -1 -1 -1 -2
-1 -2 554933873 -1 -2 -1 -1 -2 -1 -1 520771602 406286730 -2 -1 -1 -1 310936054 -2 -1 -1 -1 -1 -1 -2 -1 -2 -1 -1 -1 -1 -2 -2 -2 381801345 -2 -1 -1 489776055 -1 -2 512596946 -1 -2 -2 -1 -1 -2 -1 -1 -2 -1 -2 -1 -2 829635012 -1 592516932 -1 -2 -2 -1 -1 -1 -2 -1 -2 -2 -1 -2 -1 -1 -1 -2 -1 -1 -2 -1 -1 -1 -2 -2 -1 -1 -2 -2 -1 -2 581226731 -1 -2 662226342 -1 -2
-1 -1 724642655 -2 -1 -2 891999495 -2 -2 -2 -1 -2 -2 -1 -2 -2 -2 -2 -1 -1 -2 -1 431214448 -2 238857366 -1 -2 -2 -2 -2 -2 -1 496928168 182011528 -2 -2 -1 -1 -2 -1 -2 -1 -2 -2 177475871 -2 -2 -2 -2 -1 -1 -2 278387764 -2 -2 -2 -1 -2 108507301 -2 -1 -1 -2 -2 -1 -1 -2 -2 -2 495207185 -2 -1 -1 -2 -2 -1 -1 -2 -1 -2 122358648 -2 -1 -1 -1 -1 -2 -2 -2 -1 -2 221737241 -1
-2 -1 -1 -2 866088783 -1 -2 -2 -2 -2 -1 -2 -2 -2 -2 -2 -2 -2 -2 -1 -1 561048943 -2 -2 387083453 -1 -2 -1 -2 -1 -2 -2 468875931 -1 -1 -2 -1 -2 -2 -1 -2 -1 -2 -1 616698502 -1 -2 -2 -2 -2 -2 -1 918610821 -2 -1 346619636 -2 -2 -1 -2 -1 -2 -1 -2 -1 -2 -2 -1 -2 -2 435861172 -2 -1 -2 -1 -2 -2 265587179 -1 -2 472157464 -1 -1 -1 -2 -1 935250362 -1 -2 -1 -1 -1 -1
-2 -1 -1 -1 -2 -1 -1 -2 -2 -2 -2 -2 761681336 -1 -1 515458573 -1 -2 -2 -2 -2 -2 -1 -2 -1 -1 -2 -2 -1 236862625 -1 -2 -2 -1 377687191 -2 -1 -1 -2 -1 -2 -1 -1 -1 -1 -2 -1 -2 -2 -2 -2 -1 -2 -2 929159760 -1 -1 77951918 -2 -2 -1 893372885 -1 -1 -1 -1 -2 -2 -1 -1 -2 -1 -1 -1 -2 -1 -1 -2 -2 -1 -1 -2 -1 -1 -1 -1 -2 -1 -1 -1 -1 -1 -1
-2 172807972 -1 -2 -1 -2 -1 -2 831132119 -2 -2 -1 -2 -1 -2 -2 -1 -2 -2 60314341 -1 -2 -2 -2 -2 -2 -1 -1 -2 -1 -1 -1 -2 -2 -2 746279503 -1 -2 -1 -1 168152283 -2 -2 -1 -1 -2 -2 -2 -1 -2 -2 -1 -2 -1 -2 -2 -1 -1 -2 -2 558128056 -2 -1 -2 -1 -1 -1 -2 -1 -2 -1 -2 733209459 -2 -2 -1 -2 -2 -2 -2 -1 -2 -1 -1 -2 -2 -1 402588653 -2 851408853 -2 -2 444594916
-2 -1 -1 -1 -1 -2 -2 -1 -2 896121343 -2 -1 -1 636069466 -1 -1 -1 -2 -1 -1 28669449 -2 -1 -2 -2 -2 -1 -2 -1 -2 -2 -2 -2 -2 -2 -2 -1 -2 -2 -1 -1 88648988 -1 -2 -2 -2 -2 101436042 294239674 -2 -1 -1 -2 -1 616822480 -2 -2 -2 119168638 -1 -2 -2 -1 -1 -2 -2 -2 -1 -1 -2 -2 696521379 -1 -1 -1 907705280 -2 -2 -1 -1 -2 -2 -2 -2 -2 -1 -1 -1 705062901 379780655 -2 -2 -1
-2 -2 -1 -2 -2 -1 -2 -2 -1 -2 -1 -1 -2 -2 -2 -2 624286528 -2 -2 -2 -1 -1 -1 -1 465910026 -2 -1 -1 -1 -2 -1 -2 -1 -1 825093060 -1 -2 756904600 -1 -1 -1 -1 -2 -2 -2 -2 -2 -1 -2 -2 -2 -1 -2 -1 -1 -1 -1 -2 -2 274277269 -1 -2 -1 -2 -1 -2 -2 -2 -2 -2 -1 -2 126783730 -2 -2 -2 -1 -2 -2 -2 -2 -1 -1 -2 -2 -1 -1 -2 -1 -2 -2 -2 -1
-2 -1 708065387 -1 -1 339255545 9887877 -2 -1 -2 -1 -2 -2 761009096 -2 -1 -1 -1 -2 153629165 -2 -2 -2 -1 71600028 -2 -2 -1 19777959 -2 14947182 -2 -2 -2 -2 -2 -2 -2 -2 -2 -1 -2 -2 -2 790042089 -2 -1 -1 -2 -2 -2 -1 -2 -2 -2 -2 -2 -2 -2 -1 83813788 -2 -2 818174112 325656041 -1 -1 -2 -1 -1 -2 -2 -2 -2 -2 769299652 -2 -1 886486274 -2 -2 -1 -2 -1 -2 590514982 -2 -2 -2 -1 -1 -2 -2
-2 335790012 -1 -1 -1 -2 -2 -1 -1 -1 -1 -2 -1 -2 -2 -2 -2 -1 -1 -1 -2 -1 -1 -2 -2 -2 -1 -1 -1 -2 -2 -1 -2 -2 -2 -1 -2 408376588 -2 -1 -2 -2 -2 -2 -1 -2 -1 -1 -1 -2 -2 -1 325328185 -2 -1 -1 -1 -1 -1 -1 -2 -2 -2 -1 63727949 -2 776055090 -2 -1 -2 -2 -1 -1 -2 -1 -2 -2 -2 -1 -2 -2 -2 -1 726740516 -1 -2 989914573 -2 -1 -1 -2 -2 -1
-2 -2 -1 -1 -1 -2 -2 -2 510529039 -1 -2 -2 -1 -2 -1 -2 -2 -1 -2 -1 -1 -1 -2 -1 -2 -1 -2 -2 -1 -2 -2 -2 -1 -1 124030075 -1 -1 -2 -2 -2 -2 -1 -1 -1 -1 -1 -2 -2 -2 -2 -2 -1 -1 -1 553596773 -1 480668899 -2 -1 -2 923802343 -2 58071390 -1 -1 -1 -2 -2 -2 -2 -2 -1 -2 -1 -1 -1 -1 -2 -2 -2 -2 -2 808759640 -2 -2 -2 -2 -2 -1 -1 -2 -2 -2
-1 -2 -1 -1 10391763 -2 -1 -2 -2 -2 78309300 -2 -2 -2 -1 -1 -2 -1 868725643 -1 -2 -2 -1 -1 -1 159130666 -1 -1 -1 -1 -1 -1 -1 -1 -1 -1 -2 -2 -2 -1 891752159 -2 -1 -1 -2 -2 -1 -1 -2 -1 -1 600222414 -2 114867472 -1 -1 -2 -1 -2 -1 -1 -1 -2 -2 -1 -2 -2 -1 -1 -1 -2 -1 -2 -1 -2 -1 -1 -1 -2 -2 -2 -2 -2 -1 -2 -1 -1 -2 -2 -1 -2 -2 -1
-2 -2 -1 569024587 -2 -1 -1 -2 -2 -2 -1 -2 -2 -1 -2 -1 -1 -1 -2 -1 -1 -2 -2 -2 -1 -2 305429585 -1 -1 -1 -1 -1 -2 -1 -2 -2 -2 -2 -2 -2 -2 -1 -2 -2 -1 859217408 -1 -2 -2 -2 -1 -1 -1 -2 -2 -2 -2 11881044 -2 -1 -1 -1 -2 -2 -1 -2 -1 -1 -2 138227732 -1 -1 -2 957194478 -2 -1 -2 -1 -1 -2 -2 -2 -2 -1 -1 -2 754823155 -2 -1 -1 936854402 -2 -2
-1 -2 -1 -1 -1 -2 -2 -2 -1 -1 -2 -2 860361027 -2 -2 -2 -2 607199352 862319439 -1 -1 -2 492524316 -2 -2 -2 300961648 -2 -1 -2 -2 -1 -1 -2 -1 -1 594788502 -2 904054333 -1 -2 -2 -2 -1 -2 -2 -2 -1 -2 862145474 -1 837801192 -1 -2 -1 -1 -2 -1 862596481 -1 -2 569386211 -2 -1 -2 -2 -1 -2 -1 -1 -2 -2 -1 -1 -1 -2 -1 -2 -2 -2 -1 288447976 -1 79496492 -2 -1 -1 -1 -2 -2 -1 627535509 -2
-2 -1 -2 -1 -2 -1 -2 -2 -2 -1 -2 -2 772317505 755804153 -1 -2 -2 -1 -1 -2 -2 -2 -1 -1 -1 -2 -1 -1 -2 651354354 -2 -1 -1 -1 -1 -1 -2 -2 -2 -2 -2 -1 -2 -2 -1 -2 -2 -1 -1 -2 -2 -2 -1 -2 -1 -1 192659937 -2 74454236 -1 -2 -2 -2 -2 -2 -2 -1 -2 351412517 -1 281648045 -2 -2 -2 -1 -2 -1 -2 -2 -1 -1 -2 -2 -2 -1 909049754 -2 -2 -1 -2 -2 -2 -1
-2 -2 -2 -1 -1 -2 494326311 -2 -2 -2 -2 -2 -2 -2 -2 -2 -1 -2 -2 -2 -2 -1 -1 -1 -1 -1 -2 -2 -2 -2 21007781 -2 -1 -1 -2 66757728 -2 -2 -1 -2 -2 -2 -1 -1 -1 -2 45458873 -2 815588727 -2 -1 -1 -1 -2 -1 -2 -2 -2 -1 -2 -2 -1 -1 -2 688764192 -1 -1 -1 -1 -2 -1 -2 -2 -2 -1 -2 -2 -1 -2 -1 -2 -2 -1 -1 -2 -1 -1 -1 -1 -2 -2 -1 -2
-1 637749637 -2 301042227 -2 -2 -2 -1 -1 -1 -2 -2 51074533 -2 759118958 -2 -1 498841894 -1 -2 -1 -1 -1 -2 -2 -2 -2 -1 -2 -2 -1 -2 493529073 -1 -2 -2 -2 -1 -2 -2 -1 -2 616336326 -1 -2 492018669 -2 -2 -2 -1 -2 -2 -2 -1 -2 -1 -2 -2 -1 -1 -2 -2 -1 -1 -1 -1 806315296 -2 -2 -1 311953610 -1 134499401 -2 326523044 -2 -2 -1 -2 -2 -1 -2 -2 -2 -2 -2 -2 -2 -2 -1 -1 872071889 -2
428240377 -1 -1 -1 -2 -2 -1 -1 -2 -2 -2 -1 -2 -2 -1 -1 -1 -1 -2 -2 -1 -1 -1 -1 -2 -1 -1 -2 -1 -2 -2 -2 -1 -1 -2 -2 -2 -1 -2 -2 -2 -2 -1 -2 -1 -2 -2 -2 -2 -2 121868247 -2 -1 -2 491691748 264856301 -1 401210963 -2 345375032 -2 -1 -1 -2 -1 -1 -2 -2 -2 -1 -2 -2 -1 -1 -2 -2 -1 -2 -1 -2 -2 -1 -2 -2 -1 -1 -2 -2 -2 -2 -1 -1 -2
-1 -1 -1 -2 -1 -2 -2 -1 -1 -1 -1 320707657 808948368 -2 -1 -2 -1 -2 -2 -1 559943436 -1 -1 -2 -1 -2 -2 -2 -1 -2 -2 -2 -2 -1 -1 -2 -2 -2 -1 -2 -2 -2 -2 214434058 -2 -2 -1 -2 -2 -2 -1 556865104 -1 121252566 -2 -1 -1 -2 -2 -2 -1 -1 138086165 -2 -2 -2 -2 -2 141578139 -2 -1 -1 -2 -1 -2 -2 -2 -1 -2 -2 592876419 -2 -1 -2 884308913 -1 -2 -1 -2 818724674 -1 -1 -2
-1 957285992 -1 -2 115123874 -1 -2 -2 553351965 -1 -2 -2 -2 -2 -2 968323143 -2 -2 -1 -1 -1 -2 -2 -2 -2 -1 -2 -2 -1 -1 -1 -2 -2 -2 -1 -1 -2 764249055 -1 -1 -1 -1 -2 -2 -1 133443591 -2 -1 -2 -1 -1 -1 -1 -1 -2 807898622 -2 -2 -1 44486808 -2 -1 440130496 -2 -1 -2 -2 -1 -2 -2 -2 -1 -2 6717545 -1 -1 -1 -2 -1 -2 -2 -2 -1 -2 -2 -1 -2 -2 -2 -2 -1 -2 -2
-1 -1 59799412 445416262 106608112 -2 -1 -1 678534237 -1 -2 -2 -2 -1 -1 -1 -2 -1 -1 -1 -2 -1 -1 124050959 -2 -1 -2 294053842 -2 -1 -2 -2 -2 -2 -1 132552267 -2 -1 -2 -2 -2 58035254 -1 -1 -2 -1 -2 -2 -2 -2 -2 -2 -1 -2 -1 -1 -2 -1 -2 -1 -2 -1 -2 -1 -2 -2 -2 -1 -1 -1 -2 -1 -1 -2 -2 -2 -1 -2 -2 -1 -1 -1 -1 -2 -2 -1 -2 -2 -1 -2 166728152 720003204 -1
-1 -2 -1 -2 -1 -1 -2 -1 -2 -1 -1 -2 -2 -1 -2 -1 15610801 -2 -2 -2 -1 -2 -2 2045844 -2 -2 -2 -1 -2 -1 661031435 -1 -1 864653592 -2 354949050 -2 -2 -1 -1 -1 -2 -2 -2 -2 -2 -1 -1 -1 -1 878604890 -1 -2 -2 -1 -1 -2 -2 -2 -1 -2 955553542 -1 -2 210924210 105752202 -2 -1 -1 -2 -1 -2 -1 -1 -2 -1 -2 -2 -2 -1 -1 -2 -2 -2 -1 -2 -1 -2 -2 -2 -2 -1 413731766
-2 -2 -2 -1 -1 316134460 -1 -2 -1 -1 -2 -2 -2 -1 -2 -2 -1 -2 -1 -1 -2 -2 -2 -1 -2 -2 -2 -2 -1 -2 -1 -2 -2 -2 1077777 -2 -1 -2 -2 -1 -1 -2 -2 -1 -1 -1 -2 -2 -2 -1 -2 -2 -2 -1 -1 -2 -2 -2 -2 -2 -1 -2 -2 -2 788937768 275935933 -1 -1 -2 -2 -1 -1 -2 -2 -2 -1 -2 -2 -2 -2 -2 -1 -2 -2 -2 -2 -2 -1 -1 -2 -2 -2 -1
-1 -2 -2 453936589 877574003 -1 -2 -2 321170432 -2 -2 -1 -2 -2 -2 -2 -1 252274089 -2 -2 -1 -2 -2 498651777 -1 -1 -1 -1 -2 -1 -1 -2 -2 -1 -2 -2 -2 774818921 -2 -1 -2 -2 -1 -2 -2 449902007 -2 -1 -2 -1 -1 -1 -1 -2 -1 -2 562708359 -2 941396997 -2 -2 -1 -2 -1 -2 -1 -2 -1 -2 -2 -1 -1 -1 -1 -1 -1 -1 -2 219054092 -1 -1 -2 -2 -1 478226243 -1 -2 -2 -2 -2 -2 -1 -2
-1 -2 -2 -1 -1 -2 -1 -1 891544127 -2 -2 -2 -2 -2 -2 -2 -2 -2 -1 -1 -2 -2 -1 -2 -2 -1 -2 -1 -2 -2 -2 -2 -2 -1 -2 -2 -2 -2 -1 -2 -1 -2 -1 -2 -2 -1 -1 -1 -2 -2 -1 -1 -1 -2 -2 369009826 -1 -1 -2 -2 -2 -1 -2 -2 -2 -2 -1 -1 -2 -2 -1 941350203 -2 -2 -2 -1 -2 -2 -1 -2 -1 -2 -1 -2 -1 -1 -2 -2 -2 -2 -2 729818127 -2
409404670 -1 -2 -2 -2 -2 -1 -2 -2 -2 -2 857013814 -1 -1 828192406 -1 83366221 293916581 228724194 -1 -2 -2 -1 -2 -2 -1 -2 -2 -1 -2 67606735 -1 -2 -2 -2 -2 -2 -1 -2 -2 -2 -1 -2 -2 -1 -2 -2 -2 -1 -2 -2 -2 -1 -1 -2 -2 -1 138064055 -1 -2 -2 -2 -1 -1 -1 21373249 -2 -2 -1 -1 -1 -2 -1 -2 -2 -1 -1 -1 701709512 273805389 -1 373836974 -2 403053173 -2 -2 -2 93969215 -2 -2 -2 -1 -2
-1 -1 -1 -2 -2 -1 -1 -1 -1 -1 -2 -2 -1 -1 -2 -2 373145630 -2 -1 -2 -2 -2 -2 -1 -2 -1 -1 -1 -1 -1 -2 -2 -2 -1 -1 -2 -2 -1 667707829 -2 -1 -2 -2 -2 -1 -2 -2 -1 -2 -1 -1 -2 -2 242024985 -1 -1 -1 381200696 -1 -2 -2 -1 -2 -1 919906995 -2 -2 -2 -2 263536351 -1 -2 -1 -2 -2 -2 -1 -2 -1 -1 -1 -1 835617213 162227921 940045982 -2 649162043 -2 -1 -1 605482594 -2 -2
-1 -1 -2 -1 -1 -2 -1 -1 -1 -1 348369231 -2 69988548 716423166 -2 -1 -2 -2 -2 -2 -1 -2 478464961 -2 -2 -2 -2 -2 -2 -1 -1 -1 -1 -2 -2 -2 -1 462358158 -1 -2 -1 -1 -1 -2 -2 -2 -2 -1 -1 -1 -2 -2 -2 -1 -2 -2 -2 286242934 -2 215808300 -2 -1 -2 -2 -2 -1 -2 -2 -2 -2 -1 -2 -2 -2 -1 -2 -1 -2 -1 -2 -2 914414270 -2 -2 -1 -2 -2 -2 -2 918393606 -2 -2 -1
-1 -2 -2 -2 -1 -2 -2 -2 -1 -1 -2 -2 -1 -2 -1 -1 -1 -2 -2 -2 -2 -2 -1 -2 -1 -2 -2 -1 -2 -2 -2 -2 -2 -1 -2 -1 222360756 -2 -2 -1 -1 -2 -1 -1 -1 -2 -2 -2 -2 -2 -2 -1 -2 -2 544009172 -2 -2 -1 -1 -1 -1 -2 -1 -2 -1 -2 -2 -1 -2 -2 -2 -2 -1 -1 -2 -2 -1 767995797 -1 -2 -1 -2 -2 -1 -2 -1 -1 -2 -1 -2 -2 -1 -1
-1 -2 -2 -1 -1 -2 -1 -1 103924585 -2 -1 -2 -2 -2 -2 -2 -1 -2 492826897 -1 -2 -1 938668682 -1 -2 -1 -2 -1 926824379 -2 -2 -1 -2 -1 -2 -1 -2 -2 -1 -2 -1 -2 -1 -2 -1 -2 -1 -2 -1 -1 -2 -2 718423769 -2 -1 -1 -1 -2 -1 -2 -1 -2 -2 -2 -1 -2 742149480 -1 -2 -1 -2 589731998 -2 -1 -2 -1 -1 -1 -1 392093732 -2 -2 -2 -1 -2 765646003 -2 -1 -1 -1 -2 -2 -2
-1 -2 -1 -2 -2 -2 -2 -2 -2 80001192 -2 -2 -2 -2 -2 -2 -1 -2 -2 -1 -1 -2 -1 -1 -2 -1 -1 -2 -2 -1 -1 -2 -1 -1 -1 -2 -1 580450425 -1 -2 -2 -2 -2 -1 -2 6813386 -2 -1 -2 -2 -1 -1 -2 -2 -1 -2 -1 -2 -2 -1 -2 -1 -2 -2 -1 -1 -2 -1 -2 -2 -1 -2 -1 -2 -2 -1 296972553 -1 -2 -2 -2 216883820 -1 900572030 70796943 621734776 -2 -2 -2 -2 -1 -2 -2
-2 -2 -2 -1 -2 -1 479619733 -2 -2 -1 226087391 -2 -1 -2 276948406 -1 -1 -2 -2 -2 -1 -1 713646506 -2 -1 -2 -2 -2 -2 -1 -1 -2 -2 -2 -2 -1 -1 -1 -1 -2 562301210 -2 -2 -1 -1 -2 -1 -1 41350900 -1 -2 -2 249503287 -1 -1 -2 -2 -1 -1 -1 -1 -1 -2 -2 -1 -2 -2 -1 -2 -1 -1 -2 -1 -1 -2 -2 -1 -2 -2 -2 -2 -1 -1 -1 -2 -1 -1 977983303 -1 -2 -1 -1 -1
-2 -2 494902995 -1 -2 -2 -1 -1 -1 -2 -2 -2 -2 -2 -2 -1 -1 -2 -1 -1 -2 -1 -1 -1 -1 -1 913628754 349313775 -1 505539732 -2 -1 -2 -2 -2 -2 -2 -2 -2 -2 -2 -1 -1 -2 -1 -1 -1 -2 773040316 -1 87897149 -1 -2 -2 -1 484469992 -2 856814128 -1 -1 806195160 -2 -1 -1 -2 -1 -2 -2 -1 -2 455543788 -1 -2 994516458 -2 -1 -1 -2 -2 -2 -2 -2 -2 -2 237449460 -2 -1 -1 -2 897805998 -2 -2 -2
-2 280567577 -2 894566083 -2 -1 -1 -1 -2 -1 -2 -1 -1 -1 -2 -1 -2 -1 -1 -2 -2 -1 -1 -2 -1 -2 -2 -2 -2 -1 -1 -1 92537824 -2 -2 -1 560026694 -1 -2 179858553 -1 -1 -2 -1 -2 285865560 -1 -1 -2 -1 -1 -1 -2 -2 -2 -1 305648672 -2 -1 -1 -1 -2 -2 -2 -2 -2 -2 -2 -1 -2 -1 -2 -1 -2 -2 -2 -2 71215519 -1 -2 -1 -2 -1 -2 -1 -1 -1 95682088 88285170 -2 -2 -1 -2
-2 -1 -1 -1 -2 -2 -1 -2 -1 -2 -2 -2 -1 -1 -1 -1 -1 927309915 -2 629764832 -2 -1 -2 -2 -1 -2 793075268 -2 -1 -2 271902447 -2 -2 -1 -2 -2 -1 -1 -1 -1 -2 -1 -2 -2 -2 170437957 -2 -1 -1 -2 824938772 -2 -2 -1 -1 -1 -1 -2 -2 -2 -2 -1 -2 -1 208480939 566023688 -2 -1 -1 -2 -1 -2 -1 532006510 -1 -1 -1 -1 -2 -2 -1 -2 -1 -1 -1 -2 -2 -2 -2 -2 -2 -1 45960399
-1 -2 -1 -2 220531731 546083551 -2 -2 -2 -2 -2 -2 -1 32497902 -2 -2 -1 -1 -1 -1 -2 -2 -2 -2 -1 -1 -2 -2 -2 -1 -1 -2 -2 -2 -2 -1 -2 -1 -2 -1 -2 -2 -1 -1 -2 -1 -2 -1 -1 -1 -1 -1 -2 -1 -2 -2 -2 -1 -1 -1 -1 -2 -2 -1 -1 -1 -1 -2 -2 -2 -1 -1 -2 878947151 602248455 -2 -1 -1 301583635 -2 -1 -1 -1 412095349 -1 -1 -1 -1 -2 614834355 -1 -1 -1
-2 -2 -2 421571341 -2 -1 -1 -2 727869453 -1 -1 -1 -2 -2 -2 -2 -1 -1 -1 -1 -1 516424855 -2 -2 -2 -1 -2 -1 -2 -1 -1 -1 -1 -1 -1 -2 -1 -1 952067455 -2 -1 -1 -2 -1 -2 -2 -1 -2 -1 -2 -2 -1 -2 -2 -2 -2 -1 -2 413143264 -2 -2 -1 -1 -2 -2 -2 -1 -2 148476241 -2 -2 -2 -2 -1 -2 378936892 -1 -2 -1 -2 -2 -2 -1 -1 -1 -1 -1 -1 -2 -1 -2 -2 -1
88513535 -2 -2 -1 -1 -1 -1 882890125 -1 -2 -1 530222260 -2 293383613 448771744 -2 -2 -2 -2 -2 -2 -2 -2 -1 -2 478982099 -1 -2 -2 -1 -2 -2 -1 -2 -1 -2 -1 -2 -2 364210311 -2 -2 -2 -2 -2 -2 -2 -2 -2 -1 -1 -2 -1 -1 -2 937526022 -1 -2 -2 -2 -1 -1 751684378 -1 -2 -1 -1 -2 -2 -2 -1 -2 -2 -2 -1 -2 -2 -2 -1 -1 -1 -1 -2 -2 949968975 -1 -1 518128985 -1 -2 -2 -2 -1
-2 227530489 861912446 -2 -1 -2 -2 -2 -1 -1 -1 427740534 -2 -1 -2 -1 -2 -2 -2 -2 -1 892541159 893217408 692473982 16424253 -2 -2 -2 -1 -1 -2 -2 513279210 -2 -1 -2 -2 -2 -1 -2 -1 -2 -2 395266591 -1 815670410 -2 -1 -1 -2 -2 -1 -2 -2 -1 -1 -2 -2 -1 -1 -2 -1 -1 732067603 -2 -1 323456776 -2 -1 -2 -1 -2 -1 -2 -1 -2 -2 383694341 -2 -1 -2 -2 -1 -1 -2 677501401 -2 -1 -2 -2 -2 -1 -2
-1 956672935 -1 -1 815361181 -1 -1 -1 -2 -1 -2 329213780 -2 -2 348657119 -1 -1 178644347 -2 -2 -1 -1 406568855 -1 -1 -2 -1 -2 -2 -2 -1 -2 -2 -1 -2 -1 -1 -1 -2 -2 -2 -2 -2 -1 -2 669379735 -2 -2 -1 -2 -2 -2 -2 -2 -1 -1 -1 -2 -2 212109100 -2 -2 -2 -1 -1 -1 -1 -2 -1 -1 -2 -1 -2 -1 -1 -1 -2 -2 808284838 -1 -1 -2 -1 -2 -1 -2 -1 -2 -1 -2 -2 -1 -2
-2 -2 -2 -1 -2 -1 -1 -2 -2 125836854 -1 -2 -2 -1 -2 -2 -1 -2 -1 -2 -2 -2 -2 -2 -1 -1 -2 -2 -1 -2 -2 -1 -1 -2 -2 -1 -2 -2 -1 995321705 524179204 -1 -1 -2 -2 700157902 -2 -1 -1 -2 -2 -1 -2 -2 -1 121588057 -1 -1 -2 117127634 947343143 -2 -2 -2 -1 -2 -2 -2 84072530 -2 -1 -2 804640992 -2 -2 -1 -2 -2 -2 -2 -2 -2 -2 -2 -2 -2 -2 -2 -2 407030596 -1 -2 -1
-2 -2 -2 -1 -1 -1 360639127 -1 -2 -1 -1 -2 -1 -2 -2 -1 -1 -1 -2 630307749 -1 -1 -2 -2 -1 -2 -2 -1 -2 -2 -2 -2 -2 -1 -1 -1 -2 -2 -2 -1 -1 -2 -1 -2 -2 -2 -2 -1 -1 -2 -1 -2 -1 -1 -1 -2 -2 -2 -1 -1 -1 -2 -1 -2 -2 -1 -1 -1 -1 -2 -2 -1 -2 -2 218306597 -2 -2 -2 272473716 -2 -1 -2 -2 -2 -2 -2 718755681 -1 -2 -1 -1 877339017 -1
319754831 -2 -1 -2 -2 -2 -2 -1 -2 -2 -2 -2 -2 -1 -2 -1 -1 -1 -1 889722417 -2 -1 -2 -1 -1 -2 -2 -1 -2 -1 -1 -2 -1 -2 -1 -2 -2 -2 -2 -1 -2 -2 -1 -1 -1 -2 -1 -2 -2 -2 -2 -2 -2 -2 -2 -1 -2 -2 -2 -2 -2 -1 744892489 -2 -2 -2 -2 -1 -1 -1 -1 -1 -2 -1 -1 -1 -1 938902302 -1 -2 450690108 -2 -1 -2 -1 -1 -2 -2 -1 -1 -2 -2 -1
621073090 -2 -1 -2 -2 -1 -2 -1 364620489 -1 -1 -1 -1 -2 393911607 -2 -2 -1 -2 -2 -1 -2 -2 -2 -1 -2 -2 -2 -1 826490383 -2 -2 -2 -2 -2 -2 -2 -1 -1 -1 -1 -2 -1 -2 427545244 -1 87203564 -2 -2 -2 -2 -2 -2 -2 -1 -1 -1 -2 -2 -2 242987553 -2 -2 -2 -2 -2 -2 -2 -2 -1 -2 -2 -2 -1 -2 -1 -1 -1 -1 571270779 -2 -2 -2 -1 -1 -2 -2 -1 -1 -2 -1 520378066 -2
-2 -1 -2 -2 -2 -2 603353233 891964578 -2 -1 -2 -2 -1 995170123 -1 -2 -1 -1 -1 -2 -2 -1 -1 -1 -1 -2 -1 -1 -1 -2 -2 -2 -2 -2 -2 -2 -2 -1 -1 -2 -1 -2 -2 -2 -1 -2 -2 -1 -1 -1 -1 -1 -2 -1 -2 -2 -1 -1 -2 -2 -2 360862145 -2 -2 -1 -2 -1 -2 919676991 -1 -2 -1 -1 -1 638606955 759226733 -2 -1 -2 -1 495108827 -1 -2 -2 -2 -1 72548348 107442677 -1 -1 -2 -2 -2
544058183 -2 833076099 -1 843766995 -2 -1 -2 -1 -1 975441262 144007496 -1 -2 -2 -2 -2 -1 145240759 -2 -2 -1 -2 -2 -2 15572182 116710972 541348951 -2 -1 -1 -1 -2 -2 -2 -1 -1 -2 -1 -1 649046917 -1 -1 -2 -1 -1 -1 -1 -2 -1 -1 143157303 -1 -2 -1 -1 -2 -1 -1 -2 -2 -2 -1 -1 -1 -1 -2 -2 -1 -2 -2 -2 -1 -2 -1 -2 -1 -1 -2 -1 598864784 -1 -1 -1 -2 -1 -1 -1 -1 -1 -1 -1 -2
-2 -1 -1 -2 -2 -2 -2 -1 -2 -2 -1 -1 -2 -2 -2 114631236 120749759 -1 -1 -2 -2 -2 -2 -2 -1 -2 -2 -1 -2 -1 -1 -1 -2 -1 -2 -1 -1 -2 156248921 -1 -2 -1 -1 7666178 -1 -2 -2 641900879 -2 -1 793423848 -2 -2 30491636 -2 -1 -1 -1 -1 -1 -2 -2 -2 -2 -2 -2 -2 -1 759794062 -1 -2 -2 -2 -1 -1 -1 -2 -1 -2 -2 -2 -1 -1 -2 -1 -2 -2 -2 759073100 623804052 -1 -2 -2
-1 -1 -2 -1 -1 -1 812719011 -1 345065733 -1 -1 -2 -1 -2 99713604 -2 -1 -1 -1 -1 -2 -1 -2 363165553 -2 -2 -2 -1 -2 -2 -2 -1 -2 -2 -2 -2 -2 -1 -1 -1 -1 -2 -2 -1 -2 -1 -2 -1 -1 -1 -1 27422756 -2 241007194 -1 -2 -1 -2 -1 -1 -2 -2 -2 -2 -2 -2 -2 -1 -1 -2 -2 -1 -2 -1 -1 -2 -1 -1 -1 -2 -2 -1 -1 -2 -2 -1 -2 -1 -2 -2 -1 84570298 -2
-2 -2 -2 -1 -2 308974069 352601226 -2 -1 -1 -1 -2 -1 -2 755903901 400142580 -2 -1 -1 -2 -1 -2 -1 -1 -2 -2 -2 -1 -2 -2 -2 -2 -2 -1 -2 -2 -2 928722669 -1 -1 -2 471426700 -1 -1 -1 -1 -2 -2 -1 -2 -1 -2 596834154 -2 -1 -2 -2 -1 -2 -1 -1 -2 -1 -2 -1 -2 -1 -1 -1 -1 178232275 -2 -2 -1 -1 -2 -2 -2 -2 -2 -2 -1 -2 941290078 -2 -1 -2 986865982 -2 -1 -2 -2 -1
-2 -2 -2 -2 646543442 -2 -2 -2 -2 -1 -1 -2 -2 -1 417566289 -2 -1 -2 -2 -2 -2 -1 -1 -1 -2 -1 -1 -1 -2 -2 -2 -2 -2 -1 -2 -2 -1 -2 -1 -1 -2 -2 -2 -1 -2 -2 -2 -1 32453030 -1 -2 -2 -1 -1 -1 -1 -2 -2 -2 -1 -2 -2 -1 9265076 -2 -2 -2 -1 340179910 -2 -1 -1 -2 -2 665351489 -1 -2 -1 -2 -2 -2 -2 -1 -1 -2 216316653 -2 -1 -1 -1 -1 -1 -2
-2 -1 667894259 -1 -2 2715292 -1 -1 -2 -2 -1 -1 -1 -2 -2 -2 -2 -2 -1 -2 -1 -2 -2 -2 -1 -1 -1 -2 -2 -2 -2 -1 990670916 454344581 -2 -2 -2 542367501 -2 -2 -2 -1 -2 -1 -2 -2 -2 -2 -2 -2 410330559 -2 -1 37737067 696193733 -2 -1 -1 791163173 -1 -2 -1 -1 -2 -2 -2 -1 -2 -2 -1 -1 -1 -2 -2 -2 -1 -1 -2 -1 -2 -1 -1 -1 -1 -2 -2 -1 -2 -1 -1 -2 -2 -2
-2 -2 -2 -2 452804749 -2 -2 -2 -1 -2 -1 -2 -2 -1 -1 -1 -2 -1 -1 -1 -2 -2 -2 -2 -1 -1 -2 -1 -2 992035207 -2 -1 -1 -2 -1 -2 -2 242275411 -2 -1 -1 -2 -1 -2 -2 -1 995727752 -1 -1 749425208 -2 -1 943620870 -2 -2 -2 -2 -1 -2 -2 995180555 -1 -2 800453466 -2 -2 -2 -2 -1 -1 -2 -2 -1 -1 -1 -1 -2 -1 -1 -2 -2 -1 -2 -1 -2 -1 -2 -2 -1 -1 -2 924403755 -2
-1 -1 -2 -1 -1 -1 -1 -1 -2 -1 -1 -2 -2 -1 898766967 -1 875442616 -1 259793934 -2 -1 -2 -1 -1 -2 -1 -1 -1 876739049 -2 -1 -2 -2 -2 -1 -2 -1 -1 -1 -2 -2 656634865 -1 -2 -1 -2 -2 -2 -1 -2 -1 -1 -2 -1 -2 -2 -2 -2 -2 -2 308458259 -1 -2 -2 -1 -2 -2 -1 -2 -2 -2 915839008 182657417 -2 -1 -2 -2 -1 -1 -1 512067887 -2 13047077 -2 -1 -1 -2 -1 -2 -2 -1 -2 -2
-1 -1 -2 -1 -2 -1 -1 -1 -1 -2 -1 -2 -2 -2 -2 -2 -1 -2 -2 -1 -2 -2 -2 -1 -1 -1 -1 -2 -1 -2 -2 955430932 -1 -2 11905875 -2 -2 -2 -1 -1 -2 -1 -2 680318983 -2 -1 -2 -1 -2 -2 -1 -2 -2 -1 -1 -2 -1 -2 -2 -2 -1 -2 -1 -1 257867552 -2 949137144 -1 -2 499279576 -1 -2 -1 -2 -2 -1 146140039 -2 -1 -2 -2 -1 -2 -1 -2 -2 -1 15372804 -2 -1 -1 -2 -2
-1 -1 -2 -1 -2 -1 -1 599158678 -2 -1 -2 -2 -2 -1 643528442 -2 -2 -2 -2 -2 -1 -2 -2 -2 -2 -1 -1 -1 -1 -1 -2 -2 -2 -1 -2 -2 756012391 -1 -2 -1 -2 -1 -2 643159659 -2 -2 -2 -1 -2 -1 -1 -1 351871211 -2 -2 -1 20067139 168408822 -2 -2 917775860 -1 -2 -2 -2 -1 -2 -2 -1 -2 -1 -2 340320175 -2 -1 -1 -1 -2 -2 -1 -2 -2 -2 -1 16956116 -2 -1 -2 -2 -2 -2 -2 -2
-2 -1 -1 -1 -2 -2 -2 -2 -2 -2 -2 -2 -1 -2 -1 -2 -1 -2 -1 753102405 -2 -2 -1 718653961 -1 -2 -2 -1 -1 -1 -2 -2 991284740 -2 -2 -1 -2 897525638 -2 -1 587074760 -2 -1 -1 -1 -2 660888658 -2 -1 -2 -2 -2 -1 208973648 -2 -1 316053203 -2 -2 -2 -1 -2 -1 -2 -2 -2 35437147 -2 -2 -1 574744135 879015695 -2 -1 -2 -2 -2 -2 952027430 153175680 -2 -2 638343921 -1 630241491 -2 -1 -2 -2 -1 -1 -2 -1
