79 70
-1 -1 -2 864291445 -2 -1 -1 -1 880379201 -2 -1 -2 -1 802221219 915428307 -1 -2 -2 -2 225164423 -2 -2 -2 -2 382690821 -2 -1 -2 -2 -2 -2 -2 541084930 -2 -2 130199862 -1 -2 -1 -2 -2 -1 -2 -2 -2 -2 -2 -1 -2 180292990 -2 -2 -2 -2 -2 -2 26522118 -2 -2 -2 -2 -1 -2 -2 -1 -1 -2 -2 -1 -2
-2 -1 -2 -2 -1 -1 -2 -1 -2 -2 -1 724227626 -2 -2 -2 -2 -2 -2 -2 -2 -2 -2 -1 -2 -2 160846746 -2 -2 -1 -1 -2 -1 -2 -2 -2 -2 -2 -2 -1 -2 -1 92486424 -1 -1 -2 -1 -2 -2 -1 533635005 -2 -1 -2 -2 -1 -2 -1 -1 427022889 -1 -1 -1 -1 -1 -1 -1 -1 -2 -2 -1
-2 -1 -2 850786585 -1 -2 799723313 543063692 -1 345997230 -2 -2 396528615 -2 925488138 650177212 -1 -2 -1 -2 -2 -1 -2 -2 -1 -2 -1 -1 -2 -2 -2 -2 -2 -1 -2 -2 -2 -2 -1 -2 -1 -1 -1 894393266 -2 -2 -2 -2 -2 339897116 792893726 -2 -2 -1 -2 -2 -2 451646151 -2 -1 -1 -1 -1 -2 -2 -1 -2 -2 -2 -2
-1 -2 -1 -2 -1 -2 -1 -1 -1 -2 -2 -2 -2 -1 -1 -2 -2 -2 -1 -2 358941651 -1 103305555 -1 -2 -1 -2 -2 -1 -2 -2 -1 -1 -2 -2 -1 -2 -1 -2 -2 -2 -1 -2 -1 -2 -1 -2 -2 -2 -2 -2 -2 -1 -2 -1 -2 -2 -2 -2 -2 -1 305529097 -2 -1 -2 -2 -1 -2 -2 -1
-1 -2 -2 -1 -2 -2 611509604 -1 -1 -2 -1 -1 -1 -2 79584885 61977953 -2 -1 -1 718569456 -1 -1 -2 -2 576400889 -1 -2 -2 -2 -2 -2 -1 -1 -2 -2 -1 -1 -2 -1 -1 -2 -1 -2 -2 -1 -1 -2 -2 -1 -2 -2 -1 -2 -1 -1 -1 -2 -1 -2 871855662 -1 -1 -2 -2 -2 -2 4272928 -1 -2 -1
-1 799845804 -2 -2 -2 -2 631803204 -1 -1 -2 -2 -1 -1 -2 -2 -2 -1 -1 -2 -1 -2 -1 -1 -2 -2 -2 -1 -2 -1 -2 -2 -1 -2 -1 -2 -2 -2 -2 -1 -2 -1 -1 -2 -2 -1 -1 -1 -1 -2 -1 -2 -2 -1 -2 -2 -2 -1 -2 -2 -1 -1 -2 861253568 -2 -2 -1 -2 -2 -2 -2
-1 -1 -1 -2 -1 -2 -1 -2 -1 -1 -1 -1 -2 -2 -1 -2 -2 -1 -2 -1 -2 -1 -1 -1 -2 -2 -2 -2 820115791 -2 -2 -2 -1 -1 -2 267944521 -2 258984051 -2 -1 -2 -2 -1 -2 -2 28574128 -2 -1 -1 -2 -1 -2 -1 -1 -2 -2 -2 -1 957306427 -2 875624180 893809271 443886625 -1 -2 -2 -2 -1 -1 -2
-2 -1 -2 -1 -1 -1 699564142 -2 229856349 -1 -2 -2 -2 -1 -2 -2 -1 -1 -2 -2 -1 -2 -1 -2 -2 -1 -2 -2 -2 -2 -1 -1 -1 -2 -2 463606047 -2 -1 -2 -1 -1 -2 -2 -2 -2 -1 -1 655284451 -2 561758477 -2 -2 -1 -1 -1 -1 -2 -2 -1 -1 -1 -2 -2 557070632 -2 -2 -2 -1 -1 -2
-1 -2 -2 366035246 -1 -1 -2 -2 -2 -2 -2 -1 -1 -2 -1 -2 -1 -1 -2 -2 -2 -1 -2 -1 -2 -2 -2 -2 -2 -2 -2 -1 -2 -2 -2 -2 -1 503980549 -2 -2 -1 -2 -2 -2 -1 -2 -2 98439305 -1 -2 -2 -1 -2 -2 -1 -2 -1 -1 -1 -2 -1 -2 -1 -2 -1 -1 -2 -2 -2 -1
-2 -1 -1 -2 -1 -2 -1 -1 642097415 -1 -1 -2 -1 -1 989965538 -1 -1 -1 -1 -2 -1 -1 -1 -2 -2 -2 -2 -2 -1 876360022 -2 -2 -1 -1 -1 -1 -1 -1 -2 -1 -1 -1 -2 521065436 -1 -2 -2 -2 -2 446845651 -2 623495245 955805310 -1 468739017 -2 -1 -1 -2 -2 -1 -2 -2 -1 -2 -2 -2 -2 554015341 -1
-1 -2 -2 -2 202470471 -2 -2 -2 -2 -2 -2 -1 -2 892992569 -1 -2 -1 -2 -2 -1 -2 -2 -2 -1 -1 -2 -1 -2 -1 -1 -2 -2 -1 -1 -1 -2 -1 -2 -2 -2 -1 -1 -2 -1 -2 -1 -2 -2 -1 -2 -2 -2 -2 493856445 -2 -2 -2 -2 -2 -2 -2 -1 -1 -2 -2 -2 276382500 -2 -2 -1
-2 -1 -1 -2 -2 -2 -1 -2 -1 -2 746666080 -2 -2 -2 -1 -2 -1 -1 -1 -2 -1 -1 -2 525846526 -2 -2 -2 -2 -2 -1 -2 -1 -2 -2 -1 -1 -2 -1 -2 -2 -2 -1 835805486 -1 -1 -2 -1 -1 -2 -2 -2 -2 -1 -1 -2 -2 -2 -2 294806883 -1 -1 -2 344330334 -2 -2 -1 -2 190717876 -1 -2
-1 -1 -2 -2 -2 493773899 -1 -2 -2 -1 -1 -2 -2 -1 -2 -2 -1 -1 -1 -2 -2 -2 -2 -2 -1 -2 -2 -2 -2 -2 -1 -1 -2 568616877 -2 -2 -1 -2 -2 -2 -2 -2 953395508 -1 3516244 -1 -2 -2 -1 -2 -2 -1 956882775 -1 -2 -1 -1 -1 -2 -2 -1 -2 -1 -1 -1 -1 -2 540627777 -2 -2
520831619 339912898 -2 -1 -2 -1 -1 -1 -2 951862831 -1 640518542 -2 643821873 -2 -2 -1 -2 -1 -2 133389903 -1 -1 -1 -2 -1 17198461 -2 -2 -1 -1 -2 -2 -2 -2 -1 -2 -2 -1 -1 -2 -2 -1 -2 -2 -1 536354631 -1 -1 -2 -2 -2 -1 -1 -1 -2 -1 -2 -1 -2 -1 -1 -2 -2 -2 -2 -1 544004211 -2 -1
-1 -2 -2 -1 -1 -2 -2 227483006 272523341 365138374 -2 990875762 -2 -2 -1 614021447 330739586 -1 -2 -1 -1 -2 -1 -1 -2 -2 -2 -1 -1 123131457 -2 -1 -1 -2 -2 -1 207331500 140812895 -1 923480451 -2 -2 -1 205263628 -1 -2 131610294 -1 -2 -2 609288576 -2 -1 -2 -1 -2 -1 -2 -1 -1 -1 -2 -2 -1 -1 802315285 -2 -1 -2 -2
-1 -1 -1 -1 -1 -2 -2 -1 511859549 -2 -2 -1 -1 -2 -1 -2 -2 -1 -2 -2 -1 -2 -1 -2 -2 -1 -2 -1 -2 -2 684122495 -2 -1 -2 -1 -2 -1 -2 -2 -2 245337475 47186683 -1 -1 -2 -1 -1 -2 -1 -2 -2 -1 -1 -1 -2 -2 -1 -2 -1 -2 -2 -2 130726777 -1 -2 -2 -2 -1 -1 -2
-1 -1 -2 -1 -2 370665147 -1 -1 -1 -1 -1 -2 -2 -2 -2 -2 -2 -1 -1 -2 -1 -2 -1 -2 -2 -2 -2 -2 -2 -1 -1 -1 -2 -2 -1 -1 -2 -1 -2 157983822 -2 973421520 -1 -1 -2 -1 -2 -2 -2 -1 -2 -1 -2 -2 -1 -2 -2 -2 717357478 -2 -1 -2 -2 -1 -2 -2 -2 -2 248863619 -1
-2 -1 -1 -1 -2 -2 -1 -1 -2 -2 -2 -2 -1 -2 -2 -1 -1 -2 -2 -2 -2 -2 -2 -1 -2 -1 -2 -1 -1 -2 -2 -2 -2 -2 -1 -2 705021351 -1 -2 -1 -1 -2 891532618 658657530 -2 -2 -2 -2 -1 -2 -2 -1 -1 286769824 -2 -1 -2 -1 405699897 -2 -2 -1 -2 -1 -1 -1 -2 -1 -1 -2
-2 -2 -2 -2 -2 -1 -1 -1 -1 -2 -2 -2 -1 -2 -1 -1 -1 -1 -2 -2 -1 -2 -2 -2 -2 411527779 737592880 -2 -2 -2 -2 -2 -1 -2 -1 -1 -1 -1 -1 -2 -2 -2 -1 -2 -2 -2 -1 -1 -2 -1 -2 -2 -2 -2 -2 -2 -1 -2 -1 -2 -2 -1 -1 -2 -2 89147649 -2 -1 -2 -1
-1 -1 -2 -1 -2 -1 -1 -2 -1 163027150 -2 -1 835248019 -1 512454397 -2 -2 529547250 -1 -1 -1 -2 -2 -2 -2 -1 -1 -2 -1 -2 -1 -1 -2 -1 -1 -2 246318080 -2 -1 -2 -1 -2 -1 -1 -2 -2 -1 -2 -2 -2 735198266 -1 -2 -2 -2 -2 -2 482126734 -1 -2 -1 -1 -1 820896595 -2 330241543 -2 -1 565976725 -2
-2 -2 -1 -1 -1 -2 -2 -2 -2 -2 -1 -2 -2 -2 -1 472930407 -1 -1 -1 -1 -1 59731045 -1 -2 -2 -2 -1 -2 -1 -1 -1 -2 -2 -1 -2 -2 -1 -2 -2 -2 -1 -1 -1 -2 -2 -1 -2 -1 -2 -2 -1 -2 -2 -2 -2 -2 -1 -2 -2 -2 -1 -1 -1 -1 -2 -2 490202083 -2 -2 -2
-1 -2 -2 -1 -2 -1 525177202 -2 -2 -2 -2 -1 273103616 -2 -2 89141505 -2 -2 -1 -1 569706921 -1 -1 -2 -1 -1 -2 -2 -1 -2 -2 -1 -2 -2 -2 145130090 -2 -2 -2 -1 -1 -2 -2 -2 -2 97685704 -1 -2 -2 -1 -2 -2 -1 -2 83633373 -2 -2 -1 -1 -2 -1 -2 -2 -1 -2 -1 -1 594725342 391989490 -1
908075202 -2 674099027 -2 -2 -2 -1 684846424 -2 -1 -1 -1 -2 -2 -1 -2 -1 836872919 -2 -2 -2 -2 -2 -2 -1 -2 -2 -2 -2 -2 -2 -2 700991077 -2 -1 -1 -1 -2 402104056 -1 -1 -2 -2 -2 -2 -2 -2 -2 -1 -1 -2 -2 -1 -2 -1 -2 649447804 -2 -2 -2 -1 -1 -2 -1 -2 -2 -2 -2 -2 -2
-1 -2 -2 -2 -2 -2 -1 910504113 -1 -2 -1 -2 126594114 -1 -2 -2 -1 -1 -1 -1 -1 -1 -1 -2 -2 -2 -2 -2 -2 -2 -2 -1 -2 -1 -2 -1 -2 -1 856628475 -2 -2 -2 -2 -1 -1 -2 -2 -2 -2 -2 -2 -2 -2 341596011 -1 -2 94516653 -2 -2 -1 -2 -1 -2 -2 -1 -2 -1 -1 -1 -1
-2 -1 123638012 -2 -2 -2 -2 -2 -2 -1 -1 -2 -1 -1 -2 -2 -2 -1 -2 -1 -2 -2 811003466 202038540 -1 -2 52873379 -2 -1 -1 -2 -2 -1 -2 -1 -1 -1 -2 -2 -2 -2 -2 -2 -2 -2 -1 -1 -1 -1 -1 -2 -2 -2 -2 -1 110176513 -2 -2 -2 -2 -2 -2 -1 -1 -2 -2 437864497 -1 -2 -1
-2 -2 -1 -2 -1 -1 -1 196265085 -1 -2 108804997 383631957 -2 -1 313294293 -1 -2 -1 -2 727875393 -1 -2 -2 548499337 567962394 -1 -1 -1 37690949 -1 -1 -1 -1 -1 -1 -1 -2 -1 -2 -1 -1 -1 -1 -2 443749044 -1 -2 -2 -1 -2 -2 -2 -2 -1 -2 -2 -1 -2 -1 -1 -2 -2 -2 -2 -1 192405538 -1 -1 -1 -2
-1 -2 -2 -2 -2 -2 -1 -2 114446124 -1 -2 -2 -1 -1 -1 -1 -2 -1 -1 -1 -2 -2 -1 -2 -2 -2 -2 -2 290764375 -2 -1 -1 -1 -2 -1 -1 -2 -1 -2 -2 334416645 -2 -2 -1 -2 -2 -1 -2 -2 -2 276782715 -1 -2 -1 -1 -2 -2 -2 -1 -2 -1 -2 -1 306085799 -2 659401801 -2 -2 -1 -2
-2 -1 732253827 945867031 -2 -1 -2 -2 -2 455600015 -2 -1 -2 -2 -2 -2 -1 -1 755618164 -1 -1 293546522 782039522 -2 -1 -1 -2 -2 380212365 -1 -2 -1 -1 -1 -1 -2 -2 -2 -1 -2 -1 -1 -1 -1 -2 -1 -2 448445865 -1 -2 -2 -2 -2 -2 -2 -2 -1 -2 -2 -2 -1 -2 839353028 -2 -2 -1 -1 -1 -1 -2
-1 -1 -1 -2 -2 -2 -2 -2 -1 -1 -1 -1 -2 -2 -1 -1 -2 -1 -2 -2 758625455 -1 -1 -1 -2 -2 -1 -2 -1 -1 -2 -2 924341437 -2 -2 31111455 -2 -2 -2 -2 -2 -1 -2 -2 830811386 -1 -2 -1 -2 -1 -2 -1 -2 -2 -1 -1 -1 -2 -2 -1 -2 -2 -2 -1 -1 -1 -2 -1 -2 -2
-2 -1 -2 -2 -1 951410533 -1 -1 -1 -2 -2 -2 -2 -2 -2 42760515 -2 -2 -2 -2 -2 -2 -2 770486220 -2 -1 -1 -2 -2 -1 -2 -2 419036856 -2 -1 612435325 -2 -1 -2 -2 -2 -1 -1 -1 -2 -2 -2 -2 -2 -2 -1 345520898 -1 -1 -1 -2 -2 -2 273151382 -2 -2 -1 -2 -2 -2 -2 -2 -1 -2 -1
-2 -2 -2 408729295 -2 -2 -2 -1 -1 -1 -2 115174658 -2 -2 -1 -1 -1 -1 -2 -2 -2 -1 -2 -2 -1 143264471 -1 -1 -2 -2 704320186 -2 -2 -1 -2 -2 -2 -2 -2 -1 -1 688667245 -2 -1 -2 -2 27435005 347310793 -2 -1 -1 -1 -2 -2 -2 -1 -2 -2 -1 -2 -1 851969797 -2 -1 -1 -1 -2 -2 -2 -2
-1 -2 -1 -2 -2 -2 -2 -2 -2 -2 -2 -2 -2 -2 -1 -2 -1 -1 -1 -1 -1 -1 -1 -1 -1 -1 -1 -1 249375775 -2 -2 -1 -1 -1 -1 -2 -2 -1 -1 -2 -1 -1 -2 -1 -1 -2 -2 -1 -1 -1 -1 -1 -2 -1 -2 22489894 -1 -2 -2 494804354 -1 -1 -1 -2 -1 -2 -1 -2 -2 -2
-2 -2 -1 796402850 -2 -2 -1 -2 -1 -1 -1 -2 -1 -2 -1 -2 -2 -2 46201958 -1 -2 -2 -1 -1 -2 -1 -2 724025071 -1 -2 544352796 -2 -2 -2 -2 617575397 -1 -1 -1 329453324 -2 -2 -2 -1 -1 -2 -2 -1 -2 -1 -1 870867543 798635677 41100383 -2 -1 -2 -2 -2 -1 -2 -2 -2 -2 -2 -2 97919147 -2 -1 -1
-1 -2 -1 873596276 -1 -2 -1 -1 -2 -1 -2 -1 -1 -2 -1 -2 -2 -1 -1 -2 -2 -2 -2 -1 -1 -1 -1 -2 -1 -2 -2 -2 -2 -2 -2 -1 -1 -1 -1 -1 -1 961439566 -1 -1 -1 -1 -1 310777267 -2 -1 -1 -2 803194843 -2 698871399 -2 -2 -1 184568822 -2 -2 -1 -1 -1 -1 57435597 -1 -1 -2 -2
-2 -2 -2 606458949 -1 -2 -1 -2 -2 -1 -1 -2 -2 -2 -1 -1 -2 -1 -1 -2 -2 -2 -2 -2 -2 744832556 -2 -2 -1 -2 -2 -1 239584595 -1 -2 -1 -2 -2 -2 -2 -2 982901209 -2 -2 -2 -2 -2 -2 -2 -2 -2 -2 -2 -2 -1 -1 -1 -2 -1 -2 262334117 -2 -2 -1 -2 -2 147569120 -1 -2 -1
-2 -1 -2 -2 -2 -1 -2 -2 -2 -2 -1 -1 -2 -1 -2 -2 -1 724540012 -1 -2 -1 147460361 -2 -2 874813419 -1 -2 -1 -1 -1 -1 -2 -1 -1 -1 -1 321652441 -2 -2 -2 -2 -2 -2 -2 -1 -2 -2 -1 -2 -2 -1 -2 592002220 -1 -2 -1 -1 -2 -1 -2 -1 -2 -1 937440301 -2 -2 -1 -1 -2 -2
-2 -2 531866926 377337185 -1 -1 -1 -1 -2 -1 -2 200453684 -2 -2 -1 -1 -2 -2 -2 -2 -1 -2 -1 -1 -2 -1 -2 -2 -2 -1 -1 -1 -2 -2 769657089 556057148 -1 -1 -2 -1 -2 -2 729338978 88894677 -2 -1 -1 -2 720132478 -2 -2 -2 -2 -2 -1 -2 -2 -2 -2 -1 -1 -2 647271968 302710415 -2 -1 -2 -2 346686658 -2
-1 -1 -2 -2 -2 -1 -1 -1 -2 -1 -1 985205853 -1 -1 -2 -1 -2 -2 -1 -1 -2 -1 -2 -2 -2 -1 -1 923942184 -1 -1 -2 -1 -2 -2 -2 -1 -1 -2 459180401 -2 -2 -2 -1 106179470 -2 -1 -2 -1 -1 -1 -2 -2 -2 668922106 -2 -2 -2 -2 -2 -1 -1 -1 -2 -2 62093319 110749396 -1 939635289 -2 -1
-2 -2 -1 -1 -2 -2 -2 -2 -2 -2 -1 -2 -2 -2 -1 -1 -2 -1 -2 53743915 -2 -2 -2 -2 -2 -2 -2 633697489 -2 -1 -2 -2 -2 -1 -1 -2 -1 141618119 -1 -2 -2 -2 -2 -1 -2 -2 -1 -1 -2 -2 -1 -2 -2 -2 -1 -1 -2 -2 -2 -2 -2 -2 -1 -2 -2 -2 -2 408282705 -2 -2
-1 -2 -1 -2 -2 -2 -2 -2 -1 -1 -1 -1 -1 -2 -2 -1 -1 -1 -1 -2 -2 -2 -1 -2 -2 -2 -1 -1 -2 -2 -1 -1 541811286 632671652 -2 -2 -1 -2 -1 -2 -2 597670183 956231756 -2 602445666 -1 -2 -2 -2 -2 315788529 -2 -1 43165932 -2 -1 -2 -1 -1 -1 -2 -1 -2 -1 -2 -1 -2 -1 -2 -2
-1 -2 -2 379127581 228307692 -1 -2 -1 629849095 -1 -2 -2 -2 -1 -1 -1 -2 -2 -2 -2 -1 119020009 -2 -1 -1 -2 -2 -1 527826754 -1 -2 597591658 -2 -1 -2 -1 -2 -2 -1 -2 -1 716421146 -2 -2 -1 670914822 -2 -2 -1 -1 -2 -2 -1 -1 -1 -2 885087072 -2 -2 -1 -1 -2 -2 -1 -2 -2 -1 -2 -1 -1
-1 -1 -1 -1 -1 -1 -1 -1 -2 134760175 -2 -1 -2 -2 -2 -2 -1 781737849 -2 -2 -2 -2 727807027 -2 283777610 -1 -2 -2 -2 -1 -2 -2 -2 -1 -2 -2 959771847 -2 -1 -1 -2 -2 -1 -1 990457544 569035302 -2 -2 -2 534097719 -2 -1 -2 -1 -2 -2 -1 -1 -2 -2 -1 -1 -1 -1 -1 -1 -2 -2 -2 -2
-1 -2 -2 -1 -2 -1 -2 -2 -2 263522230 -2 -2 -1 -2 -1 -1 -2 -2 -1 -2 -2 -1 -1 -1 -2 -2 -1 -2 -2 -1 -1 -2 -2 -1 118155028 395738539 -2 -2 -2 -2 -1 478620767 -2 -2 -2 -1 -1 -2 -1 -1 -1 -2 -2 -2 -2 -2 -1 -2 -2 -2 -2 -1 -1 -1 -1 -2 -2 -1 -2 -2
225931767 -1 -1 -2 -1 -2 -1 -1 -1 -1 -1 -2 -1 -1 -2 -2 -2 -2 -2 -2 783350655 -1 -1 554201983 -1 -2 -2 969064817 -2 -1 -1 -1 -2 864847994 -1 335218253 -2 -1 65016409 -2 129870174 -2 -2 -1 769994089 59865932 -1 -2 -1 -1 -1 -1 -2 -2 -2 -2 -2 -1 -1 -1 -2 -2 -2 -1 -2 -1 -2 -2 -1 -2
-1 -1 -1 -2 -2 -2 -1 -1 -2 -2 -2 -1 -2 -2 -2 -2 -2 -2 -2 -2 -1 -1 -2 -1 -2 272458738 -1 -2 -1 -2 -1 -2 -2 -1 -2 -2 -2 -1 297742965 -2 -1 -2 -2 -2 -1 -2 -2 -2 -2 625667751 -2 -1 -1 -2 -1 -2 -2 -1 -2 -1 -2 -2 -2 -2 -2 713446454 -2 -2 366932758 -2
-2 -1 -2 -2 -2 -1 -2 -1 130483842 -2 -2 -1 -2 -1 -2 -2 -2 -1 -1 -2 -2 -2 -2 -2 -2 -1 -2 -1 -1 -2 -2 -1 -1 -2 697103047 -1 -1 -2 -2 -2 -2 -1 -1 -1 -2 -2 801105584 -1 -1 -1 -2 -1 -1 -2 -2 -2 -1 -2 -1 -1 -2 -1 772410727 -1 -1 -1 -1 633526416 -2 -1
-2 -2 -2 -1 -2 840418569 -1 -1 -2 -2 -2 81889193 -2 -1 -1 -1 -1 -2 -2 -2 -1 -1 -2 -2 -2 -2 -2 -1 -2 -2 -2 -2 407210456 -1 -1 -2 478477397 -1 -2 -2 -1 -1 554042521 -1 -2 -1 -2 -2 -2 -1 -1 -2 -2 -2 -1 -1 -1 -1 -2 517624533 -2 -2 -1 -1 -2 -1 -2 -1 -2 547775353
-2 -2 -2 -1 -2 -2 -2 -2 44193320 -2 -2 -2 -1 -2 -2 437248565 -1 66945990 965625741 -2 -2 -2 -2 -2 -1 -2 -1 -1 -2 -2 -2 -2 50720657 689945020 -1 -2 -1 -2 408704840 -2 -1 683095104 -2 -2 -2 846895304 -1 -1 -1 -2 -2 642860816 -2 419350296 -1 -1 250989772 -2 -1 -2 -2 -1 -2 -2 -2 -2 -1 -1 874773068 -1
-2 -2 -2 -1 -1 -2 -2 -1 -2 -1 -1 -1 186958965 -1 -2 -2 -1 -1 -1 -2 -2 -1 -1 -1 -1 -1 -1 -1 -1 295409628 -2 -2 -1 -2 -2 -2 -2 -2 -2 -1 -2 666329515 -1 -2 -2 -2 -2 -1 -1 -2 -1 -2 -1 -1 -1 -2 548870343 -2 -1 -2 724946998 -2 -2 -2 -2 746058268 -2 -1 -2 -2
-2 -2 -1 -1 -1 -1 -1 -2 -2 -2 -2 -1 -2 -2 11257689 -1 -1 -2 -1 -2 -2 -1 -1 -2 -1 -1 -2 -2 -1 -1 -1 -2 -1 -2 -2 -2 -1 -2 -2 -1 -1 -1 -2 -1 -2 -2 -1 -2 -2 -2 -1 58580068 -2 -1 -2 -2 -2 527960469 -1 -2 -1 -1 -2 -1 -2 -2 -2 -2 -2 -1
-2 -2 79374893 -1 -1 -2 -2 -2 -2 -2 -1 -2 -1 -2 -1 -1 -1 80657596 -1 17373251 -2 -2 -2 -2 938820568 -2 -2 -1 -2 11695118 -1 -1 888113995 -2 725619968 -2 -2 -1 -2 -2 -2 -2 -1 -2 -2 598343243 -2 954717053 -1 -2 -1 -2 -1 -1 594549148 -1 -1 -2 -1 -2 -2 -2 -2 855639212 -1 -2 -2 -2 -2 -1
-2 517722267 876139956 -2 10808043 -2 -1 -2 -1 -2 -1 -2 -2 -2 -1 -1 -2 -2 -1 -2 -2 -2 -1 748994840 562103096 -1 -1 -2 -2 -2 -1 -2 -2 -1 -1 -1 -1 -2 -2 -1 -2 -2 212764215 -2 486723564 -1 -1 -2 -2 -2 -2 -1 -2 -1 -1 -2 -2 -2 -2 -1 -2 350821620 -2 -1 -2 -1 695637746 -1 -1 -1
-2 -1 -1 -2 -1 -2 -2 -2 -1 -2 -1 -2 -2 -2 -1 -1 -2 -1 -1 -1 -2 -1 -2 -2 -2 -1 318540795 304952258 -2 -2 613113089 -2 -2 -1 -2 -1 -1 -2 -1 -1 -1 -2 -1 -2 -1 674218480 -1 -2 -2 -1 -2 -1 -2 -1 -2 -1 -2 -2 -2 -2 -2 -1 -2 32364704 -2 -2 -1 -2 -1 -1
-2 -2 -2 -1 -1 -2 -2 -1 -2 -2 -2 -2 -2 -2 -1 -2 -1 -1 -1 -1 -1 -2 -2 -1 -1 974645637 -2 -1 -1 -2 -1 -2 878207788 -2 -1 -2 -2 -1 -1 -2 -2 -2 355997103 -1 -1 -2 -2 -1 -1 -2 -1 -1 -1 -2 -1 -2 -1 613874911 -1 -2 -2 -2 -2 -1 -2 -1 -2 -1 -2 -1
-2 -2 -1 -2 805799338 -2 -2 -2 -2 -1 -2 -1 -2 680237990 -1 -1 -1 -1 -2 -1 -1 -1 595355646 -1 -2 -2 -1 -2 -2 -1 -2 -1 -1 -2 -2 -2 -2 -2 -2 -1 -2 -1 -2 393099746 -1 -2 777334118 -1 -1 -2 -2 -2 -2 -1 -2 861930643 -1 -1 -2 -1 -1 112238428 -1 -2 -2 -2 -1 -2 -2 -2
-2 -1 -1 -1 -1 -2 743882514 -2 -1 -1 -2 -1 815608067 -2 -2 -2 -1 -1 -1 -1 -2 -1 -1 -1 -2 -1 -1 -1 -2 -2 -1 -2 -2 -1 -2 -1 -2 -1 -1 -1 -2 -1 -2 -2 -2 -1 -2 -2 -1 -2 -1 -1 -1 -2 232670487 -2 -2 32279239 -1 104187605 -2 -2 -2 -1 -2 -1 -2 -1 258222663 -1
-2 -2 -1 -2 -2 -1 -2 -2 -1 720533929 -2 -2 105139171 -2 -1 -2 -1 -2 -2 -2 -1 -1 -1 -1 572704741 -1 -2 -2 -1 -1 -1 -2 -1 -2 969913895 -2 285431988 -1 -1 -2 -2 -1 -1 -2 -1 -1 -1 -2 -2 -2 -2 488852751 -1 -2 -2 -2 -1 -1 -2 584070521 -2 -2 -2 -1 -1 -2 -2 -2 -2 -2
252575504 -2 -1 -2 -2 -2 -1 -1 -2 -2 -2 -2 -2 -2 -2 -2 -2 -2 -1 -2 -2 -1 -2 -1 -1 -2 -1 -1 -1 -1 -1 -2 -1 -1 -2 -1 -2 546328023 -1 -2 -1 -2 -1 -2 -2 -2 -2 647009297 -1 693351485 -2 -1 -2 -2 -1 -1 -2 -2 -1 -1 -2 -1 -2 -2 403857450 -1 -2 -2 -1 -2
-1 -1 -1 -1 -2 -1 -2 -1 -2 -2 -2 137453118 -1 -2 511805814 -2 -2 -2 -2 -2 -2 -1 -2 -2 -1 -1 -1 498228089 -2 -1 -2 -2 -2 -1 -2 -2 -1 -1 -2 -2 -2 660511062 299732330 -2 -1 -2 -1 -2 -2 -1 -1 -2 -2 -2 -2 -2 -2 -1 433524214 -1 -2 -1 550252475 -2 419464069 -2 -1 -1 -1 -2
-2 658068351 -2 -1 -2 -1 -1 -2 678508730 553049495 -2 -1 643676025 -2 -2 -1 -2 -2 -2 -2 -1 708877684 -2 -1 -1 -2 -1 -2 -2 622625536 -2 -2 -2 -1 -1 -2 171679033 -2 -2 -1 -1 -2 -2 -2 -2 -2 -2 -2 -1 -2 -1 -1 -2 -1 -1 -1 -2 -2 -1 -2 -2 -1 -1 -2 -1 -2 -1 -2 -2 -2
-1 -1 -2 -1 -2 519733210 -1 -2 -2 922487539 -2 -1 -2 -2 -1 -1 -1 -1 -1 -2 -2 -2 -2 -2 -1 -2 -2 -2 -2 -2 -1 -1 -2 -2 -2 -2 -1 -2 -2 -2 -2 -2 -1 -1 -2 976265020 -2 -2 462243400 -2 -1 -2 -1 -2 -1 -1 -2 -2 -1 804651517 -1 -1 -2 -2 -2 38987962 -2 -1 -1 -1
-2 523156397 -2 -1 -1 -2 -1 -1 -1 -1 466144912 -2 -2 660767717 84325352 -2 -2 -1 -2 -2 -1 33536523 -1 -1 -1 -1 -1 -2 -2 -2 -2 476752913 -2 -1 -2 -1 -2 -2 -2 586338319 -2 -2 -1 864416308 -1 -1 -1 -2 -2 -2 -2 -1 -2 -2 -2 -2 304762624 -1 -2 -1 547530293 -1 -2 -1 -2 -1 -2 -2 -1 -1
-2 831858239 -2 -1 -1 955459965 -2 -2 -2 -2 -2 -2 -1 -1 -1 -2 -2 -2 -2 -1 -1 -2 -1 -2 -1 -2 -1 -1 -1 -1 -1 -1 -1 691879151 -1 13774546 -1 -2 730328309 -1 -1 -2 -2 -2 16062391 -2 -2 -2 -1 -1 -1 -1 -1 631065125 846743519 -2 -1 -2 -2 -2 -1 -1 -2 -1 -2 -2 -2 -1 -2 -2
-1 -2 246465864 -1 240810126 -2 -2 -1 -2 -1 -1 -2 -1 -1 -2 -2 -1 -2 -2 -2 -2 -1 -2 -2 -1 -1 -2 -2 -2 -1 -2 -2 -2 -2 -2 -2 -2 -1 -2 -2 -1 -2 -1 119693912 -2 -1 -1 -2 -2 -1 -1 -1 -2 -1 -2 -2 -1 -2 -2 -2 -1 -2 -1 -2 -2 988187662 -2 -2 -2 -2
-1 -2 808304397 -1 -2 683660280 -1 -1 -1 -2 -2 -2 -2 -2 -2 -1 -2 -1 -2 -1 -2 -2 -2 -2 -1 -2 -2 -1 -2 -2 -2 -1 -2 -2 -2 -2 -1 -1 -1 -1 -1 -2 -1 -2 -2 -2 690559019 -2 -1 -1 -2 -2 -2 -2 -1 -2 -2 892795431 -2 -2 -1 -1 -2 -2 -2 -2 898653317 -2 -2 -2
77052356 -1 -2 -2 -2 -2 -2 -2 -2 -1 196167688 -1 -1 -2 -1 -2 279133721 -2 -2 -1 -2 -2 -1 737412141 98213142 614055553 -2 354866367 -2 -1 -1 -1 -2 -2 -1 -2 -2 -2 -1 -2 -1 -1 -2 -2 -2 -2 -2 -1 -1 -2 306264773 -2 -2 -1 -2 -2 -2 -1 -1 -2 -2 -1 -1 -1 -1 -1 -2 -1 -2 -2
-1 -1 -2 -2 -2 -2 -1 -1 -1 -2 -2 -2 412097076 -1 -1 -1 -1 -1 -2 -2 -2 -2 -2 -1 -1 -2 -2 -2 -1 -2 -2 -2 -1 -1 -2 -1 -2 -1 -2 -2 -2 -1 -1 -2 -1 -1 -2 -2 128766963 -1 -1 -1 -1 -1 684512344 -1 -1 -2 -2 -1 -1 -2 -1 -2 -1 -2 -1 -2 -1 -1
-1 -2 -1 -1 -1 -2 -1 -2 -2 -2 -2 -1 528018707 -2 -2 -2 -1 -2 -2 -2 -1 639067453 -2 -1 -2 -2 -1 -2 -2 954334838 -2 -2 -1 -2 -2 -2 -2 -2 790849959 773037653 -1 -2 -1 -1 -1 -2 -2 -2 189428083 -1 -2 -2 -1 -1 -2 -2 -1 -1 -2 -2 -1 -2 -1 -2 -1 -2 -2 -2 598581475 -1
-2 -2 -2 539892136 177885629 -1 -2 -1 -1 -2 774948657 -2 -1 -1 -1 -2 -2 -2 -1 -2 -2 -1 -2 -2 -1 -2 -2 -2 -1 -2 -2 -2 -1 -2 -2 -2 -1 -1 -1 -2 -2 477356173 -1 -1 -1 -2 -1 -2 -2 -1 -1 -1 -2 107713377 -2 -1 -1 -2 530428251 -1 -2 -1 -1 -1 529227921 -1 -2 -2 -2 627832365
-2 -1 -1 -2 -1 -2 -2 26628852 628937248 -2 -1 -1 -1 -2 -2 -2 -2 499318313 -2 77215137 328184365 328080734 485143872 -1 -2 -2 -2 -2 -1 -2 209586120 -1 986938037 -1 -2 704606722 -2 -2 -1 -2 -2 -2 -2 -1 -2 -1 -2 -2 -2 -1 -1 -2 -2 -2 -2 -2 -1 -2 -1 -1 -2 -2 -1 -2 -2 -2 -1 -1 263136911 -1
-1 -2 -2 -2 -1 -2 -1 -1 -1 -2 695900074 79380494 601245672 80262817 -2 -1 -1 224083332 -1 -2 -1 588609481 -1 -2 -1 -2 757739399 -1 -1 -2 -2 -2 -2 -1 -2 -2 -2 -1 -1 -2 -2 -1 -2 -1 -1 -2 -2 -2 -1 -1 -1 -2 111097114 -2 -1 -2 -2 -2 -2 -2 -2 -1 -2 -2 -2 -1 779897367 -1 -2 561139076
-1 -2 -1 -2 -2 -2 -1 -2 -2 -2 -2 -1 -1 -1 -2 -2 -1 -2 -1 -1 -1 -2 -1 -1 -1 -2 -2 -2 -2 -1 -2 -1 -1 -1 -2 -2 -1 -1 -2 -2 -2 -2 -1 -1 -1 -2 -2 -1 -2 -1 -2 -2 -2 -2 -2 -1 -2 -2 -2 -1 -2 -2 755102521 238743688 -1 -2 -1 -2 -1 -2
-2 -1 -2 -2 736668976 -1 -1 -1 -2 241476439 -2 -1 -1 -1 -2 314435862 -2 -2 -2 -2 769487982 640368373 -2 -2 -2 -2 -1 -1 -2 -2 -2 -2 -1 -2 -2 -2 -1 260910138 -2 -1 -2 -1 -2 662882273 -2 -2 -1 -2 -1 -2 239468952 -1 -1 -1 -2 -2 336320261 -2 -1 -1 727373578 -2 -1 89485735 -2 -2 -1 -2 110942150 -2
-2 -1 -2 -1 -2 -1 -2 -1 -1 -1 -1 -2 -2 -2 -2 -2 -1 -1 291054673 -2 -1 -2 -2 -2 -2 -1 -2 -1 -1 -1 -2 -2 -1 -2 -1 -2 -1 -1 -2 -2 -2 -1 -1 -2 -1 -2 347447457 -2 -1 -1 -1 -1 -2 -2 -2 -1 145874427 -2 -2 -1 -2 -1 -1 -2 -2 -2 -2 -1 -1 -2
-2 -1 -1 -2 -1 -1 -2 -2 -1 -2 -2 -2 -1 -2 -1 -2 -1 -2 -2 -2 -2 -2 -2 -1 -1 543404424 -1 -2 622179022 -2 -1 -2 -2 -1 -1 -1 -1 -1 -2 -2 14575680 827613440 -1 -2 -1 -2 -2 -2 -1 -2 -2 189813103 -2 -1 -2 -2 -1 -2 -2 -2 -2 -1 -2 -2 -2 -1 -2 -2 -1 877356362
-1 264593434 -1 307720419 -2 -2 -1 -2 -1 28380853 -2 235307488 392022254 -1 -2 -1 -2 -1 -2 -2 -1 -1 -2 -2 -2 -2 540186803 -1 -2 -2 -1 -1 98250273 -1 -2 445181134 -2 -1 -1 -2 -2 -1 765247445 -2 -2 -2 -2 -1 -1 -2 70497549 -2 -2 -2 -1 -2 -2 -2 -2 -2 28992743 -1 -1 -1 -2 -1 464425696 -1 -2 -2
-2 -1 -1 -1 -2 -1 -1 -1 -1 -2 -1 -1 -2 -1 -2 -1 -2 -2 -2 -2 -2 -2 333295301 -1 -2 -1 -2 962662523 -2 -2 -1 -2 -1 -2 -1 -2 -2 -1 -1 -2 -1 -1 -1 -1 -2 -2 -1 -1 -1 -1 -1 -2 -1 -2 -2 -1 422023058 277184029 -2 -1 840466001 -2 -1 -1 -1 -1 -1 731544567 -2 -2
-2 -2 33252141 -2 -2 -1 -1 -2 -2 -2 -2 -1 -2 -2 -2 475427493 -2 -2 -1 -1 -1 31520151 -1 -2 -2 -1 -2 -1 259629834 -1 -2 -2 880382577 -1 -2 -2 -1 -1 981153668 -1 -2 -2 -2 735384320 -1 -1 656883751 -1 -1 -2 -1 -2 -2 -2 -1 -1 -2 -1 -2 -2 -1 -2 -2 -2 -1 -2 -1 -2 -1 -2
19923753 -2 -1 -2 -2 -1 -2 -1 -1 -1 -1 -2 -1 -1 883911279 -2 -2 -1 -2 -2 -1 -2 -1 -2 -1 -1 904514541 -1 -1 -2 -1 -2 -1 -1 -2 478985052 -2 -2 -1 -2 239803283 -2 235525186 -2 -2 -2 -2 -2 -1 523098822 -2 -1 -2 -2 -2 -2 -2 -2 587512542 910995422 -2 769894923 -2 -2 -2 -1 -1 -1 -2 -1
