61 61
-1 -2 -1 -2 -1 -2 -1 -1 -2 514347719 -2 -2 -1 -2 -2 -1 -2 -2 -1 -1 -2 -2 -2 -1 -1 901869027 -2 -2 -2 -2 -2 -2 -1 -2 -1 -2 -1 -2 -2 769441180 -1 -1 -1 -1 -2 -2 -2 961283789 -1 -2 -2 -1 -2 -1 253207234 -2 -2 -1 -2 -1 -2
-1 -2 -1 -2 -1 -2 -2 -1 -1 -1 -2 -1 -1 -1 -2 -2 -1 -2 -2 -1 -2 -2 988858480 -1 -1 -1 -2 79158962 -2 -1 -2 -1 -2 -2 -2 -1 -1 865734439 -2 -1 -2 741122516 -1 -2 -1 -1 -1 -2 841242027 434132482 -2 -1 -2 -2 -1 -1 740000369 -1 -2 -1 -1
-2 -2 -1 -1 -1 -2 -2 -1 -1 -1 -2 871063886 83746179 -2 -1 -2 -2 -1 -2 205382240 -2 -1 -2 327838784 -1 -2 976401721 -1 -2 -2 -1 -2 -2 -2 -1 -2 -1 -2 -1 -2 -2 -2 -2 569389875 -1 -1 -2 -1 -2 -1 -2 -1 -1 -2 353746694 -2 -2 -1 -2 -2 980054117
-1 -1 -1 -2 -2 -1 -1 -2 -1 -1 -2 -2 549364181 -1 -2 -2 -1 -2 -2 -2 -2 569192670 -1 -2 -2 -1 -2 -2 -2 60606912 -2 -2 -1 -1 -1 -2 -2 -1 -1 -2 -2 -2 -1 -1 -2 -1 538786903 -2 -2 -1 -2 -2 -2 -1 -2 -1 -2 -2 954706899 -2 -1
374901627 -2 -2 -2 -1 -2 -1 -2 639385152 -2 -2 -2 -2 -2 -1 -2 -1 -2 -1 -1 522167034 -2 -2 -1 -2 915538852 -2 -2 374290507 -2 -2 887436276 -2 -1 -1 -2 -2 -2 -2 -2 -1 -1 978725830 -1 -2 82708426 -2 -1 -2 -2 -2 -2 -2 402498042 379321264 -2 -1 -2 -1 -2 -1
-2 -2 -2 -2 -1 -2 -2 -2 -1 -2 -2 -2 -2 -2 -2 -1 -2 -2 -1 -1 -1 -1 -1 -1 -1 -2 -2 -2 -1 -1 -2 614972065 -2 -2 -2 -1 -1 -2 409757279 -2 -1 -2 -2 -2 313818746 -2 -2 -1 -1 -2 -2 -1 -2 -2 -1 -2 -2 -2 577206141 -2 -1
-1 -2 -2 -2 -2 17439264 -2 -1 -2 -1 -1 -1 -2 763722109 -2 -1 -2 -2 -2 -2 -1 506797706 915766255 -2 -2 -1 -2 -2 -2 -2 -1 -1 -2 -1 -2 -1 667656118 -2 -1 -2 134286405 -2 -2 -2 -1 -2 -2 -1 -2 -1 -1 -2 -2 -2 761100900 -1 -1 -1 -2 -2 -1
-1 -2 -1 -2 694946420 -2 -2 -1 -1 -2 -1 -2 -1 -2 -2 554078744 -2 -1 -1 -1 -1 -2 -2 -2 -1 -2 104043323 -1 -1 -1 -1 -2 -2 -1 -1 -1 -2 -2 -2 -1 -2 -2 -1 -2 847712134 -2 300023182 -2 217087175 -2 -1 972034683 -1 -2 -1 -1 -2 -2 -2 96141507 -2
-1 -2 -2 -1 -2 -2 -1 -2 -1 -1 -1 -2 -1 -1 -1 -2 -2 -2 -1 -1 -2 -1 -2 -1 -2 -2 996441545 -2 -1 -1 -2 -1 -2 -2 -2 -2 -1 -2 -1 -2 -2 -2 -2 660178539 -1 -2 -1 -2 126267334 -2 266538339 -1 -1 576505590 -2 -2 -1 -2 -1 -2 275636332
-2 965330723 -2 -2 -1 -1 -2 -2 -2 -2 -1 -1 -1 -1 -1 -1 -1 -2 -1 -2 -2 -2 -2 -2 -1 -2 -1 -2 -1 -2 -1 -1 -2 -1 -2 -1 -1 -1 -1 -1 -2 -2 -2 -1 -2 -2 15889630 -1 -1 -2 -2 -2 -2 -1 -1 -2 -1 223362484 -1 479837325 -2
-1 722616002 -2 -2 -2 -2 -2 -1 -2 -1 -2 -2 -2 -2 622891164 -2 431639906 -1 -1 -1 -2 -2 -2 -2 -1 -2 -1 -2 -2 -1 -1 -2 -1 -1 -2 -2 -2 -2 -2 -2 -2 -2 -2 -2 -2 543524418 -1 -1 -2 -2 -1 -2 -2 -1 -2 -2 -2 -2 677037844 -1 -1
840132036 -2 -2 -2 -1 -1 -2 -1 37224444 -2 -2 -2 -2 -2 -2 84392366 -2 -2 -1 -2 -2 -2 -2 -2 959935014 -1 -2 -1 -2 -2 -1 -1 -1 -2 -1 -2 -1 -1 -1 -2 -1 502207438 -2 -2 -2 -2 -2 -2 -2 -1 -2 -1 -2 -2 -2 -1 -2 -2 -1 879638146 -1
553428850 -1 -2 -1 -1 -2 -2 -1 -2 -2 -2 -1 -2 -2 -1 -1 -1 187705802 -2 -2 661177682 -2 -1 -1 -2 -1 -2 -1 -1 -2 -2 -1 -2 918814198 -1 -2 -1 -2 -1 -1 -2 -2 -1 632472129 -2 -2 702665503 148445545 -1 -2 -2 -2 -1 -2 -2 -2 -1 -1 931042163 -1 -1
-2 -2 -1 -1 -2 -2 -2 -2 -1 477816065 -2 -1 -2 -2 -1 -2 -1 -1 -1 -1 -2 -2 -1 -2 -2 561138076 -2 -1 -2 81918987 -2 -2 -1 -2 847229775 -2 -2 157247894 -2 310739047 -2 -2 -1 -1 471537099 -1 -2 -1 -2 -2 832549049 -2 -2 -2 -1 450315472 -2 -1 -1 -2 -1
-2 -1 -1 -1 -1 -2 -2 712986322 -2 -2 -1 66810930 -2 -2 -2 -2 -2 -2 -1 -2 -2 -2 25164336 -1 -1 -2 -1 -2 -1 -1 -1 -2 -2 -1 -1 -1 -1 -1 -1 -1 -2 -2 -2 22468996 -1 -1 -2 -1 -2 -2 -2 -2 -2 385366058 -1 -1 -1 -1 -1 -2 552950932
-1 -2 -2 -2 -2 -2 -2 177287294 -1 -2 -1 -1 -1 976588820 -2 -1 110412779 -2 -2 -2 -2 -1 -2 -2 -2 -1 -2 210712900 716338024 -1 331668937 -1 -2 -2 531349150 -1 -1 -1 -2 -1 -1 -2 -1 524766713 -1 -2 -1 -2 -1 -1 -1 -2 -2 -1 -1 -1 -2 -1 -2 -2 -2
-1 -1 -2 -1 -2 -1 -2 -2 -1 -1 -2 -2 -2 -1 -1 -2 -1 -2 -2 -1 -1 -2 -2 -2 945247828 -2 -2 -2 -1 -1 -2 134453579 -2 -1 -2 -1 -1 -1 -1 -2 -1 -1 -1 -2 -2 -1 -2 -1 -2 -2 -2 -2 841248820 -2 -1 -2 -2 976582119 -1 -2 -2
-2 -2 -2 -2 -2 -2 -1 -2 -1 -1 -2 -2 -2 -2 -2 -2 -1 -2 981329492 -2 -2 -1 -1 -1 -2 -2 -2 -1 -2 -2 -2 -2 -2 -2 -1 -2 -2 -1 -1 -2 -2 -1 -2 461681067 -1 -2 614414032 -1 -2 -2 -1 -2 -2 -2 -2 -2 -1 -2 -1 -2 -1
-2 -1 -1 958974995 868461416 -1 -2 -2 747085058 -2 -2 -1 -2 -1 -2 -2 -1 -1 -1 -2 951444603 -2 -2 -2 221614540 -2 -1 -1 -1 766381147 -2 -1 -2 -2 -2 -2 -1 -1 -2 -1 -2 -2 -1 -1 -2 -2 -1 -1 -1 -2 -1 -2 -2 -2 -1 -2 -2 -1 -2 -2 -1
-1 -1 -1 -1 631560576 -2 104151844 -1 -2 -1 313041151 -1 -2 -1 -2 -1 -2 -2 -2 -2 -2 -2 -2 -2 -2 -2 -2 -2 813082871 -2 -2 -1 -1 -1 -2 -1 -2 -2 -1 -1 -2 -2 -2 -2 -2 -1 -2 -2 -2 -2 559013646 -1 -2 -2 -1 -2 -2 -1 -1 -2 -2
-2 -1 -1 -2 -2 -2 -2 -2 -2 -1 -2 -2 -2 -2 -1 -2 -2 -2 -2 -2 -2 -2 226193354 -1 -1 -2 -2 156233835 -2 -2 -1 -2 834334169 -2 -2 -1 -2 -1 -1 -2 -1 -1 -2 331381816 230866727 -1 -1 -2 760594594 -2 -2 -1 -2 -2 -2 -2 -1 509247285 -1 -1 -2
291210668 -2 -2 -1 -2 -2 -2 -2 -2 -1 -1 -2 -2 -1 -1 -1 -2 -2 -2 -2 -1 -2 -2 -1 -2 922989718 -1 -1 -2 -2 -1 -2 -1 -2 -2 -2 -1 -1 -1 -2 -2 -2 -1 -1 -1 -1 -2 764161946 -2 -1 738261349 973645093 -2 -2 589523640 -1 26770967 -2 -1 -1 -2
-2 -2 -2 -1 189752275 485629321 -1 624772046 -2 -2 -1 -1 -2 -2 -1 -2 -1 -2 -1 -2 -1 -2 -1 -2 -2 -1 26307999 -2 -2 -2 -2 -2 -2 -2 -2 -1 -2 -2 -1 -2 377159217 -1 879358890 -2 285376357 -1 -2 -1 -2 545643337 -1 -1 69878710 -1 -2 -1 -2 742354283 -1 -1 -2
-2 -1 -1 -2 -2 -2 -2 -1 768361473 -1 -2 -2 538294658 -2 479591424 -1 -1 -2 -2 -1 -2 -2 -2 -2 -1 -1 -2 -1 -1 -2 -2 -2 -1 -2 -2 957366951 -2 -2 -2 -2 -2 -2 -2 -2 -2 -2 -2 705649819 -1 -2 -2 -2 -1 -2 -2 -2 -2 -2 -1 -1 -1
-2 -2 -2 -1 -2 -1 -2 142072867 -2 -2 248553949 -1 -1 -2 -1 -2 299144381 -2 -2 -1 -2 -1 -1 -2 -2 -2 -2 -1 -1 296223358 -2 -2 -2 -2 -2 -2 -1 -1 590910514 -1 -2 -2 -2 -2 -1 -2 -2 -2 -1 -1 691027015 522785144 -1 -1 -1 -2 -2 -1 -1 -1 -2
-1 -1 271362162 -2 -2 -1 -2 -2 -1 -2 -2 -1 -1 -2 -1 -2 -1 -1 -1 -1 -2 -2 -1 -2 371796033 763564348 -2 -1 -2 -1 450215398 683802227 -2 -1 -2 -1 -2 -1 -2 -2 -2 -1 -1 -1 -2 -1 -2 -2 -2 -2 -1 -2 -2 -2 -2 -2 -1 -1 139625118 -1 -1
-2 -2 -1 -2 8785251 -2 -1 -2 -1 -1 -2 -2 -2 -2 -2 -2 -1 -1 -2 -2 -2 -2 -2 -2 -2 -2 -1 -1 -1 -2 -1 -2 -2 558875457 -1 617874318 -2 -1 -1 -2 -1 -2 755771074 -1 151375106 -2 592224493 -1 -2 -2 -1 -2 -1 355594091 -1 -2 -1 -2 -2 -1 664474192
-1 -1 -2 -1 598641866 186195329 -1 -2 -1 -1 -1 -1 -1 -1 -1 -1 -1 -2 -1 -2 -1 808333223 -2 -1 788248801 -2 -2 -2 -1 -1 -1 -2 -2 -1 -2 -2 601211353 -2 -2 -2 -2 -1 -2 -2 -2 -2 -2 -2 -2 -2 -2 -2 -2 -2 -2 -1 -2 -2 -2 -2 -2
-1 -2 -2 -1 -2 -2 -2 -2 -2 -2 -2 -1 -2 -2 -2 -1 -2 -2 -2 -2 -1 -2 -2 -1 -1 752815773 -1 -1 -1 -1 -2 -2 -2 -1 -1 -1 -1 -2 238311256 -2 -1 -2 -1 517380246 -2 -2 -2 643292573 -1 -1 -2 -1 -2 912466716 -2 -2 437002715 -1 -2 -2 -2
-2 -2 -1 -1 -1 -2 -1 -2 -2 -1 -1 -1 -2 -2 -2 -1 -1 -2 -1 -1 6350747 458352142 -2 -2 -1 -2 -2 -2 -2 -2 75889648 -2 -1 -2 -2 500333380 -1 -1 -2 -2 669847277 -2 -1 -1 -2 -2 -2 -1 -2 -2 -1 -2 -1 340941466 -2 -2 -2 -2 -2 361634332 -2
-1 -1 -1 882858089 -2 -2 -1 222301115 -2 -1 -2 -2 -1 -1 -2 -1 -2 -2 -2 -2 -1 -2 -2 -2 -1 -1 -1 -1 -2 -2 -1 -2 -2 624053026 -1 -1 -1 -2 -1 -1 -2 -1 -2 -2 741401980 -2 -2 844164031 -2 -1 -1 -1 -1 -2 -2 -2 -1 -1 -1 -1 -1
832284069 -1 245969053 -2 -2 -1 -1 -1 501146039 -1 -2 -2 -2 -2 -2 -2 -2 -1 -2 -2 -2 -1 472213006 -2 585591084 -1 -2 -2 -1 -2 42715668 -2 -2 639385282 -1 -2 -1 -2 -2 -1 -1 -2 -1 -2 -2 -2 -2 -1 -1 -2 -2 -2 -1 -2 -2 -2 -2 -1 -2 -1 -1
-2 -2 -2 -2 -2 -2 -2 -2 -2 759277619 -1 -1 -2 -2 -1 -2 -1 -1 -2 -1 -1 -2 -2 19282827 -1 -2 -1 -1 -2 -1 -1 -2 -2 -1 -2 -2 -2 -1 -1 -2 -1 422920641 -2 -1 -2 -1 638110737 168688952 -1 990078453 -2 444093179 -1 713573390 163049619 -1 200372333 -2 505593862 -1 -2
-1 -1 -2 -1 -1 -1 -2 -2 -1 -1 -1 -2 -2 -2 -2 323731527 -2 -2 -2 -2 -1 -2 -2 -2 -2 -2 -2 -2 -2 -2 -2 63731776 -1 -2 9565819 -2 -2 -2 -1 -1 69701044 -1 -2 -1 -1 -1 -2 -1 92793734 -1 -2 -2 -2 -2 -1 776791576 -2 -1 -1 -2 -1
-1 -1 -2 -2 422668220 -2 -2 -2 694685601 -1 -1 -1 -2 -2 49635545 -2 -2 -1 -2 -2 -2 -1 -1 -2 -1 -1 -1 -2 -2 -2 -2 -2 -1 -2 -1 -2 -2 497201166 -1 -2 -2 -2 -2 -1 -2 -1 -1 -2 -1 -1 428795401 -1 -2 -1 -2 -2 -1 -2 -2 -1 -1
-2 -1 -1 -1 -2 -2 -2 -2 -1 -1 46493045 -2 -2 -1 78480935 -2 -2 -2 -1 -1 -2 -2 -1 -2 -2 -1 -1 -1 416554962 -2 -2 -2 -1 -1 -2 -1 -2 -2 -1 -1 -1 -2 -2 945880665 -1 -2 -1 -1 -1 -1 -2 -2 -2 -1 -1 -2 -1 -2 -2 -1 -1
-2 -1 -1 -1 -2 -1 -1 294234005 -2 -1 -1 -2 -2 -1 -1 -1 -2 -2 -2 -1 -2 -2 -2 -2 -2 -2 -2 -2 -2 29116013 -1 -1 -2 -1 -2 -2 -1 -2 -2 -2 -1 -2 -1 515012903 -2 -1 -2 -1 111189792 959806999 -1 -1 -2 -2 -1 -1 340815540 -1 -1 -2 -1
-2 -1 -2 -2 -1 -2 -2 -2 -2 132087403 -1 -2 -1 -1 -2 -1 -2 -2 -2 -2 -2 183217338 -2 -1 -1 911479836 -2 -2 -2 -2 -1 -2 -1 -2 79133355 -2 -1 -1 -2 -2 -2 -2 -1 -1 -2 -2 -1 -1 -1 -1 -2 -2 -2 -1 -1 -2 -2 -2 -1 -1 -2
-1 -1 -1 -2 -1 -1 -2 -2 -1 -2 -1 -2 -2 -2 -2 749306041 -2 -1 28938416 -2 -1 -2 -1 -1 -1 -1 -2 -2 -1 -1 -2 -1 -2 -2 -1 -2 -1 -2 -2 -2 -2 -1 -2 619911261 -1 -1 -1 -1 -2 -1 -1 -1 -2 -1 -1 -2 -2 -1 295294007 -2 -2
-1 -2 -2 -2 -2 -2 -1 -2 -1 -2 -1 -1 -2 -1 -1 842380959 -2 -2 929730979 -2 -2 -2 -2 -1 -2 -2 -2 -2 -2 385091527 -2 -2 -2 -2 -2 -2 -2 -2 -1 -2 -2 -2 -2 -2 -2 -1 -2 -1 -2 -1 -1 642975285 67571867 455731873 -1 -1 -2 -1 -2 -2 -1
-2 -1 -1 -2 -2 -2 -2 -2 -2 -2 -2 214414990 -1 -2 -2 -1 -2 965340270 -1 -2 -2 -1 -2 -2 -2 -2 -1 -1 980955486 -2 -2 -1 -1 -2 -1 -1 -2 16937281 -2 -2 -2 -2 -1 -1 445005986 -2 -1 -2 -2 -1 -1 -1 -2 -2 -1 -2 -2 -1 -2 -1 -1
-1 -2 -2 -1 -2 -2 -1 -2 -2 -2 -2 -1 -2 -2 -2 -2 -2 -2 -2 -1 -1 -2 -2 861771508 -2 -2 -2 -2 -2 -2 -2 875632513 -2 -2 -2 -1 -1 -1 -2 -2 -2 -1 -2 -2 -1 -1 -1 -1 -2 -2 -2 -2 -1 -1 -1 -2 -1 -2 -2 -2 -1
991929899 108878560 -2 -1 949131725 -1 -1 -1 -2 185984688 -1 -2 -2 -2 -1 -2 -2 -1 -2 -1 -2 -1 -1 -1 -1 -2 -1 -2 -2 -1 -2 -1 -1 -2 -1 -2 -1 951575459 -2 -2 -2 -2 -1 -2 -1 -2 -2 -2 -1 -1 -2 -2 -2 -2 -2 -2 -2 -2 -2 -1 -2
-2 -1 -2 -1 -1 -2 -1 -1 -1 -2 -2 835843349 -2 -1 -2 -1 277293315 998907396 -2 712793540 -2 -1 -2 -1 -2 -2 -2 -1 110255622 392061218 -1 -1 -2 -2 -2 -1 -1 -1 -2 -1 -1 -1 -2 -1 -1 125661523 -1 232512974 -1 -2 -2 -2 -1 -2 -1 -1 -2 -2 -2 -1 -2
-2 -2 -2 -2 126139499 -2 -2 -1 -1 -2 -2 -1 -1 -2 -1 -2 -1 -2 -2 -2 -2 -1 -1 -1 -2 -1 -2 -1 -1 398877278 -2 -2 -1 -1 -1 -2 -2 -1 -2 -2 -2 -1 -2 -2 -2 -2 -2 -2 -2 -2 -2 -2 -2 -2 -2 -2 -1 -2 -1 -2 -2
-2 -2 -1 -2 -2 -1 -1 -1 -2 -2 -2 -1 -2 -1 -2 587018861 -1 -1 -2 -1 -2 56714565 -2 -2 -1 -2 -2 -2 -2 -1 4025038 -1 -1 -2 -1 -1 -1 -1 -2 911589364 364501780 -2 -1 -2 -2 -1 -1 -2 -2 -2 -2 -2 908337389 -2 -2 -1 -2 -2 -2 -2 -2
-2 -1 -2 -1 292476941 -1 -1 -1 -2 -1 -1 -2 -2 -2 -2 -2 -2 -1 -2 -2 -2 -2 -2 -1 -2 -1 -1 -2 -1 -2 -1 -2 -2 -2 -2 179105169 -2 995100091 -2 -2 -1 -2 -2 -1 -2 -2 -2 -2 385829818 -1 -1 -2 -2 22323495 -2 -1 -1 -2 -2 -2 -2
-2 -2 -1 -2 -1 -2 -2 -2 -2 -1 -1 -2 -2 -2 -2 -2 -1 -2 672893886 -1 -1 -2 -1 197132844 -2 227296590 -2 -2 -2 703314828 -2 462749175 -2 -1 -2 -1 -1 -2 -1 -2 -1 -2 -1 788312484 -1 -2 -2 -2 -2 -1 -2 -1 -2 -2 -1 -2 -2 -1 -2 -2 -1
-2 -2 -2 -2 -1 779842500 -2 -1 -1 -2 -1 258225023 -1 509111632 -2 -2 -2 -1 -2 -1 -2 -2 -1 -2 -2 -1 300178966 -1 -2 -2 -2 -1 539300316 -2 -2 -1 -1 -1 -2 -1 -2 -1 -1 -2 -2 -2 -2 -2 -2 -1 -2 -1 -2 -1 308477061 -2 -1 -2 -2 -1 -2
-2 -1 898148438 -2 -2 235962551 -2 -2 -2 -1 -2 -1 -1 -2 -2 -2 -1 -2 -2 -1 -2 -1 -2 -2 -1 -2 -2 114718428 -2 -2 -2 -2 -2 -2 890723062 -1 -1 -1 -2 -2 -2 -2 -2 -2 -1 -2 -2 -2 -2 -2 120852428 -1 -2 -1 -2 -2 -2 -2 -1 -2 -1
-2 -2 -2 -1 -1 -2 -2 -1 463066188 -1 -2 -1 -1 -1 -2 305480552 -2 -2 -2 -2 -1 -1 -2 -1 -2 -2 -2 -2 8316785 -2 -2 -1 -2 -2 -1 -2 -2 -2 -2 -1 -1 -1 28914142 -1 -1 91812111 -1 -1 -1 -2 -1 -2 -2 -1 -2 -2 -1 -2 -1 -2 -1
-1 -2 -1 -1 -1 -2 -2 -2 -2 -1 -2 -2 -2 -2 -1 -2 830167971 -2 -2 897159015 -2 -1 -1 -2 -1 -1 -2 -2 -1 -2 -1 -2 -2 -1 -1 -1 340332376 -2 -1 322597025 -1 -2 -2 -2 -1 -2 -1 -2 -1 -1 -1 -1 8869630 -1 -2 -1 584047044 -2 -2 675253261 -1
-1 -1 -2 -2 -2 -2 -1 -2 -2 -1 -2 -2 -2 -1 -2 -2 -2 -2 -2 -2 -2 -2 -2 -1 298736338 -2 -2 -2 -2 -2 -2 -2 -1 -2 -2 908739802 -1 -2 -2 -2 -2 -2 -2 -2 -1 -1 -1 -1 -2 -2 -2 -2 -2 -2 -2 -1 -2 437029098 -1 284040556 -2
-1 -2 -2 -2 -2 -2 -1 -1 -1 -1 -2 -2 -1 -2 621910696 -1 -2 -2 -2 -1 27925774 168544508 -2 -1 -1 -1 -1 950785983 -2 -1 -1 -2 -1 904461633 -2 -2 469434901 -2 330792450 -2 -1 -1 -1 -1 -1 -1 -1 -1 607351157 -2 439911859 -2 -2 -2 -1 -1 -1 -1 -2 -2 -2
-2 -1 -2 -2 -2 -1 -2 -1 -2 -1 -2 -2 -2 -2 -1 -1 -1 -1 -1 -1 -1 -1 -2 -1 -1 -1 -2 306723213 -1 394193825 -2 -1 -1 -1 -2 -2 -2 -1 -1 -2 -2 -2 -1 -2 -1 -2 -2 -1 -1 -2 -2 467574040 -1 -2 -2 -1 -1 -2 317602075 977491597 284004599
-1 561863651 -2 -2 -2 -2 -2 -2 -1 140633365 963652202 -1 -2 -2 -1 -2 -2 -2 282929145 -2 -1 -2 72401284 91091309 -2 -1 -1 -2 -1 -1 -1 732272501 -2 -1 -1 -2 -2 -2 -1 -2 -1 -1 -1 -1 -2 -2 479370537 -2 -2 -1 -2 -2 326811035 -1 -1 -2 -2 -2 -2 -2 -1
-2 -1 325286481 -2 -1 -2 -2 -1 -1 -2 -2 -2 -2 -2 -1 -1 -2 -2 -2 -1 -2 -2 -2 -1 172723096 -2 -1 -2 -1 -2 -2 140267484 582552002 -1 -2 -1 -2 -2 -2 647380504 -2 -1 -1 -2 -1 -1 -2 -2 472798 -2 -1 -2 -2 -1 -1 -2 -1 -2 -2 -1 -1
-2 -1 -1 -1 -2 -1 -1 -1 642521374 -2 -2 -2 -1 -1 -2 -2 -1 -2 -1 -1 92058734 -2 -2 -2 -1 -1 -1 -1 -1 -2 -1 -2 -2 -2 -1 -1 -1 -2 -2 -2 -1 -2 -2 -1 488068396 -2 -2 -2 -1 -2 -2 711318578 -1 -1 -1 -1 -2 91445709 -2 -2 902227976
-2 -2 -1 -2 -1 -2 -2 -1 473756871 -1 -2 -1 -1 -1 -1 -1 -2 -2 596557053 850385996 -2 -1 -1 -2 608385137 -1 -2 -2 -1 -2 -2 -2 -1 -2 -2 -2 -2 -2 -1 -1 -1 -2 -2 748779377 -2 -2 -2 248023970 -2 -2 -2 -2 -1 -2 -1 -2 -2 -1 -2 -2 -1
-1 -2 -2 515883032 -2 -1 -2 -2 -2 -1 -1 -1 -1 -2 -1 755360348 916916089 -1 -2 -2 -1 -2 -2 -1 -1 -1 -2 -1 -2 -2 -2 -2 -2 -2 -2 -2 -2 -2 891146228 -2 -1 -1 -1 -2 -2 -1 -1 -1 -2 -1 -2 -2 -2 -1 -2 -2 -2 -1 -2 -2 -1
-2 -2 -2 -2 -2 -2 -1 -2 -1 -1 -2 -1 -2 -2 701533433 -2 -2 -2 110992927 -1 -2 -1 -2 -1 402816795 -1 -1 -2 -1 -1 -2 764069588 -2 -2 -2 -2 -2 -1 128101316 -2 -2 -2 388031493 -2 41782988 -1 -2 -1 -2 -2 -2 -2 -2 -2 -2 -1 -2 -2 -1 -2 -1
