1000
99 97 98
4 64 27
4 95 82
33 56 65
72 9 77
57 52 31
31 9 91
91 25 16
57 59 38
17 26 74
2 35 88
13 55 55
99 41 62
85 68 41
12 55 55
5 66 37
82 20 52
70 35 40
70 25 2
87 12 14
7 83 47
100 84 31
69 82 83
3 75 98
34 85 73
37 92 57
91 35 47
13 82 4
81 40 43
96 33 27
39 5 87
23 3 100
74 76 22
0 55 55
66 19 66
77 28 9
40 87 59
91 5 25
80 74 70
32 47 87
82 79 96
59 75 48
94 62 11
18 28 91
6 37 12
30 5 55
65 91 93
44 95 98
14 59 83
34 44 91
54 31 99
81 64 71
21 61 42
15 40 98
26 4 85
75 55 81
6 57 10
2 59 23
38 3 52
85 16 71
77 83 32
68 88 23
39 68 98
35 45 55
40 76 92
100 6 31
93 68 55
42 67 86
11 97 8
18 75 3
72 73 82
5 19 45
64 70 73
68 31 60
37 29 63
20 56 69
1 73 59
60 87 90
2 32 95
51 66 33
84 58 56
60 5 38
36 41 40
49 11 58
56 82 23
49 48 55
51 7 31
12 88 91
50 66 61
13 21 19
5 5 86
1 55 20
75 68 11
82 86 16
32 77 66
35 64 17
16 86 48
87 37 36
17 55 29
93 79 38
20 46 39
5 42 25
25 55 35
94 30 67
91 2 12
59 30 95
28 100 1
66 25 14
49 73 97
70 16 5
22 54 16
56 80 4
83 81 21
84 24 17
34 92 69
92 100 81
45 54 78
68 23 60
27 63 72
16 48 34
94 29 22
4 25 17
75 52 73
13 42 34
32 96 39
97 7 12
16 97 9
35 8 16
41 58 27
96 97 9
49 78 52
68 94 26
73 9 85
76 5 76
43 99 74
88 17 98
86 82 81
97 10 91
29 36 86
32 46 61
7 84 93
34 14 7
83 56 97
74 92 31
17 75 28
22 42 25
7 13 7
29 42 62
58 58 81
41 87 80
82 28 71
10 19 4
48 38 28
53 22 1
87 20 40
10 86 69
53 66 72
34 26 6
61 95 87
100 35 40
13 9 38
4 99 54
46 25 23
23 8 13
76 41 73
80 80 99
86 22 44
75 33 74
80 78 67
22 21 46
10 36 76
54 83 44
37 77 96
74 35 78
28 12 87
19 78 93
79 87 63
5 98 52
64 15 25
15 81 30
0 68 90
84 40 70
23 7 3
50 96 59
100 6 94
16 58 42
46 60 87
47 52 75
19 54 59
74 73 98
84 38 75
18 22 25
69 3 81
99 60 89
67 60 99
18 56 55
39 62 100
39 85 37
44 71 96
30 64 56
90 58 66
2 94 46
100 66 13
81 53 85
86 67 92
55 47 53
42 25 39
83 39 80
76 85 40
78 28 94
40 67 34
22 88 73
75 23 60
21 1 14
98 85 64
59 98 12
94 30 5
28 95 81
0 15 62
6 12 13
33 6 28
38 2 57
74 83 52
1 45 6
82 97 70
86 33 83
45 4 63
82 24 95
33 61 4
83 25 47
98 38 32
79 70 92
19 13 36
13 46 10
58 18 38
5 77 3
3 8 88
13 66 1
31 47 82
18 13 17
100 84 72
25 47 39
7 52 33
18 69 54
1 90 31
27 97 67
88 58 41
51 37 95
40 9 35
21 88 44
22 34 52
69 91 72
91 83 54
12 72 15
84 98 25
27 61 19
1 13 64
51 57 31
51 76 26
51 16 83
80 33 25
84 75 56
69 11 77
37 62 67
0 57 27
61 29 41
61 11 30
37 24 17
12 65 66
54 53 91
47 25 9
73 41 26
10 72 100
8 59 6
35 97 48
47 27 8
72 21 28
43 41 16
46 13 25
19 77 96
34 99 40
53 6 61
55 65 61
77 46 98
16 74 2
89 48 41
90 78 19
85 73 70
25 2 9
82 87 30
75 9 23
43 82 18
100 45 18
15 81 62
29 90 66
12 8 16
25 25 97
28 53 36
58 99 46
83 83 38
97 69 86
23 24 41
25 69 7
18 89 10
34 78 66
2 21 41
98 41 60
20 11 46
25 68 86
35 72 76
27 23 13
56 6 32
67 14 93
100 23 20
73 91 41
54 72 3
59 96 91
55 84 13
89 80 24
67 23 25
10 33 56
13 98 74
42 4 54
100 97 2
75 96 31
6 45 79
74 98 45
54 47 14
88 93 40
29 23 13
93 62 88
37 2 41
39 12 84
73 35 23
75 37 68
62 46 1
65 34 26
27 81 7
67 95 83
0 44 99
82 98 10
80 70 89
85 85 34
33 69 55
97 16 13
58 16 65
45 58 33
100 89 76
71 28 4
73 100 14
16 66 92
26 20 90
60 24 94
59 46 2
74 24 4
78 56 13
53 48 15
94 13 95
72 36 27
82 94 57
61 38 36
97 44 60
16 15 64
40 58 61
39 42 75
4 80 61
99 99 99
43 58 83
0 20 25
85 67 94
74 32 14
9 10 84
55 2 71
48 86 21
66 89 30
41 85 37
92 55 47
27 56 28
85 71 33
67 83 21
59 22 76
77 89 75
10 55 4
68 23 92
72 83 63
77 61 9
83 62 4
28 1 34
14 78 60
44 52 32
29 25 59
66 96 69
15 28 37
72 68 30
60 98 27
8 7 32
19 53 6
86 15 32
7 68 97
9 72 95
56 87 92
30 61 23
48 16 37
54 28 31
62 44 84
18 61 15
73 81 87
97 44 64
99 13 4
65 77 35
81 88 84
57 71 100
99 92 73
39 5 38
14 33 90
58 12 24
7 84 22
4 57 29
1 22 6
25 43 2
70 88 73
16 11 38
50 91 58
41 31 52
57 76 70
5 36 8
97 96 54
91 9 77
20 18 1
68 85 59
92 7 98
34 5 87
84 98 55
77 88 1
5 100 52
46 18 82
36 42 44
48 100 27
61 34 14
16 10 4
53 52 65
43 9 84
29 72 80
53 46 81
34 92 25
62 17 11
78 28 15
77 21 90
3 98 22
16 88 96
54 69 77
84 58 8
67 68 52
96 23 25
75 79 54
7 33 36
50 22 62
48 46 58
85 84 21
76 47 70
10 33 21
65 69 32
88 64 68
61 87 41
10 9 17
33 36 11
19 90 69
69 74 98
47 66 45
33 44 96
34 44 71
20 60 75
95 85 81
29 16 45
84 5 4
48 52 2
66 17 16
84 90 42
13 78 5
73 60 73
18 66 28
57 76 73
16 81 32
67 58 20
31 15 100
55 82 52
91 41 56
37 59 59
55 4 97
0 27 62
84 95 42
50 82 26
88 5 55
28 89 30
56 22 38
4 62 87
5 47 9
89 84 47
18 95 60
72 96 80
52 91 16
7 56 41
71 35 27
75 40 70
27 23 72
61 88 67
43 48 99
52 37 89
8 2 87
67 88 33
3 38 18
50 58 100
41 48 10
63 39 40
7 62 58
28 81 52
0 65 91
14 89 2
86 54 55
61 12 61
42 8 52
61 6 25
66 92 12
99 35 58
33 55 85
5 85 97
81 38 96
2 42 20
14 84 31
91 77 4
42 7 15
6 74 32
80 2 41
14 72 37
88 40 84
100 9 27
57 98 14
57 75 37
62 59 95
79 100 64
6 27 73
91 10 57
67 43 20
47 71 80
4 90 64
95 52 21
30 60 84
32 27 27
92 4 28
97 14 17
83 41 63
80 65 25
100 91 95
57 64 92
100 28 10
56 92 59
0 20 21
59 82 94
36 65 62
34 54 33
23 74 80
37 13 100
59 31 96
30 65 81
8 67 44
75 46 17
100 64 45
4 86 31
9 67 98
18 75 8
67 56 15
28 88 81
21 53 4
16 39 79
19 57 99
42 93 80
89 42 1
59 43 87
51 16 84
67 73 45
20 73 91
48 19 14
46 74 16
79 26 26
84 69 3
83 98 82
13 62 100
45 19 56
44 60 67
23 89 93
24 66 29
80 94 17
38 13 25
4 17 11
75 83 75
55 93 15
23 35 44
84 30 23
36 98 30
48 69 67
30 9 85
52 71 59
49 79 11
66 43 12
3 96 47
34 38 11
60 100 78
100 1 1
29 37 5
12 100 82
12 25 45
90 22 23
57 41 42
98 87 25
4 79 33
39 68 89
17 79 13
37 21 1
28 9 52
24 98 37
41 97 37
36 93 63
25 54 15
72 17 12
11 73 54
91 63 31
58 86 97
63 43 23
20 39 43
55 83 24
47 39 84
5 97 10
56 61 7
28 44 77
46 100 56
12 7 78
96 10 58
25 40 82
17 6 40
80 46 30
69 96 28
50 22 86
75 76 37
59 19 85
4 45 66
89 41 20
43 19 26
12 33 57
54 98 4
83 27 46
51 82 15
84 26 67
89 48 39
85 96 27
35 81 8
96 28 17
75 69 6
14 65 87
7 25 48
70 70 72
38 92 85
46 60 37
4 92 13
51 9 46
23 17 75
39 62 18
71 86 34
89 99 82
8 88 1
67 45 63
60 2 68
47 1 94
56 83 72
1 87 71
96 100 18
61 55 7
77 83 58
75 63 74
100 63 3
12 24 3
38 96 19
8 61 3
67 1 56
63 4 15
79 88 11
100 91 18
8 47 90
54 70 59
91 59 33
85 33 65
68 45 5
8 100 13
75 97 39
93 91 57
17 81 100
39 43 22
61 53 3
84 48 1
24 60 67
83 15 78
50 36 93
76 70 22
55 98 32
76 78 55
5 4 81
64 25 83
90 98 72
9 76 39
87 63 13
55 71 46
43 24 79
35 68 35
32 74 85
6 10 20
45 62 57
77 65 16
87 57 12
91 86 25
26 91 40
19 15 33
73 32 97
9 67 78
37 33 18
61 71 58
85 2 99
10 33 33
86 92 88
31 80 31
13 62 69
31 8 81
31 32 20
79 6 30
78 22 46
47 32 85
38 27 52
44 68 69
59 60 85
46 54 18
63 42 23
95 62 96
52 36 12
4 64 60
79 40 83
71 83 38
96 31 25
38 4 1
71 81 41
14 63 94
75 31 59
22 20 89
62 18 5
32 81 7
49 18 95
5 20 37
11 99 88
3 31 48
25 60 20
53 61 85
37 3 58
40 5 31
32 43 54
24 57 9
13 64 55
56 1 93
29 75 87
95 11 94
31 11 66
16 20 13
35 29 87
95 92 84
49 2 81
66 75 25
3 40 45
93 37 34
46 38 10
64 85 30
31 90 6
60 68 69
92 67 54
38 91 22
37 73 10
64 20 30
90 93 62
60 34 72
49 97 30
1 94 5
35 9 73
90 14 81
16 35 59
34 16 89
63 73 6
10 32 14
54 13 86
23 100 5
66 69 9
4 11 83
100 27 67
97 83 99
1 52 5
79 46 84
10 22 75
55 94 1
52 23 15
36 54 38
4 8 40
42 58 87
91 54 60
12 3 26
53 97 9
2 48 25
58 36 22
93 73 82
82 93 96
100 66 7
12 9 17
24 100 35
13 94 70
52 68 7
37 33 85
32 15 55
5 77 17
61 89 91
16 93 89
14 81 78
22 45 39
76 87 22
33 70 76
40 29 7
82 55 91
2 100 54
38 10 22
17 37 79
14 12 58
2 36 39
55 58 79
20 46 63
74 13 7
22 75 38
55 82 21
57 38 52
8 87 8
7 55 85
85 74 65
67 89 59
38 68 94
38 36 53
31 43 35
60 4 61
42 67 14
11 30 40
55 99 81
81 14 29
36 32 85
23 1 19
44 52 32
77 75 10
52 79 95
0 32 79
94 7 87
36 60 91
100 70 91
98 22 42
32 98 7
85 13 84
43 47 33
49 22 17
74 86 67
66 16 67
61 56 2
53 89 74
100 55 38
89 21 73
21 63 84
69 26 21
70 67 75
8 92 17
91 22 82
2 9 3
13 64 42
41 32 82
58 85 42
6 36 66
34 72 48
24 84 57
80 5 56
6 90 18
32 60 75
94 53 82
26 7 46
24 57 38
13 17 1
73 44 1
22 61 99
100 47 93
92 80 87
31 3 8
83 88 33
36 86 34
24 89 95
96 67 6
3 19 75
78 12 41
99 77 4
95 88 7
52 79 8
96 23 79
1 81 66
61 30 32
39 39 55
53 85 73
78 13 34
55 94 27
76 21 60
55 94 47
81 45 30
47 68 48
6 97 77
59 30 79
38 87 35
69 62 92
18 57 73
43 89 76
11 32 65
56 57 34
96 46 59
64 82 82
74 35 91
38 8 35
66 30 100
91 86 32
1 97 39
79 31 94
58 20 9
47 27 41
72 15 93
96 55 72
55 71 19
36 64 15
42 13 34
46 26 68
78 12 26
3 53 40
13 15 75
35 22 38
15 19 12
93 8 68
21 26 87
27 6 1
52 22 97
19 87 86
8 61 41
0 39 48
61 65 100
56 43 8
15 87 67
42 73 40
87 28 17
73 81 29
28 2 36
54 73 68
30 94 18
99 58 92
27 69 53
1 7 59
65 81 74
12 85 59
6 68 91
89 8 11
20 94 40
82 89 7
84 90 1
70 29 55
6 26 84
94 54 91
23 68 11
41 85 26
88 56 9
13 68 39
37 56 98
72 53 57
63 38 11
54 12 86
51 61 95
63 90 6
82 45 77
66 20 11
0 89 69
74 32 16
84 79 64
79 37 2
84 71 12
4 99 34
49 34 10
51 34 61
73 43 35
28 75 45
49 60 88
97 61 94
24 64 84
90 69 64
