15 5 7
24 10 9
23 9 16
4 4 3
96 73 41
24 9 8
100 44 48
3 3 1
85 56 66
1 1 1
56 52 54
11 9 7
87 77 82
15 15 6
10 2 2
44 9 32
36 5 18
20 10 14
64 3 15
3 1 2
99 84 46
53 7 31
33 14 5
73 2 9
49 48 41
88 82 21
28 27 8
46 25 32
96 80 35
98 63 40
57 56 24
12 7 5
26 19 15
18 1 1
2 1 1
58 39 16
39 22 28
88 1 68
44 41 7
33 6 23
55 20 42
67 12 1
14 11 4
36 11 19
47 36 18
32 10 3
27 23 24
69 25 2
13 10 2
22 10 5
13 8 1
82 2 67
63 42 58
70 69 10
61 1 59
44 29 27
98 38 46
44 43 24
98 38 44
67 13 42
34 12 14
61 31 43
63 47 26
74 71 1
51 23 3
42 35 5
78 55 50
100 15 4
11 5 1
62 29 58
48 9 34
24 16 4
31 16 22
100 72 65
58 2 21
51 1 2
30 20 20
52 17 26
13 1 6
2 1 1
46 37 18
52 45 27
30 2 2
12 8 12
7 7 5
72 13 62
74 13 29
60 4 26
85 15 64
20 19 7
3 2 2
43 10 35
86 26 52
5 1 2
7 3 2
38 37 15
81 56 10
100 64 70
26 6 5
28 6 25
13 1 11
44 41 14
39 21 29
91 77 1
89 19 7
9 8 1
60 5 1
11 1 10
60 39 25
63 23 55
78 72 65
57 40 12
11 7 7
71 6 48
48 27 25
20 1 18
58 32 9
42 19 39
89 41 27
98 3 9
76 21 19
57 6 45
24 7 6
37 11 12
19 18 18
3 2 3
28 8 26
93 2 82
35 30 5
56 47 15
8 8 2
40 26 35
17 3 7
54 20 7
37 23 1
9 2 8
3 1 1
82 18 60
12 7 12
76 52 35
16 14 15
28 3 14
67 49 4
90 2 60
86 77 13
30 7 1
24 7 1
82 82 39
28 6 8
91 66 7
89 26 18
33 10 7
63 2 35
41 32 36
43 25 23
55 24 2
70 34 16
56 47 41
99 43 93
62 39 7
5 3 1
76 30 22
83 54 68
91 3 71
87 25 86
15 1 7
46 42 32
81 20 12
20 7 18
42 31 41
90 3 29
79 72 62
11 9 5
91 8 41
73 14 24
80 42 75
62 43 30
79 14 17
11 9 2
30 10 22
99 28 74
3 3 1
60 40 58
41 13 37
64 48 63
78 46 71
90 4 56
49 28 34
61 19 7
80 70 33
12 8 6
32 3 19
15 3 2
86 1 24
64 38 31
32 12 9
86 60 28
89 5 21
97 49 37
91 67 1
92 73 66
39 22 32
31 21 2
6 2 2
1 1 1
79 49 4
33 22 33
86 75 32
99 36 17
99 23 20
42 14 2
83 61 27
55 48 16
8 1 2
29 10 6
23 8 22
21 6 11
56 1 50
9 6 6
49 16 21
39 14 30
1 1 1
65 6 24
49 19 8
83 82 29
31 1 5
11 2 5
1 1 1
2 1 1
15 2 3
29 23 12
8 2 4
78 50 12
56 51 39
54 39 14
23 11 7
73 57 71
88 67 28
62 7 62
92 75 74
41 4 34
73 68 27
80 67 44
35 18 16
11 2 2
49 30 32
22 22 3
16 7 4
11 8 10
22 14 16
57 23 48
54 36 41
32 25 29
44 29 35
69 8 26
25 13 22
95 25 75
66 51 32
76 11 3
93 69 36
54 45 39
16 16 11
30 7 20
83 77 26
58 58 6
74 71 26
12 12 1
58 8 35
18 2 8
46 32 26
88 3 32
92 61 14
9 4 9
32 6 7
97 28 49
57 42 15
53 46 3
66 11 24
9 8 6
36 32 12
50 21 18
6 6 5
36 4 9
64 53 19
20 4 12
48 32 28
37 26 15
59 50 27
11 8 4
64 29 60
33 2 5
45 36 36
70 66 34
73 71 37
30 4 2
85 28 27
36 13 11
64 61 15
47 26 14
64 35 50
59 33 59
63 60 51
52 13 3
96 74 1
93 92 50
20 18 3
78 8 62
5 2 2
95 12 37
41 18 5
43 24 17
41 11 7
93 71 73
1 1 1
59 57 42
21 15 17
99 63 26
44 13 38
64 28 57
18 4 3
38 34 34
28 1 16
56 20 19
17 7 4
33 29 25
54 50 32
88 58 8
89 58 22
79 36 38
40 20 36
37 21 12
70 51 44
91 86 49
93 64 90
76 39 69
72 19 65
29 9 14
57 24 3
98 11 47
5 3 2
15 2 9
77 47 61
44 2 16
62 52 8
47 16 41
68 65 23
96 35 9
8 1 4
25 20 2
85 75 5
11 10 9
6 5 1
32 1 6
94 41 73
94 40 9
69 58 30
6 4 1
9 5 6
75 61 69
21 3 17
85 61 37
13 13 12
44 34 41
56 37 16
12 1 4
16 11 7
45 32 9
39 17 13
69 32 32
19 16 5
31 18 18
40 22 12
55 24 42
18 18 7
41 37 39
100 90 80
39 32 8
21 6 16
99 16 41
78 6 54
97 3 1
65 5 37
83 28 46
97 29 64
79 79 29
38 11 18
34 23 7
9 8 6
93 8 65
53 48 17
78 75 20
63 1 34
51 48 51
53 49 28
44 8 39
14 5 11
67 22 45
78 28 2
92 2 83
38 14 17
34 13 21
47 20 38
34 11 18
63 35 2
92 73 53
7 3 5
59 15 40
56 20 18
14 11 12
73 62 53
61 3 3
90 47 15
39 22 2
80 22 78
49 40 41
11 8 9
58 36 31
71 5 44
69 40 26
39 13 15
81 7 47
74 56 26
29 2 10
34 34 29
35 21 15
53 27 3
73 47 52
97 38 15
40 2 32
2 1 2
88 14 23
86 63 46
13 13 1
33 11 6
59 11 31
33 21 28
17 9 17
53 29 51
91 28 71
72 67 16
63 17 45
30 25 22
85 67 64
22 10 13
94 5 65
21 5 3
42 18 18
12 9 7
53 9 26
73 27 35
99 26 87
42 2 30
23 17 21
58 50 50
24 16 10
51 18 26
51 45 37
97 38 52
56 39 43
79 38 15
78 10 5
37 29 36
53 35 47
11 2 5
10 4 10
30 20 14
37 17 5
40 16 18
77 12 72
77 53 24
5 5 3
57 51 28
65 4 9
17 16 14
91 50 48
18 1 5
83 64 69
82 27 80
69 34 2
73 14 62
46 4 4
82 17 36
38 24 25
3 1 3
17 16 14
46 18 2
94 31 71
25 25 22
1 1 1
48 27 38
32 3 27
31 25 31
72 46 22
98 36 93
49 41 19
72 31 41
62 7 41
85 35 77
1 1 1
59 53 26
10 3 4
36 34 22
70 67 55
30 21 21
47 32 35
95 67 57
30 10 19
6 4 5
85 69 1
17 15 17
14 2 4
89 72 49
78 33 26
85 68 23
96 1 81
21 11 13
20 7 1
92 62 47
51 28 22
36 2 3
56 24 53
81 21 32
29 25 7
75 5 37
49 30 4
99 96 34
29 13 20
16 4 1
60 11 22
4 4 4
42 2 42
3 1 3
14 5 3
68 1 53
49 46 26
93 15 62
57 37 6
23 1 17
14 11 2
75 26 24
37 31 21
21 5 21
40 34 1
78 29 32
73 47 29
54 42 3
82 38 11
16 16 1
96 73 72
32 3 28
57 55 48
99 18 91
85 81 17
41 10 28
76 32 33
21 9 21
27 21 18
92 33 70
17 16 17
11 11 5
63 19 51
53 34 44
51 6 19
68 20 2
34 17 15
29 26 29
43 12 3
18 7 4
37 24 9
27 9 2
1 1 1
89 24 30
53 50 22
83 75 22
6 6 1
2 2 1
21 14 14
66 28 54
80 32 22
26 18 7
69 17 17
18 2 7
22 1 11
21 11 6
69 27 67
17 2 7
37 7 32
63 22 14
15 12 10
11 7 7
88 5 49
85 18 82
5 4 3
5 2 5
91 25 51
62 30 62
87 30 48
56 14 14
87 35 40
96 14 44
69 62 32
84 12 59
1 1 1
86 53 49
50 24 14
95 80 9
5 3 3
35 11 7
11 7 2
15 9 12
32 17 11
60 55 13
60 36 14
99 57 70
18 17 17
6 6 4
34 9 32
38 24 4
49 1 2
97 74 91
13 7 3
31 1 22
75 11 58
81 45 39
33 4 30
79 32 22
95 50 8
73 51 64
83 39 23
43 12 23
88 29 37
54 46 8
98 93 71
46 23 9
69 23 1
69 60 24
16 13 6
67 32 44
73 17 53
72 15 8
2 2 1
4 3 1
28 15 6
17 13 5
15 6 1
15 5 14
15 2 6
92 78 36
41 14 34
44 11 37
94 23 64
89 13 83
78 71 56
72 43 33
36 2 28
56 28 24
50 36 31
3 2 3
82 19 31
42 2 19
11 8 1
82 66 58
82 47 10
5 3 5
90 39 22
20 5 3
80 38 72
85 45 63
44 44 8
23 17 18
80 31 50
35 6 13
91 77 19
96 64 7
73 72 4
30 13 13
53 37 15
25 11 13
97 71 38
72 12 58
33 13 27
38 5 16
74 72 7
59 34 36
43 28 21
33 26 10
22 13 1
13 7 7
39 38 38
65 31 43
61 48 49
70 34 11
31 19 10
68 3 29
46 31 9
70 23 49
94 29 62
89 50 39
20 14 7
78 51 33
77 30 40
24 24 3
41 33 4
66 49 24
19 16 17
36 3 35
20 5 4
78 48 68
38 20 14
93 89 49
26 19 2
47 16 13
92 66 24
39 23 11
72 4 46
17 14 10
47 46 24
6 5 1
8 6 4
4 2 4
43 5 38
47 32 46
74 35 21
75 46 67
15 10 11
58 50 32
100 26 49
17 8 15
59 1 41
92 36 44
38 24 8
81 70 67
74 28 10
81 22 17
22 7 6
59 7 42
94 6 15
22 22 16
72 23 6
79 7 11
32 1 32
68 18 1
95 20 7
67 6 17
58 43 16
16 16 14
45 33 12
3 2 1
100 43 67
72 5 50
78 68 23
31 31 31
93 85 80
15 5 5
75 50 17
72 20 19
65 52 39
52 21 52
13 9 3
1 1 1
78 52 31
41 15 25
40 11 10
84 6 39
23 9 10
44 8 27
57 19 14
60 3 11
69 53 34
23 22 15
41 33 26
24 21 12
63 6 36
72 28 21
22 17 1
88 18 63
63 48 60
13 6 3
57 19 27
5 3 2
29 17 6
65 6 18
24 10 5
39 30 1
30 22 6
71 57 11
68 13 41
66 20 36
62 15 36
54 46 25
7 7 2
1 1 1
74 57 27
83 61 38
26 12 21
69 8 22
51 7 20
45 16 9
3 2 2
30 6 7
79 73 43
45 26 27
74 20 38
38 32 4
51 51 3
74 39 9
66 26 54
3 1 2
9 2 8
58 22 16
27 3 5
10 6 4
63 3 39
48 31 47
81 80 71
100 95 3
47 9 7
65 43 58
31 26 30
90 51 8
12 3 3
94 22 77
67 15 13
21 2 10
48 18 20
61 16 42
63 23 8
3 2 1
73 22 50
53 12 14
11 5 4
53 45 18
95 11 16
91 16 87
44 39 30
50 26 20
82 46 29
55 2 9
89 76 69
61 45 35
50 30 9
44 6 29
38 24 10
27 17 13
96 83 39
51 25 3
50 4 28
37 6 5
44 13 40
51 26 26
72 29 57
64 52 44
25 14 10
25 23 18
82 6 43
66 65 27
24 10 10
29 23 1
68 64 9
58 52 54
92 67 70
70 63 13
76 20 13
22 1 2
89 25 73
100 14 53
74 10 10
43 40 34
93 41 20
44 20 35
40 10 14
100 37 74
100 85 93
30 28 30
72 13 33
90 90 67
88 44 83
61 43 9
89 54 77
51 48 22
58 49 24
88 32 53
81 77 49
56 4 41
1 1 1
56 37 51
13 7 3
57 22 5
70 21 39
2 2 1
56 25 40
74 60 66
86 11 77
5 5 1
3 2 1
84 42 44
83 37 57
47 2 27
22 6 18
74 8 38
61 41 38
63 3 22
99 30 48
100 58 77
24 5 5
73 73 18
11 2 1
95 49 71
69 28 61
3 2 2
78 26 66
51 21 49
42 9 3
32 12 14
38 16 12
78 77 18
92 72 3
68 54 13
10 6 10
36 35 8
96 40 67
100 50 35
7 3 1
38 2 38
40 23 13
12 10 2
69 24 56
71 50 58
68 35 67
29 27 2
97 61 36
62 49 34
40 25 2
94 46 59
54 51 35
65 42 56
12 3 4
17 10 14
51 12 12
38 5 4
73 55 64
67 56 5
45 19 32
48 26 3
3 1 2
12 12 6
77 72 20
90 31 64
87 58 34
92 27 8
18 14 2
59 29 1
73 41 61
35 11 32
97 52 28
30 26 29
75 35 21
86 62 63
65 29 24
35 35 35
44 39 8
20 16 18
86 5 59
34 22 33
94 12 83
52 38 8
82 60 49
5 3 3
3 1 3
68 47 14
6 3 6
26 14 7
81 33 40
12 2 11
72 26 7
94 59 39
58 13 4
35 27 22
1 1 1
21 13 11
22 3 4
13 3 12
5 1 5
96 19 36
83 74 14
88 50 64
87 81 69
90 54 67
96 80 24
45 4 40
80 61 40
23 18 22
46 23 19
33 11 29
71 42 35
11 10 4
74 23 2
97 81 86
66 1 36
40 21 14
99 70 10
59 19 55
66 52 63
50 20 47
46 11 11
12 1 2
4 1 2
34 4 28
37 14 31
50 40 42
36 6 15
77 4 13
45 41 14
23 23 19
86 70 43
31 3 31
17 14 13
97 45 5
55 20 37
30 11 23
86 56 51
16 16 8
88 18 77
58 10 50
86 28 73
75 61 4
86 31 77
45 40 8
41 28 13
89 60 65
31 26 27
72 31 32
13 7 7
60 53 56
30 11 15
94 6 55
30 15 26
29 20 28
40 37 3
64 9 52
67 49 38
34 24 3
49 37 12
51 38 5
1 1 1
25 7 12
44 3 13
53 23 11
3 3 3
98 43 68
27 21 2
11 2 9
86 16 11
15 14 9
89 25 70
6 3 5
28 14 27
91 56 85
97 91 69
34 28 11
16 1 14
77 36 44
51 7 3
16 5 7
60 51 34
22 5 15
42 29 2
79 67 63
79 17 56
13 5 4
89 9 3
8 5 3
25 2 25
96 80 62
49 7 40
20 17 6
39 36 9
96 65 54
73 41 69
6 1 3
85 7 77
16 3 1
87 69 14
21 7 17
36 34 23
78 54 59
98 61 85
15 1 7
34 30 11
51 31 22
50 20 43
14 3 5
62 25 20
72 59 30
88 60 86
83 36 14
76 54 17
4 4 3
22 19 20
25 16 25
54 49 42
50 17 39
57 14 40
38 10 18
74 15 37
38 32 3
56 8 56
69 25 60
89 12 27
84 6 43
5 2 1
51 43 12
93 75 13
62 15 1
24 24 5
75 70 2
43 12 23
89 8 58
85 60 76
63 46 49
58 17 52
39 19 12
68 19 32
38 13 19
17 7 4
97 23 85
92 59 38
16 3 7
85 32 39
77 68 57
71 21 61
32 22 14
54 47 37
79 11 7
97 66 90
83 46 50
63 50 8
70 5 18
6 1 3
10 2 7
49 3 5
38 27 27
90 60 28
13 9 11
18 10 2
63 3 16
17 6 4
85 78 58
23 7 8
24 22 15
32 17 7
52 6 16
22 22 13
98 68 49
40 18 20
4 1 1
36 3 22
46 26 22
85 67 15
73 14 51
64 37 40
45 43 28
79 24 42
76 59 23
5 5 1
100 67 78
68 33 21
5 1 2
89 68 12
60 45 17
18 3 17
6 3 3
16 2 4
43 35 14
5 5 4
1 1 1
84 7 11
41 38 22
100 68 76
55 19 54
3 3 3
81 56 19
1 1 1
79 3 79
63 61 57
20 13 7
22 13 10
44 3 29
61 29 15
27 26 20
32 17 12
79 77 44
69 42 67
72 47 46
99 90 38
51 21 32
56 13 19
12 10 9
44 31 21
28 23 8
49 10 24
30 9 28
27 24 27
34 7 9
52 3 21
59 30 4
75 6 23
30 25 3
27 16 15
34 17 2
54 51 54
41 10 2
69 24 2
13 9 6
82 22 81
77 43 73
26 11 17
94 34 41
53 37 5
44 4 13
64 48 53
48 29 2
78 71 36
4 1 1
39 32 7
42 41 34
23 16 14
75 54 24
45 16 27
42 36 16
89 24 62
2 1 2
14 8 9
13 7 10
68 59 4
92 75 19
6 1 6
55 30 25
6 6 4
43 24 21
71 15 70
77 67 34
13 2 4
75 33 62
73 58 20
43 23 21
33 15 20
69 8 18
72 4 71
76 36 57
77 76 1
77 20 26
15 13 3
18 5 4
3 2 2
58 10 39
17 2 15
83 5 75
52 45 25
7 4 6
71 5 43
94 92 72
41 3 26
39 19 22
80 70 44
29 22 27
73 24 66
62 19 25
77 46 38
50 31 10
56 23 19
76 13 52
72 13 7
39 37 16
58 6 18
51 19 45
93 15 15
84 33 12
95 48 79
100 40 27
66 64 7
59 8 27
14 6 11
24 8 4
30 2 7
79 43 54
83 52 28
31 6 1
69 10 69
52 23 44
54 48 39
63 33 7
65 34 53
63 46 11
82 22 50
79 10 14
3 3 1
36 35 29
11 2 4
56 9 53
74 19 47
5 4 2
88 49 48
28 26 16
8 1 3
64 41 27
35 9 31
3 2 2
1 1 1
33 21 25
26 15 18
73 19 22
95 84 40
67 4 55
50 24 23
68 24 67
11 8 4
4 4 4
23 11 19
78 3 69
15 15 14
53 34 26
91 61 63
45 44 45
20 10 12
20 10 19
16 10 9
76 31 6
74 54 37
61 56 22
43 36 12
28 25 19
10 10 4
27 22 14
40 35 6
12 12 11
47 42 40
69 2 68
42 37 41
35 7 22
43 9 41
68 53 66
60 48 13
8 2 4
32 9 12
29 3 21
98 51 81
5 2 3
51 11 26
34 15 14
52 25 13
89 36 85
39 38 30
67 36 51
40 29 36
57 4 28
82 4 65
39 23 29
51 29 30
77 74 32
89 23 45
88 21 62
37 30 1
43 2 40
10 3 1
90 12 56
40 33 38
53 28 27
50 31 23
94 38 9
51 9 10
7 7 2
84 66 70
91 72 23
39 5 12
77 3 50
67 38 40
8 3 3
39 17 16
61 32 29
13 11 2
1 1 1
23 13 6
27 4 19
12 4 3
27 11 14
21 6 11
73 28 3
11 11 5
72 50 10
50 16 17
71 19 61
12 11 1
66 56 33
61 23 57
61 25 12
4 1 2
34 22 26
48 21 45
45 14 26
96 46 38
35 26 6
72 70 20
33 1 18
51 16 50
98 65 54
45 28 10
23 22 1
21 9 7
23 8 19
36 23 31
66 45 3
71 64 20
77 30 69
86 51 66
40 26 11
50 39 22
82 62 8
45 27 4
68 32 22
92 6 91
77 48 20
12 7 10
72 58 21
100 64 63
29 14 25
46 8 13
28 9 11
56 23 13
73 5 14
29 5 17
4 3 4
18 7 6
47 21 5
58 25 3
19 2 4
5 5 4
26 12 21
55 52 49
37 1 4
92 17 7
46 21 36
7 5 5
79 43 60
76 54 70
54 18 1
2 1 1
31 4 25
58 42 8
81 7 40
34 19 9
91 42 42
62 37 29
23 19 6
43 21 1
25 13 15
13 10 5
78 58 68
60 31 47
66 37 6
26 1 5
46 26 36
32 9 2
37 14 9
91 48 7
26 13 2
3 1 2
90 45 48
23 17 14
21 8 21
86 46 29
39 7 37
38 36 14
9 9 8
31 1 31
89 58 51
71 42 6
27 18 13
69 51 10
48 45 23
41 3 9
5 2 4
58 33 16
11 7 4
59 46 17
48 2 36
37 8 34
32 11 6
22 10 1
15 9 10
89 33 38
89 25 19
80 38 67
100 23 57
71 47 35
49 16 31
58 26 47
57 44 14
20 12 10
6 6 6
69 58 31
36 3 15
29 9 18
72 61 72
41 35 24
72 53 58
82 39 58
50 6 10
78 38 67
70 51 1
97 52 53
43 10 28
28 19 24
34 12 33
92 49 60
90 14 25
9 7 1
27 27 23
28 28 12
29 17 16
95 45 21
54 20 45
33 29 5
13 11 1
83 28 66
65 48 8
100 69 54
52 41 27
75 57 16
58 27 44
86 3 80
20 3 2
11 1 4
14 4 11
39 37 22
23 8 22
80 58 69
40 29 20
46 34 12
46 43 15
19 2 16
12 9 12
79 2 35
68 38 11
61 36 59
61 22 39
90 34 52
45 24 19
27 15 23
36 6 30
85 11 60
79 75 62
48 42 32
60 22 31
28 9 8
59 4 36
87 55 74
1 1 1
89 45 22
9 6 4
8 6 8
92 80 62
31 8 14
84 69 75
81 14 68
66 36 14
16 8 12
45 22 30
27 7 9
38 3 10
11 2 6
35 27 4
76 41 22
82 12 81
51 18 40
9 2 6
21 13 18
49 10 6
66 42 55
45 40 29
89 21 78
94 37 7
81 13 15
90 16 11
100 43 85
90 3 90
49 28 36
59 14 11
96 1 53
98 38 22
28 12 8
59 21 13
76 76 24
5 4 5
43 28 26
1 1 1
62 23 17
96 79 70
14 9 7
95 19 50
84 74 56
74 42 25
55 38 36
97 79 78
89 1 77
87 46 18
64 47 41
23 11 2
49 33 2
65 20 9
22 14 4
62 21 18
72 54 28
30 1 12
85 85 29
48 22 31
84 12 28
53 52 29
87 2 79
23 20 2
61 6 61
97 7 80
88 1 39
64 13 54
20 13 1
60 22 16
45 43 8
16 11 9
23 15 4
48 19 8
25 14 24
74 9 72
46 29 33
6 2 4
70 54 7
20 5 1
47 41 28
26 1 12
23 19 19
32 25 4
47 39 33
31 5 13
39 4 32
17 15 6
28 12 16
1 1 1
2 2 2
14 2 8
6 5 4
99 27 27
89 89 66
28 7 4
78 73 39
71 62 7
93 16 93
10 4 7
2 1 2
84 48 36
92 56 6
94 68 94
98 31 1
14 7 8
96 24 15
10 4 8
36 4 20
93 83 90
70 40 57
76 36 71
17 7 5
81 50 26
4 4 4
49 11 17
95 45 48
50 3 35
31 13 1
4 1 2
36 14 13
23 4 6
68 8 58
70 23 62
75 22 23
74 57 71
93 54 49
5 1 4
68 38 24
28 23 23
1 1 1
86 20 9
6 5 6
53 8 30
45 31 29
16 10 5
28 24 2
74 24 48
8 1 6
93 26 12
92 61 21
31 3 16
21 18 4
31 4 3
43 25 27
7 7 6
47 3 45
48 33 19
69 9 35
80 40 6
81 11 71
60 32 15
38 5 37
38 6 31
28 19 26
50 11 41
47 10 33
34 10 9
20 1 7
96 27 80
63 48 52
7 3 3
65 61 31
47 5 29
24 11 19
2 2 1
59 15 31
7 5 6
75 64 2
1 1 1
38 15 22
78 50 44
3 3 3
93 50 26
6 4 1
34 28 21
25 14 22
86 71 34
35 27 18
53 14 8
3 3 3
57 30 11
46 28 14
25 2 8
24 13 21
65 51 19
53 31 16
19 14 3
39 13 16
48 15 46
25 10 1
43 34 14
45 12 28
15 14 15
20 1 14
70 21 56
90 11 71
88 43 74
52 47 7
38 18 11
52 34 29
97 22 88
22 5 4
77 4 52
85 60 10
25 20 16
14 4 8
10 2 4
18 2 13
32 29 14
2 1 2
99 29 31
11 8 11
47 1 46
59 16 42
59 43 49
13 4 10
37 34 7
20 20 1
84 12 80
39 29 34
93 4 85
58 17 18
42 21 1
82 16 55
34 28 5
39 29 39
93 77 4
36 15 18
63 59 56
6 5 3
27 9 2
63 28 62
85 23 10
7 5 5
89 49 10
69 49 57
7 5 7
75 39 16
64 41 37
96 91 35
48 41 10
40 26 12
94 24 28
48 3 41
89 89 56
18 4 11
57 52 41
82 60 53
84 50 51
3 2 1
45 26 4
57 3 45
53 4 44
2 2 2
62 8 39
7 7 6
49 33 19
70 16 37
87 61 54
94 30 31
13 7 12
40 11 32
82 49 43
79 19 70
46 36 18
14 6 7
99 52 10
92 62 53
31 23 22
17 12 11
70 6 4
58 18 6
66 11 43
24 15 13
18 13 5
99 13 94
43 28 6
14 9 12
87 71 72
49 34 43
10 7 9
97 42 95
33 32 28
60 49 30
97 39 68
10 8 10
64 64 47
33 33 14
73 16 7
62 22 26
19 6 7
78 58 70
92 61 26
73 63 33
99 24 74
47 34 24
40 20 35
73 32 38
46 6 15
31 6 27
19 6 2
81 50 3
22 13 10
91 71 28
9 1 2
93 45 45
15 5 5
28 28 14
54 18 36
30 29 30
58 26 47
10 3 7
41 30 26
32 30 26
86 24 84
41 38 24
2 2 1
43 18 30
16 1 12
78 21 16
73 36 33
26 2 13
84 48 73
86 72 78
71 50 56
18 3 4
75 20 47
97 4 88
59 8 36
91 28 72
96 69 9
94 6 3
77 19 43
93 58 10
58 51 4
88 32 29
14 14 12
10 2 4
97 8 94
40 20 21
25 2 13
5 2 5
40 37 12
52 14 51
55 45 40
53 9 23
42 27 21
9 3 8
72 1 35
22 16 9
5 2 4
98 33 50
1 1 1
61 28 7
97 34 56
2 1 2
9 7 9
71 40 42
36 33 27
1 1 1
30 11 3
95 45 76
6 4 4
69 32 16
100 51 22
82 18 79
63 32 7
76 73 5
21 20 16
27 22 14
30 12 8
45 25 33
68 35 46
17 2 7
49 24 24
50 50 46
86 40 32
42 36 24
57 49 3
50 42 32
68 68 8
21 1 19
46 4 18
18 1 15
93 81 46
71 57 70
45 31 12
94 83 62
86 11 27
26 17 21
30 15 2
11 10 3
57 44 23
57 41 57
86 56 27
36 19 15
5 1 4
3 1 2
98 78 58
30 29 24
44 36 23
47 4 45
6 6 6
75 48 38
77 47 66
37 35 28
81 67 65
84 21 42
78 7 15
16 8 7
96 48 90
51 48 26
98 1 17
69 2 9
15 11 4
2 2 1
18 16 18
37 4 28
11 4 8
44 20 23
46 28 40
70 38 59
69 69 32
70 28 4
4 2 4
86 52 75
68 40 37
40 25 3
67 7 4
45 21 19
60 50 58
30 28 23
85 21 22
98 50 46
45 2 27
9 5 5
54 14 14
95 27 48
89 5 5
5 2 3
18 14 14
13 4 4
67 33 62
22 18 3
81 75 10
78 42 40
1 1 1
71 4 25
60 2 11
71 32 16
100 40 90
96 80 18
2 1 1
16 14 12
2 1 2
48 44 21
58 17 7
1 1 1
55 46 1
22 9 21
35 17 28
83 67 75
31 27 25
6 6 1
22 5 20
84 70 72
66 14 37
90 47 88
19 12 15
79 63 20
95 6 61
76 25 23
30 28 11
84 11 2
49 2 17
63 24 51
86 52 35
4 1 2
57 29 36
96 26 12
79 15 20
36 25 24
39 3 25
88 17 69
30 6 16
96 26 53
29 18 12
32 26 31
99 61 39
88 15 72
93 41 20
21 15 5
59 56 56
9 9 8
12 11 11
14 8 12
41 31 29
5 1 1
13 9 12
33 27 9
5 4 1
76 66 48
20 17 3
6 2 4
14 9 8
5 4 5
10 9 8
15 4 4
76 26 52
77 48 5
46 10 14
74 55 5
50 9 15
97 17 8
35 24 13
98 41 90
65 11 30
56 55 33
57 20 33
100 82 56
63 57 15
75 68 27
11 4 9
81 1 79
99 88 27
77 67 55
98 68 55
45 15 29
3 1 3
35 2 23
95 29 8
88 66 14
80 67 7
42 39 20
10 2 4
73 69 35
64 21 8
84 62 22
70 7 65
7 7 1
16 7 14
85 14 23
17 1 8
42 17 10
64 15 18
2 1 2
38 38 1
51 34 18
83 10 61
7 6 5
76 62 34
62 37 55
12 9 6
70 39 48
67 45 3
8 5 8
23 16 8
28 1 21
70 24 58
28 22 19
98 96 11
25 11 11
79 56 65
56 15 24
29 17 5
88 30 59
17 9 3
46 19 11
73 68 4
80 50 26
19 12 1
84 54 63
86 67 52
91 82 2
2 2 2
99 45 26
8 7 7
68 3 52
16 1 14
16 6 13
16 8 5
16 9 4
74 17 40
68 26 58
24 17 18
21 7 15
10 2 5
40 22 24
43 32 24
34 23 8
21 17 18
93 44 66
62 45 29
50 2 1
95 56 52
84 28 38
96 88 80
38 17 35
35 13 11
81 57 47
80 1 34
90 74 68
76 55 41
28 13 5
55 28 41
27 10 8
26 1 5
3 1 2
100 89 41
27 2 9
35 34 1
36 13 22
42 12 22
65 52 45
24 3 19
42 42 19
78 43 12
68 18 61
69 65 66
26 15 20
65 1 10
99 43 20
77 32 18
57 42 22
87 29 53
94 27 16
35 17 34
9 9 5
79 18 55
93 5 11
36 26 16
66 51 2
35 24 3
61 36 1
58 36 43
59 29 17
67 63 23
88 27 51
55 33 34
96 89 71
3 1 1
9 4 8
40 38 26
80 73 23
75 24 24
63 46 9
55 5 27
40 22 40
99 83 39
73 60 5
47 12 17
43 36 23
67 19 7
1 1 1
18 5 4
22 7 19
6 4 5
69 69 47
64 5 4
28 11 11
75 17 25
67 41 47
15 1 3
87 17 50
11 4 3
93 63 62
75 11 21
92 24 48
96 43 20
83 62 4
50 27 45
61 42 60
14 6 6
83 26 67
3 2 1
41 1 31
54 28 25
28 20 26
42 22 11
83 78 2
42 31 41
45 23 28
18 3 12
78 48 64
5 1 4
9 2 2
23 2 16
44 39 16
2 2 2
95 81 88
50 42 30
56 15 11
78 37 67
71 47 34
39 10 27
81 6 14
70 19 16
91 37 36
13 1 11
36 8 23
85 11 32
10 5 5
96 3 41
26 18 23
21 5 11
56 1 22
46 26 6
49 34 10
26 2 7
40 29 13
51 5 27
97 38 23
15 1 2
45 3 36
85 28 73
55 55 2
38 35 5
50 5 36
38 17 9
16 8 11
63 11 39
76 58 38
53 15 8
1 1 1
74 1 38
95 92 62
22 8 2
50 29 10
89 46 78
56 25 55
18 12 6
10 5 7
90 41 51
94 30 22
59 37 4
76 26 24
65 48 42
42 23 34
63 17 41
84 37 17
3 2 2
20 11 17
46 11 21
19 12 2
33 19 20
78 8 26
74 73 72
55 30 5
44 33 34
28 22 10
11 8 11
12 7 11
94 69 87
67 63 9
55 38 28
43 14 2
54 45 2
65 43 53
73 67 30
15 8 14
21 8 9
54 11 4
16 11 12
37 32 37
12 4 7
77 70 21
47 27 42
29 24 27
9 3 1
47 45 18
37 19 25
75 66 9
36 17 26
85 62 27
88 82 27
94 76 92
91 89 33
78 65 30
31 20 8
68 57 39
76 28 31
34 14 3
72 3 65
35 31 35
15 2 4
22 13 19
12 7 6
60 48 15
83 15 47
74 60 4
20 11 15
99 72 66
47 30 2
84 18 34
37 25 21
44 37 1
6 3 6
15 4 7
35 30 9
66 15 29
49 9 14
30 21 1
22 20 7
70 62 45
12 9 5
94 89 58
26 12 20
19 11 8
7 3 3
58 8 36
64 33 46
35 6 1
39 19 16
93 28 36
9 4 4
97 34 5
8 8 7
23 20 14
16 3 4
87 29 49
9 5 3
55 24 43
93 16 1
67 11 33
1 1 1
80 28 70
2 2 2
74 71 54
71 22 17
99 14 89
28 6 9
70 69 10
17 11 4
48 15 29
94 48 67
53 51 6
83 42 53
15 5 15
65 58 59
77 42 58
11 9 7
79 38 56
70 29 46
18 16 15
70 33 34
44 31 6
60 50 20
17 2 17
39 37 5
91 34 15
63 43 63
13 1 5
27 20 19
81 62 70
96 30 23
12 9 9
35 28 18
87 27 45
31 6 1
58 33 38
17 3 5
62 42 25
46 25 46
70 30 44
59 12 58
39 26 38
45 8 13
68 26 14
12 5 10
82 12 79
62 54 13
67 66 65
66 8 64
10 5 4
89 22 23
16 9 10
77 3 49
87 37 32
32 5 28
52 27 22
5 5 5
48 43 3
55 8 24
43 38 16
42 14 5
53 44 33
79 63 52
46 39 35
37 27 12
46 21 44
63 9 60
73 64 49
95 57 40
65 20 17
15 2 9
83 62 31
13 9 10
54 32 19
92 81 45
55 3 41
28 7 4
69 7 38
75 70 51
10 5 5
49 8 49
35 28 15
82 5 63
30 26 19
76 36 24
25 10 14
53 38 6
99 3 93
79 77 76
46 38 30
21 13 20
99 92 73
18 10 8
2 1 2
11 2 5
61 31 7
57 51 4
13 10 10
40 16 22
35 13 35
10 8 8
44 15 35
64 3 46
9 4 6
13 9 11
79 19 15
75 21 34
57 51 39
85 18 84
5 2 4
40 38 25
79 56 57
5 2 5
45 37 26
82 53 2
78 58 66
33 30 13
1 1 1
13 10 10
22 15 9
12 9 2
85 32 43
37 32 27
38 16 17
66 58 61
5 4 5
53 14 22
34 17 25
62 17 30
90 82 85
68 17 27
87 83 25
91 29 30
92 44 53
5 5 4
58 29 22
100 44 8
58 35 4
21 8 19
13 3 13
91 90 57
93 59 31
5 4 5
16 4 1
81 23 72
13 7 2
73 28 24
39 33 5
43 20 30
20 19 2
78 38 56
67 40 5
30 13 11
44 44 44
71 19 7
86 21 78
78 14 15
16 5 1
74 58 48
84 54 16
36 15 18
2 1 1
75 50 43
3 3 2
49 1 29
26 20 24
28 13 12
81 9 63
28 17 21
62 24 53
61 6 36
11 2 4
66 62 8
84 84 75
57 33 47
29 29 23
51 24 8
76 46 29
58 6 57
78 33 7
97 26 57
79 78 60
13 3 8
50 30 35
13 9 11
71 33 2
77 29 77
12 6 11
49 12 47
79 17 53
99 99 20
81 66 67
96 78 30
89 27 44
78 17 42
79 78 10
29 24 16
83 60 83
13 1 6
4 2 2
58 33 8
69 58 6
71 55 67
69 9 27
8 1 4
82 69 17
68 40 29
87 27 8
61 24 16
88 68 87
97 57 5
63 56 7
50 10 12
89 68 31
43 12 35
52 39 42
38 9 23
6 6 5
13 1 3
63 4 55
74 55 24
81 65 67
9 9 5
19 14 4
76 54 3
79 32 46
82 11 65
27 16 24
75 17 48
95 89 89
64 30 2
89 52 33
14 6 1
1 1 1
98 5 35
64 16 25
11 1 10
74 6 16
100 65 32
10 4 9
8 6 4
42 22 40
35 17 29
48 11 31
30 13 10
37 1 7
22 15 18
38 9 35
22 15 8
99 22 79
98 54 37
98 45 85
22 5 3
92 11 68
46 45 35
75 60 52
31 9 8
53 4 5
59 37 44
33 26 28
91 62 36
8 5 6
84 82 62
71 12 64
75 31 52
27 14 16
88 33 72
18 3 2
41 20 31
99 72 73
3 3 3
98 19 20
80 43 7
20 11 7
8 1 8
76 74 55
65 14 35
85 4 18
68 56 60
40 16 15
67 5 26
22 17 1
93 63 2
32 11 14
6 4 4
22 7 2
36 19 16
40 25 3
69 68 4
50 50 15
29 22 6
4 3 1
18 4 6
37 2 20
78 54 76
44 39 36
86 83 51
36 5 19
45 2 32
79 11 44
61 26 34
79 36 38
15 5 3
58 29 54
44 13 43
82 33 34
39 25 38
56 49 4
100 83 49
98 84 71
60 4 9
64 15 64
75 8 25
72 51 18
51 22 15
45 21 9
16 11 3
86 79 48
23 1 11
42 6 34
34 2 30
60 38 15
8 4 8
76 67 27
39 31 2
83 32 19
52 19 41
86 5 28
72 12 20
74 7 60
71 23 52
65 62 11
68 18 56
14 10 6
64 43 34
85 69 81
65 1 2
77 73 9
72 1 33
67 65 41
73 30 68
32 21 21
3 1 2
31 21 17
54 17 2
1 1 1
65 54 12
81 29 34
42 24 24
30 16 3
72 22 13
85 79 4
64 30 35
86 7 4
86 51 49
22 21 16
94 54 39
18 14 12
86 39 73
44 27 35
61 42 25
45 3 21
97 29 38
98 24 73
92 52 24
27 5 26
12 3 11
6 3 6
19 1 18
97 66 45
49 1 32
66 50 46
64 40 41
96 28 94
43 15 6
93 45 83
12 3 11
20 11 15
96 58 88
38 16 9
9 9 7
31 11 3
100 58 42
5 4 1
13 2 2
21 18 3
21 19 5
41 25 19
64 52 48
8 8 2
27 8 15
26 24 15
19 8 12
87 38 79
43 11 6
27 1 1
95 33 11
18 16 1
61 46 44
14 1 3
42 1 9
39 24 22
85 76 44
54 39 37
66 50 19
58 20 7
81 12 4
25 24 25
94 8 93
60 12 15
35 20 26
59 43 38
40 27 19
64 51 26
51 43 2
59 46 4
85 18 41
76 53 49
61 58 6
6 6 4
15 6 2
21 10 14
91 29 77
18 15 8
49 6 35
57 41 30
33 13 3
14 9 5
70 56 3
19 1 18
32 20 29
2 1 2
91 46 23
49 18 13
41 14 25
22 8 16
41 32 6
95 10 18
31 29 23
100 16 70
13 2 5
24 20 22
70 58 55
90 71 67
85 47 63
99 50 16
42 2 29
42 9 32
78 76 62
63 63 45
80 20 29
6 3 5
1 1 1
97 89 81
3 2 1
61 19 15
66 32 39
73 28 47
94 81 81
71 28 60
9 8 1
3 3 3
58 5 1
61 39 28
88 70 22
19 1 16
58 25 15
66 21 25
55 23 12
8 8 8
7 5 1
25 7 13
6 1 6
65 36 14
79 44 49
88 35 18
73 33 65
71 24 58
45 23 4
67 61 42
36 17 23
65 11 12
3 1 3
86 71 28
28 17 11
2 1 2
29 23 20
5 2 5
53 7 12
43 42 21
25 8 12
40 7 27
57 38 31
1 1 1
54 18 37
7 5 7
87 6 68
97 50 17
32 32 4
24 1 9
3 3 3
47 14 23
60 47 59
96 8 64
22 2 3
96 57 91
74 21 5
1 1 1
25 13 10
65 35 58
86 35 37
61 39 40
44 35 2
33 15 16
71 23 7
33 32 31
92 16 57
9 1 1
37 5 13
88 44 40
36 34 22
36 36 8
24 12 9
44 4 34
23 15 1
29 26 13
76 12 11
92 30 62
34 4 5
8 5 4
4 3 2
20 14 7
72 43 11
95 65 90
2 1 1
97 70 61
9 2 1
71 1 17
42 5 5
19 17 10
26 12 19
88 85 58
96 87 92
53 7 20
93 72 40
35 24 13
62 2 22
20 10 17
91 19 70
92 46 86
91 71 3
68 67 18
20 6 20
24 1 20
4 1 2
18 6 5
77 68 46
54 41 53
35 35 30
60 46 47
46 13 1
71 67 23
14 9 12
5 5 5
41 33 36
93 93 1
67 67 49
58 50 57
22 6 18
98 27 60
60 43 51
96 57 54
20 14 20
96 44 15
21 4 2
49 26 27
97 7 25
10 7 7
43 11 5
37 36 27
84 6 81
62 15 40
22 21 21
8 6 5
34 30 14
14 8 4
71 44 19
31 15 23
31 28 11
13 5 6
29 9 24
30 26 5
44 37 11
42 41 41
81 78 72
85 47 9
64 38 47
53 24 49
7 4 3
21 8 20
86 3 1
39 35 33
66 3 58
28 13 10
38 25 34
74 35 47
50 40 48
88 39 7
47 34 2
48 38 16
37 12 14
14 2 14
54 17 5
84 71 20
89 20 83
94 73 86
69 57 53
82 73 80
64 45 29
3 1 2
96 67 64
63 47 30
57 1 4
97 38 64
93 47 53
52 16 38
1 1 1
4 4 1
56 37 17
22 11 8
34 6 17
30 4 25
14 4 10
82 42 81
88 2 45
26 21 1
70 40 32
52 23 7
63 62 14
92 6 57
77 8 36
59 10 55
9 9 5
1 1 1
82 5 1
98 19 81
52 31 29
32 32 14
56 27 27
94 43 18
79 73 9
88 19 72
8 7 2
32 14 23
50 24 41
78 59 41
22 3 21
14 5 3
91 14 82
78 72 14
97 7 47
12 11 11
83 45 14
87 76 81
77 44 53
70 31 55
65 11 17
42 15 28
51 29 9
27 10 25
48 42 20
97 84 23
39 1 9
64 35 1
81 7 15
9 1 5
62 14 21
97 19 22
69 39 25
53 4 41
1 1 1
8 8 6
37 29 13
29 5 11
75 44 34
53 25 45
7 7 2
34 4 5
65 20 61
54 44 19
61 15 43
36 9 32
74 64 63
88 60 9
60 1 2
32 17 1
1 1 1
99 82 93
59 41 47
39 31 33
8 8 4
30 23 22
81 35 64
20 2 9
20 4 16
92 83 27
38 7 37
95 58 63
77 62 50
60 9 4
46 35 2
58 6 1
53 2 4
98 65 44
68 8 30
25 12 1
18 16 10
34 3 18
12 11 11
69 60 22
41 34 20
38 36 37
100 73 54
76 47 73
19 16 16
9 7 1
21 4 10
42 40 14
72 71 42
7 3 5
30 25 21
17 4 17
83 78 5
93 35 9
26 17 4
61 58 12
70 61 44
37 37 30
47 44 19
84 5 4
94 34 93
95 80 78
60 40 1
31 27 11
3 1 2
88 5 7
4 2 2
55 18 49
22 20 4
97 68 95
96 52 19
59 53 23
33 15 9
86 30 59
6 3 5
61 1 5
82 76 67
77 24 27
61 61 6
87 26 62
96 89 27
82 79 11
65 26 37
77 40 39
32 2 29
55 4 11
56 49 50
53 16 42
19 10 9
20 17 4
78 61 59
73 29 17
34 2 13
71 36 27
58 15 31
52 2 51
56 38 54
5 1 3
64 40 3
59 33 30
23 15 20
55 29 55
80 16 37
88 15 56
8 2 4
62 58 31
48 19 41
53 42 22
93 12 81
5 5 4
16 14 10
4 3 3
17 6 11
13 7 10
48 23 4
35 27 24
95 49 1
3 2 2
21 6 6
68 57 49
77 58 64
14 5 14
50 21 11
94 35 5
74 72 34
2 1 1
88 87 72
22 15 5
96 2 94
62 15 14
70 49 52
88 49 1
77 16 34
91 35 51
34 30 26
17 5 12
38 6 31
92 61 90
58 38 41
72 67 60
48 22 4
50 9 36
84 43 52
51 23 43
96 39 52
43 4 23
66 60 62
14 9 12
81 62 22
36 30 6
44 5 5
51 6 35
71 16 2
45 25 32
82 7 36
74 29 31
4 1 3
80 78 13
24 5 12
72 32 72
51 28 41
82 79 80
34 6 30
36 3 8
63 56 17
27 20 9
100 42 92
67 1 5
85 46 68
23 19 21
88 46 15
49 49 36
46 16 9
15 2 13
15 4 8
5 2 3
7 6 6
12 5 8
81 81 23
19 10 9
19 8 12
83 31 22
65 49 20
42 10 5
83 52 55
97 93 35
7 2 1
16 8 15
27 6 7
88 25 22
53 12 5
100 2 76
96 70 13
45 31 11
14 6 8
68 18 10
74 19 21
84 34 82
14 10 1
87 55 78
79 75 38
50 8 43
1 1 1
76 12 37
48 36 13
43 37 22
37 9 25
15 10 7
51 32 40
44 15 10
22 19 2
20 3 14
19 15 4
25 16 4
12 11 5
81 10 67
64 59 32
1 1 1
63 6 22
48 2 43
21 1 17
71 4 6
42 1 40
65 15 9
87 66 64
77 39 63
75 5 17
43 26 2
7 3 5
42 28 3
82 77 17
100 62 15
71 60 27
67 11 25
30 13 1
85 65 42
21 20 8
71 5 56
72 62 3
73 3 50
79 43 5
39 25 17
28 8 8
93 60 66
80 63 13
61 36 6
94 14 57
16 5 7
95 60 30
48 39 40
52 35 34
42 9 32
46 3 3
8 1 5
12 6 11
26 7 15
7 2 6
27 13 18
88 20 8
62 13 8
66 36 40
82 80 28
39 37 6
3 2 2
42 3 13
58 16 8
39 20 6
20 5 17
18 13 12
83 32 62
87 14 56
19 3 14
13 11 8
63 42 60
77 19 46
27 8 17
6 5 5
74 12 20
90 71 41
50 35 48
18 9 18
19 12 9
75 70 20
8 2 7
11 9 3
100 83 58
96 89 61
12 10 6
35 26 21
3 3 3
64 16 5
32 16 26
82 39 80
41 2 19
53 5 40
73 35 71
70 49 6
92 76 48
88 13 28
75 39 31
80 24 22
86 70 51
10 7 5
40 27 29
81 49 15
19 18 2
72 23 48
30 27 12
66 6 14
7 2 5
35 4 7
16 8 4
94 93 19
28 17 22
91 78 61
80 68 46
85 25 17
98 9 77
15 15 4
37 11 34
3 3 2
40 17 27
16 2 7
12 6 2
42 10 24
24 9 22
72 10 42
92 86 10
43 10 25
33 6 32
70 4 28
42 7 25
38 22 31
87 53 17
98 88 37
53 44 38
70 31 53
82 32 40
56 1 10
26 24 17
54 21 37
55 7 4
69 50 66
28 1 22
45 15 43
14 12 11
29 11 1
88 54 58
73 27 50
67 59 27
70 12 3
93 90 12
20 13 11
16 10 6
32 26 3
87 22 71
17 2 1
66 19 34
3 2 1
97 73 89
10 6 10
96 37 82
16 2 15
77 39 70
68 50 43
46 13 40
54 14 7
84 54 39
71 1 25
59 42 32
93 1 61
16 8 6
62 62 6
17 14 2
79 71 25
5 3 3
88 38 43
47 40 1
40 10 20
7 7 7
98 60 57
41 22 30
44 24 33
29 9 4
56 7 31
58 39 15
40 40 29
35 21 16
7 2 3
68 34 20
72 39 8
97 30 75
40 29 2
2 1 1
78 59 38
89 59 89
80 63 61
68 44 68
90 33 88
48 25 36
33 32 29
28 25 10
46 41 17
50 43 18
10 5 4
78 25 53
30 17 18
34 21 6
17 13 6
100 40 28
63 33 25
38 16 30
8 5 2
18 17 18
28 11 17
31 9 30
52 19 52
22 7 20
29 15 28
7 2 7
82 37 62
6 1 5
71 16 18
29 25 26
27 6 10
42 30 19
97 73 57
16 9 1
12 9 2
73 4 71
7 3 6
70 23 45
2 1 2
84 66 65
53 43 3
41 30 20
51 21 22
74 60 4
12 3 12
65 46 3
43 22 3
78 37 56
30 8 3
38 15 26
23 23 12
63 45 39
98 17 90
34 19 31
50 1 4
85 63 25
67 48 13
92 58 4
20 20 15
35 1 27
21 21 17
98 34 73
73 32 46
55 2 51
95 13 20
83 47 54
63 18 17
99 51 79
33 4 4
97 3 62
95 67 93
77 45 48
21 10 15
42 14 24
10 8 4
86 68 63
1 1 1
27 9 13
31 31 3
13 11 7
84 44 10
69 6 48
41 20 8
72 41 69
20 11 14
58 41 8
87 50 4
82 75 23
69 32 30
77 57 39
31 2 3
77 14 2
9 7 9
49 39 15
47 16 22
92 33 34
17 6 16
70 45 57
95 30 61
85 74 45
1 1 1
88 61 60
2 2 1
83 25 46
35 22 35
7 7 3
41 25 19
82 27 12
59 3 30
49 4 47
52 32 23
42 40 10
67 39 30
26 3 8
32 23 5
100 14 23
35 30 13
32 25 4
49 22 31
81 13 17
62 18 33
79 51 59
33 27 19
87 9 80
43 4 8
68 58 13
42 33 26
3 1 2
92 62 84
53 20 51
80 47 37
94 7 8
32 8 4
6 6 5
66 61 25
17 2 8
73 7 8
94 15 47
52 47 51
49 21 14
22 5 10
57 6 54
65 52 55
66 57 47
69 19 65
13 12 3
18 8 16
44 29 1
10 3 1
61 22 58
39 2 18
77 61 71
95 94 15
73 53 43
29 3 9
39 22 27
88 35 78
7 6 1
46 14 27
91 7 71
43 39 3
63 20 53
66 24 8
1 1 1
22 11 2
34 23 15
81 81 58
61 55 32
52 11 35
26 13 14
68 65 27
59 23 25
60 3 1
87 69 28
85 11 3
25 24 5
84 17 27
78 57 57
95 18 6
18 12 17
80 79 27
34 15 3
53 50 30
43 20 22
1 1 1
43 11 33
10 2 7
92 1 6
64 24 9
95 13 95
24 6 8
90 10 14
85 17 64
27 16 13
28 1 21
13 10 13
19 14 17
10 8 3
43 29 31
34 29 8
95 71 7
90 16 52
4 2 2
58 46 13
97 85 65
62 46 2
35 16 29
2 2 2
49 17 37
99 64 4
65 31 21
3 1 2
91 85 58
51 20 37
74 6 74
100 22 21
29 17 1
18 6 5
15 12 10
44 17 21
32 14 15
85 8 56
69 10 59
48 13 12
24 21 12
13 6 11
20 20 11
71 4 68
17 17 6
25 5 7
27 2 21
37 27 12
23 23 1
45 43 21
73 21 26
69 17 7
21 20 12
60 4 60
42 27 2
51 14 26
9 3 3
58 15 42
42 40 10
82 70 55
36 22 9
98 19 25
65 26 7
92 92 48
24 1 20
44 21 7
85 56 64
12 4 1
100 39 71
39 34 37
7 2 1
35 17 28
12 1 5
83 42 55
1 1 1
92 82 4
12 2 5
11 2 2
83 52 53
84 11 67
77 21 3
88 31 54
65 4 59
17 3 12
29 16 18
87 63 82
72 35 71
64 42 26
11 9 2
77 7 72
51 4 24
23 16 12
95 16 87
28 21 11
77 41 57
58 55 7
99 13 1
12 8 5
90 60 50
87 33 18
55 34 55
51 47 7
53 39 49
96 67 91
11 2 4
60 24 56
1 1 1
54 34 9
25 15 24
14 2 13
90 88 60
69 66 8
14 6 4
27 21 12
65 56 39
96 50 48
93 75 76
84 41 67
76 57 56
47 16 40
49 19 49
100 86 13
99 30 6
86 82 52
36 31 36
46 31 17
5 3 3
19 4 9
93 68 52
33 24 17
46 16 27
49 38 12
48 15 23
97 35 64
8 3 7
85 79 5
30 20 26
50 23 9
54 52 24
74 64 24
27 6 26
47 25 18
35 11 28
70 5 56
60 16 60
18 9 4
35 26 6
62 31 27
81 35 70
40 14 19
22 11 17
10 3 1
16 4 10
14 5 10
9 8 2
85 73 2
13 6 2
73 39 41
64 2 39
74 36 30
86 11 33
66 51 51
3 1 3
81 30 30
8 5 4
76 22 46
54 27 21
89 63 31
11 2 8
62 56 9
11 7 3
46 29 16
53 2 34
10 2 10
84 69 74
74 28 74
81 11 56
94 38 71
98 36 43
65 57 8
100 86 51
28 11 23
57 47 5
16 5 7
9 5 7
96 66 27
27 27 24
88 81 77
21 12 1
83 70 76
39 26 11
8 8 1
49 3 24
19 16 14
41 6 28
25 4 11
63 63 25
15 6 2
5 3 3
75 8 19
85 69 54
36 12 28
40 3 30
29 5 1
4 1 1
60 32 47
18 7 6
12 9 7
88 29 49
79 78 31
18 17 12
84 83 49
39 9 18
84 38 72
30 16 7
18 5 6
51 1 7
97 6 30
39 22 14
77 12 55
93 76 17
38 9 20
14 13 8
81 28 62
41 9 13
41 36 6
21 12 15
48 11 45
5 3 2
96 16 9
59 42 54
65 33 10
36 31 1
16 1 3
32 12 22
85 34 43
88 20 35
66 2 50
32 6 16
83 70 5
38 5 36
58 37 8
72 40 67
20 4 13
8 6 6
60 14 31
15 4 7
10 10 7
30 5 28
8 6 7
88 8 30
72 46 2
84 60 36
69 49 17
81 39 30
40 30 28
9 3 7
66 16 14
33 20 24
83 43 20
92 18 13
10 7 1
69 35 28
35 12 27
78 54 8
2 2 2
50 25 19
97 61 73
78 63 23
24 21 22
61 41 33
6 5 5
32 19 13
17 10 11
88 47 20
5 3 5
71 55 25
94 76 40
53 20 11
30 13 2
99 4 45
67 38 44
62 13 46
31 31 6
1 1 1
6 2 1
70 12 20
17 3 8
43 32 40
44 14 20
14 5 5
13 11 12
61 58 22
91 24 8
51 44 8
36 7 8
93 13 74
98 42 31
60 44 37
49 42 2
43 16 20
37 29 20
38 8 32
42 42 7
6 1 1
37 30 1
83 25 23
11 3 10
68 28 22
46 25 9
69 16 16
37 28 12
2 2 1
75 61 23
69 27 22
32 8 4
38 32 17
68 49 63
77 72 51
57 38 18
7 6 1
32 11 14
75 23 20
39 31 15
86 59 78
3 2 1
47 11 27
29 17 29
5 3 5
47 30 22
48 21 36
15 11 12
100 95 59
9 1 9
1 1 1
93 24 17
89 64 74
31 18 11
97 30 72
92 81 44
97 30 90
23 22 9
52 10 4
50 43 15
4 1 2
44 15 39
59 2 19
58 53 41
86 21 70
85 6 46
28 1 12
9 7 7
17 1 4
47 20 10
35 30 20
96 69 2
15 15 7
27 23 18
7 1 5
51 42 24
50 21 1
21 16 9
3 1 3
36 5 10
93 12 82
84 82 35
41 1 1
69 5 9
16 9 2
27 17 17
60 51 52
3 3 2
68 33 10
12 12 3
94 8 63
81 67 77
18 5 8
78 8 25
53 48 19
89 58 34
41 2 36
86 68 8
34 31 10
52 39 1
30 13 13
51 51 46
78 26 1
51 41 26
5 2 1
37 34 11
50 11 9
98 69 49
47 1 32
93 3 81
20 7 20
47 44 27
51 44 16
85 4 32
33 27 8
51 50 34
41 8 11
94 93 68
83 73 73
28 19 19
46 2 4
88 83 13
60 11 42
70 24 1
43 16 3
89 45 26
6 4 1
74 7 74
90 34 5
93 6 85
9 6 7
69 10 31
6 6 5
91 15 42
26 3 22
54 37 54
88 9 37
33 18 11
90 54 56
49 34 47
53 18 10
43 15 3
11 11 5
69 57 19
32 9 18
6 5 4
70 15 14
15 7 3
57 54 38
35 13 7
93 82 66
77 49 55
72 8 66
15 3 8
14 1 13
71 7 32
54 47 14
14 11 10
67 3 14
64 51 19
60 29 43
15 3 6
8 1 2
77 16 6
61 17 45
89 5 6
61 44 43
15 8 10
2 1 2
78 51 62
6 2 3
28 21 3
71 50 1
24 6 8
46 37 31
67 46 66
97 23 22
13 4 9
91 60 55
97 21 15
30 24 27
2 1 1
60 9 56
18 11 13
34 10 11
47 21 36
21 20 6
32 28 26
84 78 3
76 21 65
46 5 39
5 1 1
78 64 28
99 24 56
13 13 12
99 57 5
48 15 34
54 17 12
48 5 34
82 12 16
83 49 69
42 23 13
81 37 60
14 2 6
51 5 16
21 20 14
85 80 11
91 44 64
77 74 36
100 2 85
9 5 4
13 2 4
96 74 50
46 7 16
34 5 28
28 28 18
13 7 12
97 27 1
8 7 7
12 2 6
55 6 1
8 6 8
63 41 54
22 19 3
80 49 6
96 41 91
82 31 5
81 27 47
59 31 4
20 10 18
42 41 9
75 10 47
54 43 22
32 15 29
21 10 3
88 2 26
94 61 29
55 1 24
55 19 41
46 36 40
41 14 39
49 5 38
67 6 49
23 21 9
48 47 21
19 18 11
92 49 87
12 10 3
34 10 12
57 9 22
80 51 57
17 14 17
31 8 1
82 26 81
16 1 15
54 51 6
80 79 66
53 2 51
2 1 2
36 11 22
69 59 40
67 12 21
84 61 80
80 21 52
15 9 11
34 18 2
2 1 1
88 48 36
26 21 14
91 18 61
29 15 1
99 52 7
38 5 4
38 26 14
19 12 12
25 18 24
34 25 29
83 18 58
94 25 67
80 4 39
92 45 58
91 67 1
48 16 46
69 25 5
29 27 4
20 18 6
70 34 68
59 55 56
79 36 46
95 9 58
81 21 24
64 19 25
66 51 1
37 11 25
98 15 85
17 12 3
17 8 13
6 5 1
85 71 34
81 69 60
95 84 42
50 32 7
67 1 41
6 3 4
84 58 48
46 37 9
51 27 4
65 31 61
62 7 47
78 24 58
90 29 81
81 27 2
47 46 20
44 2 37
98 17 67
75 34 12
9 8 7
6 6 6
17 11 17
59 19 46
79 53 47
79 42 69
42 33 30
87 5 82
16 12 14
24 8 5
57 9 25
44 4 17
23 14 23
99 92 94
60 10 28
40 8 13
54 25 10
68 39 57
71 10 43
81 44 11
56 37 33
72 42 51
2 2 1
73 53 64
56 15 31
85 4 51
4 2 4
22 7 4
2 1 2
55 7 15
3 1 2
31 28 3
98 12 30
8 7 8
35 29 12
66 37 46
88 73 15
93 75 87
75 26 41
45 14 45
64 50 3
63 32 6
63 59 24
57 43 4
51 47 10
23 22 17
22 6 1
97 33 53
29 15 15
22 15 13
37 4 9
79 44 23
99 21 89
18 14 7
11 9 7
34 16 32
37 26 19
64 20 28
72 58 65
21 10 4
44 42 23
22 11 5
6 2 6
42 32 28
91 35 70
15 12 10
26 4 14
88 20 15
78 26 24
95 37 89
10 9 5
47 43 6
25 25 17
82 19 43
39 25 7
94 80 4
58 56 4
1 1 1
59 21 57
12 2 6
18 16 1
8 4 1
31 26 8
29 7 2
78 32 16
95 16 9
97 76 12
65 13 63
16 9 1
21 17 21
42 42 12
64 35 32
64 7 25
53 39 6
15 7 14
4 2 1
59 37 48
84 51 68
55 50 16
9 3 1
1 1 1
64 59 34
2 1 2
92 15 41
76 13 70
8 4 1
82 49 46
80 38 70
67 60 26
36 29 9
44 23 35
75 68 11
7 6 4
51 49 25
45 24 18
3 1 2
66 19 46
98 10 91
62 22 22
60 52 49
99 57 84
38 28 17
32 22 5
46 36 37
41 3 38
77 9 28
74 23 61
97 45 85
77 27 24
53 46 11
67 66 58
65 15 3
93 79 67
32 29 20
1 1 1
80 74 7
80 52 14
99 50 88
80 2 25
91 54 60
55 24 20
51 11 40
57 41 42
100 99 90
93 10 75
1 1 1
87 48 35
1 1 1
44 16 18
75 47 11
32 23 27
70 57 26
87 3 66
41 41 21
52 22 43
49 46 3
4 3 2
1 1 1
78 59 20
24 8 10
98 11 30
88 16 55
41 26 5
100 74 69
78 5 33
95 70 14
15 7 3
64 13 56
13 10 4
47 32 36
14 12 6
65 30 50
20 2 14
24 21 3
30 26 11
88 12 55
92 17 47
79 60 29
71 12 19
23 17 21
68 21 14
92 74 14
80 59 19
22 8 15
37 13 26
86 40 46
79 50 55
29 29 28
47 28 21
88 58 58
65 44 36
12 2 3
48 32 7
10 6 8
4 2 1
22 8 15
8 1 1
40 33 36
79 54 19
43 13 35
34 26 4
7 2 6
20 5 13
93 63 21
41 1 39
67 62 30
84 8 38
7 1 3
82 26 6
5 4 5
54 46 11
26 11 21
37 33 24
75 68 14
53 29 2
94 20 50
78 27 11
86 21 58
12 3 9
14 1 3
90 23 24
66 13 60
22 10 18
18 4 10
95 1 62
24 16 24
30 20 21
33 16 6
85 43 36
46 7 6
37 6 36
19 6 4
83 79 46
96 22 3
15 12 3
95 95 95
97 40 31
11 11 2
29 26 27
30 3 13
35 28 10
4 1 2
5 1 1
4 1 2
41 1 19
43 7 25
80 74 20
44 40 7
96 56 36
15 1 12
55 27 46
27 1 13
95 17 80
94 24 24
87 59 32
21 2 6
76 63 16
21 6 4
58 47 38
27 3 14
10 7 7
7 1 4
55 37 39
62 61 13
5 3 1
21 18 4
62 23 56
75 21 54
95 65 86
89 39 36
68 13 4
62 34 33
96 27 12
29 14 7
31 30 18
8 5 5
47 42 44
35 35 4
56 26 37
97 87 76
4 4 3
26 17 26
24 20 21
49 25 5
25 14 22
13 12 8
100 80 84
30 2 19
41 34 22
73 51 39
2 2 2
49 43 13
34 11 32
57 37 41
76 53 48
13 11 12
75 58 2
87 14 19
54 52 2
74 11 57
29 10 5
12 10 10
33 32 21
15 9 6
74 40 74
68 55 56
57 32 4
13 8 2
83 42 34
63 35 39
35 28 31
35 27 2
22 20 14
81 15 45
28 5 12
34 23 16
88 44 47
54 25 41
70 21 33
93 4 56
12 11 11
6 5 2
74 46 2
74 27 48
33 7 24
2 1 1
3 3 2
43 25 19
37 3 22
43 20 4
22 20 15
5 3 4
19 16 2
45 14 41
51 50 15
20 8 5
35 32 33
82 15 46
88 11 15
40 40 36
58 9 30
80 2 36
66 50 16
94 1 87
35 9 28
42 4 39
63 49 37
5 4 2
23 8 20
55 53 9
24 1 8
84 36 47
86 36 18
94 31 71
81 76 29
7 2 6
38 35 28
88 16 33
80 18 79
57 21 2
4 2 2
77 51 68
88 63 51
78 38 36
7 2 7
7 3 4
54 17 32
43 22 24
35 15 21
8 7 7
76 15 24
1 1 1
36 2 26
77 46 30
88 81 6
40 6 35
4 2 1
14 9 14
9 7 4
88 80 52
56 45 38
68 26 55
15 10 6
35 21 8
72 26 51
50 41 14
73 35 8
86 6 52
30 28 27
3 3 3
60 5 45
79 54 76
27 17 22
82 8 7
95 64 21
26 18 22
89 21 67
10 10 10
94 55 4
48 48 36
2 1 2
31 22 11
38 20 4
89 39 12
97 17 30
88 84 76
26 5 8
47 18 11
63 29 22
7 1 5
49 6 46
17 7 7
81 75 9
4 1 2
72 3 48
43 16 25
87 70 36
83 81 80
38 14 2
48 31 42
88 52 36
20 15 20
46 8 16
92 74 74
26 20 1
91 66 43
57 32 15
26 26 6
23 18 11
17 12 9
65 65 52
85 10 65
99 17 98
82 16 10
44 25 38
21 18 15
34 11 22
64 61 53
41 40 11
86 10 62
59 19 9
56 52 13
84 76 16
52 30 44
91 41 32
64 57 61
88 18 38
34 1 34
51 16 28
97 17 78
68 48 66
88 56 88
76 40 23
2 1 1
87 72 68
69 2 60
10 9 2
54 50 4
94 25 84
9 2 6
42 21 18
41 20 19
73 69 22
17 4 16
62 5 2
55 34 18
93 85 36
5 3 1
39 6 25
39 13 10
24 15 2
39 32 35
37 11 21
12 1 11
9 6 9
28 3 18
43 13 7
57 20 3
20 16 17
35 14 12
5 2 4
71 66 24
64 1 62
62 5 35
84 41 3
96 92 18
67 52 61
79 46 31
88 25 38
39 12 16
2 2 1
37 28 14
75 54 33
77 62 7
16 16 13
94 40 41
74 69 69
74 71 51
20 18 16
96 70 39
1 1 1
36 20 34
82 1 36
97 38 6
63 30 54
98 64 58
19 19 19
58 5 14
37 4 4
9 6 7
59 40 31
34 26 34
68 50 57
30 4 25
44 28 41
25 11 11
33 26 6
81 33 58
30 13 13
61 48 46
23 8 1
30 3 15
24 21 15
53 27 34
77 66 43
31 12 22
58 12 40
50 22 6
16 11 5
16 10 13
76 59 45
34 2 29
88 18 52
47 34 37
44 14 13
5 4 3
77 65 21
50 19 39
63 50 8
58 30 27
37 25 28
9 9 4
32 15 14
72 25 30
25 13 2
44 38 6
19 6 1
83 50 78
99 12 94
72 46 50
38 6 6
8 1 5
81 40 4
21 18 4
19 12 5
1 1 1
37 36 8
74 72 62
94 5 55
71 3 15
87 60 35
83 8 62
69 67 13
16 4 5
97 82 83
73 21 22
69 36 14
47 38 28
30 17 9
17 5 4
28 1 20
14 10 5
66 11 22
48 17 38
17 4 4
95 37 19
6 4 1
37 11 10
12 6 10
86 69 67
33 24 27
46 24 2
67 48 26
48 34 25
92 86 42
10 8 2
29 17 8
80 51 28
78 7 29
11 3 6
46 32 32
47 24 39
59 19 4
79 55 76
80 20 17
59 54 47
58 51 28
96 88 3
77 50 11
37 16 8
22 21 9
8 3 8
21 9 17
30 9 22
37 35 19
96 59 38
71 41 24
96 70 7
26 4 14
93 24 90
75 69 29
21 21 3
32 8 21
29 11 25
5 3 2
79 18 65
38 1 26
42 8 24
39 21 12
47 38 17
61 30 15
15 1 2
87 23 33
54 19 40
54 30 48
91 4 90
33 27 15
76 32 71
96 16 52
2 2 1
38 37 27
82 71 6
3 2 1
83 63 40
46 14 30
53 27 39
30 26 25
28 26 24
83 23 41
30 8 19
17 8 14
90 29 13
97 44 3
79 52 11
72 55 16
59 8 6
42 11 13
49 40 43
19 15 9
36 22 22
6 1 1
39 33 4
77 74 67
79 9 34
51 15 42
79 37 65
19 10 8
81 24 58
92 60 27
32 13 2
71 22 22
54 40 13
27 25 20
80 67 62
54 31 11
87 58 12
10 1 3
81 30 68
8 5 3
93 84 36
51 14 51
7 6 5
67 23 7
94 33 84
36 15 18
94 21 4
52 37 51
6 3 6
51 23 9
38 17 1
24 4 14
49 42 41
73 55 21
10 10 6
65 29 62
45 18 31
18 13 10
71 47 68
20 3 14
87 10 24
29 28 28
17 7 2
56 34 23
96 79 68
61 28 24
54 47 31
81 25 36
3 1 3
66 10 6
70 54 28
7 4 1
78 26 7
35 30 6
40 20 24
37 30 14
50 19 21
83 76 39
33 31 13
4 1 1
100 11 17
70 53 36
47 20 21
81 15 65
53 6 14
87 53 7
39 17 19
36 30 1
88 13 51
67 22 35
56 48 1
89 87 17
64 48 23
20 6 11
16 12 14
11 9 7
8 3 3
70 25 13
4 4 1
97 68 68
35 9 17
87 63 7
56 36 15
96 5 66
19 14 14
24 17 9
1 1 1
74 59 54
31 4 30
3 2 1
9 2 2
79 64 40
85 74 57
99 81 20
87 60 75
41 12 27
79 52 29
59 41 2
28 5 18
23 23 3
29 14 22
53 45 32
100 55 13
55 43 34
80 9 24
49 14 15
46 45 39
16 15 5
19 14 15
85 18 9
64 17 39
36 20 34
84 18 51
97 38 58
54 47 8
18 16 8
81 35 58
23 14 3
52 35 14
58 5 34
61 6 60
39 20 30
17 8 12
10 9 9
65 10 3
87 65 46
42 8 40
47 6 1
46 17 22
86 59 54
31 5 11
10 7 8
48 24 41
10 10 1
23 19 22
91 9 49
95 91 52
68 60 58
62 21 15
27 5 6
25 9 24
38 28 14
75 7 7
40 4 23
75 56 13
75 36 62
34 34 29
26 20 1
100 75 39
22 18 15
40 8 13
75 36 24
23 18 6
42 13 15
66 4 39
31 18 8
59 39 30
83 4 51
76 76 23
58 1 12
46 5 29
74 14 29
81 57 67
82 22 62
55 36 33
97 76 86
14 8 14
39 12 13
34 23 4
20 13 8
59 12 30
93 1 76
33 18 27
26 14 13
34 11 22
12 1 6
7 1 3
63 26 60
67 49 58
100 3 76
12 12 6
91 3 43
73 64 12
23 12 8
34 28 19
19 16 16
18 10 2
19 12 8
2 1 1
100 75 13
73 63 58
71 56 31
68 18 36
67 8 4
36 4 20
17 5 16
67 33 60
57 26 34
3 3 1
77 73 16
89 69 75
92 14 91
49 18 28
40 25 12
72 66 57
100 39 56
50 46 23
57 44 34
40 4 25
2 1 2
46 21 14
68 62 51
68 28 8
13 4 10
56 27 51
25 10 1
34 6 9
57 6 49
45 24 40
15 7 4
67 12 8
86 44 24
97 53 2
5 2 2
70 42 33
98 61 91
92 17 57
37 7 31
65 21 6
47 47 34
11 6 4
49 4 49
77 33 46
22 2 2
72 55 36
55 13 34
58 46 37
94 1 43
66 10 7
1 1 1
41 16 40
49 21 10
78 43 16
4 4 2
6 1 3
76 14 60
25 12 6
74 25 25
33 5 6
43 31 32
79 14 22
50 9 14
33 33 3
32 15 21
70 62 70
19 9 5
68 21 19
50 29 49
63 57 3
21 18 1
44 36 20
36 13 35
6 3 5
50 7 42
18 15 17
99 58 46
3 3 2
44 22 32
84 77 56
5 3 5
40 5 9
41 37 31
99 98 84
19 13 8
17 9 1
50 12 5
20 13 20
42 24 10
10 10 10
60 37 31
63 10 37
8 8 6
44 2 41
56 17 32
91 72 72
100 74 35
61 31 42
65 36 23
32 6 24
35 29 16
67 21 32
61 31 1
14 9 10
31 22 31
8 2 8
88 73 1
92 17 39
77 45 72
44 24 9
34 1 25
22 19 1
40 29 21
1 1 1
92 77 65
69 45 49
73 46 4
3 3 3
93 4 14
76 4 34
1 1 1
76 73 49
68 53 9
96 26 51
96 33 41
6 1 6
59 32 28
74 14 17
92 49 28
7 4 3
52 24 2
49 11 29
86 67 79
12 8 3
95 64 56
33 19 14
64 29 8
3 3 3
92 34 76
82 14 30
75 56 27
58 25 39
94 39 40
48 45 16
10 7 5
56 55 6
56 33 17
93 38 59
25 25 14
42 28 1
87 29 40
97 86 15
29 25 21
40 20 28
41 11 10
5 1 3
97 47 90
96 27 71
57 18 8
67 59 49
90 46 76
20 15 18
31 28 28
36 7 23
56 44 26
27 10 3
66 45 65
71 53 4
35 29 13
30 20 1
88 76 49
2 1 1
59 28 31
8 1 1
100 74 5
70 63 1
2 2 1
17 10 9
64 51 51
15 13 10
7 7 1
9 6 7
58 32 51
83 9 72
6 4 3
2 1 2
40 9 26
47 5 27
94 20 77
81 16 43
5 3 4
4 3 4
96 68 41
88 13 32
69 49 46
71 58 4
95 14 48
73 26 55
60 3 18
42 17 30
20 18 17
86 78 16
38 22 30
85 69 55
90 3 89
50 41 41
86 37 5
9 7 7
44 27 13
1 1 1
67 47 63
40 7 25
56 14 38
60 33 39
2 1 2
57 13 36
35 26 21
48 8 22
20 4 18
14 13 13
11 2 8
72 48 11
85 17 33
86 23 25
97 61 88
92 3 38
18 1 16
42 6 18
5 4 2
42 11 5
41 38 23
15 1 4
20 3 1
10 9 8
83 48 9
49 49 3
21 9 3
73 45 23
78 44 24
24 23 5
10 1 2
4 1 1
94 51 92
37 5 26
14 4 7
95 82 76
45 10 30
94 91 13
16 15 4
7 7 1
75 37 39
70 32 62
25 18 5
37 15 5
39 27 19
2 2 1
66 14 33
48 34 34
75 30 5
59 35 13
75 45 52
15 6 2
53 21 35
48 6 30
47 34 32
98 64 18
38 38 24
80 80 80
23 13 9
81 7 54
78 31 12
39 34 2
30 13 30
86 41 16
36 19 6
28 11 27
9 9 4
61 37 54
19 8 13
64 52 24
44 36 12
35 22 18
94 77 74
37 5 23
97 82 81
40 27 16
28 6 5
100 25 25
36 23 35
77 23 57
85 45 50
92 10 35
20 15 16
80 40 24
76 58 13
65 35 25
31 28 14
58 2 54
61 48 53
28 28 5
32 31 13
92 77 57
8 7 6
81 76 29
55 37 24
72 68 34
59 42 30
85 75 62
55 55 14
49 48 25
98 79 20
28 24 3
66 46 15
47 47 19
53 11 43
20 3 10
25 9 18
36 28 4
76 34 20
44 25 21
1 1 1
57 49 22
68 25 60
21 7 18
49 21 43
20 5 13
1 1 1
56 5 46
52 3 17
1 1 1
8 4 3
80 13 39
86 10 35
50 25 4
31 6 24
19 17 10
32 1 2
1 1 1
66 23 48
79 2 64
98 51 76
15 8 9
82 8 25
66 12 47
8 7 5
90 8 51
56 12 25
13 7 7
63 43 48
88 19 55
56 33 37
48 4 21
52 19 1
83 53 51
86 71 68
8 8 8
93 59 86
75 57 65
72 28 3
26 15 15
29 11 29
74 2 3
94 23 65
86 66 74
98 57 64
96 36 31
89 34 7
87 12 84
35 9 1
92 8 67
90 64 24
43 6 9
71 32 18
66 24 1
48 21 39
41 2 36
53 25 22
24 2 4
2 1 1
25 22 14
25 21 7
8 6 8
96 24 31
20 18 10
86 23 57
82 7 49
81 44 57
46 38 3
42 2 2
57 25 35
66 54 58
68 37 52
22 5 2
37 18 26
28 24 3
97 69 15
86 29 10
69 2 9
37 22 23
98 66 27
67 11 36
94 47 7
43 42 18
62 41 39
89 19 47
18 11 12
37 1 1
92 83 69
76 74 13
12 2 7
47 38 33
70 47 56
76 8 46
38 16 10
88 22 87
25 20 22
82 36 37
57 33 13
67 44 16
40 17 22
60 2 11
84 79 29
65 25 14
23 16 13
60 48 20
86 25 86
5 3 1
16 9 3
45 38 11
91 72 11
73 57 18
30 9 22
99 56 75
59 47 49
40 6 19
66 53 51
7 1 2
11 11 10
26 12 23
89 79 75
92 16 83
28 20 5
71 49 28
15 7 5
30 9 19
21 17 19
87 13 78
42 37 34
20 12 5
62 54 3
8 6 2
39 27 9
79 52 31
22 13 18
73 64 9
95 19 48
19 8 8
48 36 38
25 23 9
12 2 3
81 57 56
16 16 4
70 35 18
77 41 44
12 3 8
76 49 54
87 65 9
24 11 19
69 17 55
29 1 17
35 6 9
72 11 49
78 73 47
74 72 29
84 77 56
17 12 13
59 43 23
17 9 11
47 10 30
28 18 22
11 1 8
46 23 34
97 32 24
64 50 30
55 17 21
27 27 6
8 4 4
40 15 8
31 16 6
53 41 47
72 53 3
85 68 80
79 53 73
2 1 1
75 44 13
76 54 5
94 84 83
36 6 21
53 45 6
72 4 46
86 18 86
73 70 12
37 3 15
20 10 11
70 56 11
65 41 23
74 21 27
23 7 22
29 9 17
81 75 39
24 5 22
93 51 19
87 2 43
39 17 37
61 59 38
71 10 5
94 26 56
44 9 34
56 9 6
75 27 2
62 25 34
82 44 66
38 22 3
80 36 62
9 6 2
80 26 33
21 18 3
89 88 20
66 14 15
20 12 3
90 66 33
30 13 26
47 12 25
14 11 10
46 10 42
88 11 3
96 16 3
72 39 40
53 42 41
67 36 34
16 14 9
17 2 8
67 31 17
57 38 16
74 27 37
91 57 54
22 15 18
69 39 53
86 65 12
53 9 45
48 25 4
54 7 2
83 1 6
78 5 13
3 2 3
56 36 4
18 16 18
73 61 36
10 4 3
30 21 14
75 9 69
33 4 6
61 2 1
22 5 15
9 6 1
55 4 10
30 7 25
16 8 12
35 15 2
68 28 5
52 41 5
90 52 20
75 52 44
22 7 21
97 54 23
89 80 34
51 1 36
28 6 20
24 4 1
95 47 5
90 15 12
53 9 12
72 38 25
63 29 1
14 6 6
92 80 89
71 70 25
93 44 45
9 8 1
64 4 38
15 1 5
59 46 16
58 10 33
22 16 10
70 31 45
69 34 21
24 6 12
2 1 1
51 1 8
41 12 28
84 20 30
86 58 59
10 4 9
86 30 67
28 5 22
93 2 81
66 33 30
47 28 23
73 51 45
18 10 14
18 5 15
6 3 5
38 26 34
20 16 20
38 7 29
76 44 14
2 1 2
75 27 64
87 86 56
35 11 14
70 53 17
57 55 48
67 50 46
56 50 50
35 21 7
14 6 2
24 8 5
62 17 36
36 26 19
28 17 10
73 6 26
27 8 2
10 6 1
89 79 41
16 8 7
65 2 8
66 4 60
90 22 39
76 51 75
68 52 47
94 77 74
94 7 38
4 3 3
29 8 26
20 20 4
92 82 55
36 33 12
20 17 7
8 1 2
63 29 54
89 22 87
25 13 12
54 49 33
60 14 25
30 18 30
48 38 38
86 20 72
98 46 54
51 45 36
83 72 51
84 56 40
99 5 93
54 14 9
77 5 40
29 28 19
48 35 18
89 80 20
77 62 77
68 40 14
71 54 31
31 16 7
24 9 4
97 38 20
17 16 12
35 24 14
88 81 25
18 13 8
52 15 3
65 57 63
12 9 8
63 2 15
92 57 88
56 38 52
100 48 90
5 5 1
52 15 23
55 54 2
85 29 38
32 20 1
81 9 77
23 23 20
81 36 35
20 15 6
37 31 20
66 10 51
38 24 12
53 52 1
8 1 4
71 22 12
84 73 53
49 39 45
78 11 26
44 26 14
71 9 29
74 27 15
46 14 5
66 29 51
19 15 1
59 3 12
72 19 31
62 62 9
9 2 1
33 14 18
52 49 35
70 4 59
60 48 12
61 16 58
30 4 21
80 36 31
85 42 23
52 41 40
84 6 16
1 1 1
51 30 25
8 3 8
25 14 21
11 9 1
80 60 8
65 9 8
78 24 2
25 4 8
11 7 11
93 30 16
51 20 9
55 1 7
27 11 6
74 25 64
3 1 1
36 27 4
57 32 19
29 25 24
50 45 20
46 18 33
69 2 61
39 24 22
53 26 36
58 46 46
61 5 11
83 18 34
48 30 10
40 26 21
33 26 26
84 56 45
46 45 18
5 5 1
30 8 20
52 15 16
50 28 30
91 30 5
9 1 2
75 9 67
69 38 7
36 23 21
60 38 28
27 10 26
56 37 14
23 18 1
77 34 18
74 16 43
70 50 43
69 39 52
32 28 19
29 16 6
83 10 45
2 2 2
76 33 39
10 1 2
82 75 22
90 22 55
56 8 48
77 71 15
96 34 48
27 5 11
32 29 27
82 79 82
28 26 6
4 2 2
74 16 26
28 19 18
29 23 14
41 41 18
25 14 8
97 3 74
35 9 30
8 7 5
33 13 15
9 1 8
22 8 6
65 21 41
52 39 41
38 11 12
4 3 4
33 1 12
34 13 23
92 82 67
74 5 23
46 2 19
19 13 10
52 12 23
7 1 1
71 55 50
96 34 59
55 15 50
46 37 34
62 22 36
82 49 44
41 29 21
53 22 33
25 11 18
13 11 3
81 49 39
68 21 25
78 58 6
75 73 14
41 23 34
55 3 17
51 4 15
24 22 20
61 51 53
30 29 20
33 23 2
53 41 29
60 38 45
57 27 3
60 24 4
50 45 45
54 16 37
85 24 17
85 17 69
16 5 2
57 32 57
97 28 25
66 1 4
77 66 57
6 4 3
96 33 17
92 20 31
96 70 70
86 32 56
28 25 21
78 78 35
53 8 5
66 51 18
20 17 19
94 2 45
11 11 3
11 8 10
92 77 2
76 13 37
52 48 37
47 19 33
83 16 83
53 20 38
81 44 59
37 26 18
12 12 6
92 32 55
90 89 18
28 17 2
71 22 8
82 49 79
11 11 4
72 29 30
22 8 13
95 31 43
52 41 3
60 28 45
77 69 28
26 21 7
10 5 4
2 2 1
79 4 2
17 11 6
8 2 1
45 29 35
67 11 16
87 10 35
71 49 11
51 19 32
66 37 41
94 20 91
8 2 5
60 4 14
49 47 46
17 16 8
64 51 31
89 84 16
47 43 24
74 46 34
73 45 19
30 28 13
84 4 61
100 25 74
7 2 7
18 3 14
58 46 20
27 25 20
34 28 34
23 5 3
36 27 8
67 32 23
42 30 12
100 5 26
53 12 50
8 2 7
85 55 35
20 14 6
53 53 27
29 18 17
65 26 33
83 62 1
22 17 16
34 6 9
77 75 57
81 9 15
93 34 32
38 14 7
38 22 35
2 2 2
11 5 8
3 1 1
20 2 7
50 2 36
38 12 29
80 63 37
30 21 23
35 3 25
91 49 43
66 24 57
48 45 45
41 30 8
89 87 4
24 6 20
61 5 60
22 4 13
96 25 26
34 2 32
7 7 6
63 12 56
38 11 10
26 19 5
30 29 6
62 13 57
30 4 26
74 6 30
51 42 6
74 54 7
29 4 7
49 19 6
6 1 6
56 47 21
60 55 43
39 33 24
96 11 61
43 16 9
8 1 5
92 25 60
55 28 15
82 62 56
19 9 10
81 43 78
16 4 10
21 11 3
1 1 1
89 7 33
12 10 10
50 31 46
36 30 12
3 1 3
55 54 29
88 60 62
74 25 52
16 4 1
7 1 5
1 1 1
46 3 42
21 9 13
21 8 13
43 11 12
71 44 30
25 9 9
21 15 1
68 38 29
54 51 12
9 3 5
93 18 18
13 6 10
70 43 25
94 40 7
20 8 11
40 36 13
91 12 89
74 6 58
7 5 5
3 2 1
80 40 9
65 23 54
75 67 36
63 63 22
3 1 3
18 12 17
21 3 17
16 4 13
13 5 2
34 24 33
66 54 65
89 60 55
70 6 7
48 30 11
35 3 1
79 1 10
87 20 85
4 1 1
25 9 23
73 32 47
8 7 7
42 37 30
27 18 1
2 2 2
40 38 4
87 44 31
34 1 34
24 8 6
52 28 23
39 31 25
50 30 8
19 16 18
62 44 3
47 41 47
36 34 10
52 24 17
50 20 35
68 48 44
72 35 4
64 33 21
80 48 18
63 56 41
100 23 38
13 10 10
39 22 23
78 3 47
99 51 46
92 39 41
54 18 48
5 5 3
70 27 65
46 16 39
67 66 20
52 4 10
48 27 10
22 18 2
86 17 58
84 44 11
21 14 6
94 80 37
55 39 35
21 6 10
31 24 2
56 13 33
55 52 43
24 8 21
74 47 45
81 33 20
71 11 38
73 17 43
84 49 53
64 17 1
43 9 31
72 29 22
58 21 31
73 64 33
70 66 67
81 48 73
17 15 3
38 7 36
60 41 4
42 41 41
20 14 12
22 18 14
78 63 25
92 51 66
12 9 4
76 69 23
75 30 64
53 23 31
94 57 91
15 2 13
82 13 4
62 22 17
75 24 27
30 8 3
83 22 47
83 8 75
98 21 23
65 49 22
4 1 3
59 59 32
85 32 31
24 2 4
9 5 7
68 62 54
43 15 19
44 6 6
70 20 63
3 3 1
94 62 41
34 19 12
27 13 19
87 46 6
54 16 36
23 13 5
75 24 58
2 1 2
7 4 7
22 9 13
38 29 12
76 22 56
91 65 83
7 4 4
98 69 80
40 3 16
11 6 9
7 3 5
47 17 23
59 49 13
68 32 28
21 9 17
29 7 13
40 16 4
21 1 4
90 52 53
81 55 43
81 12 32
20 2 16
84 32 79
85 84 78
40 38 36
60 56 24
31 31 29
54 44 32
69 19 1
37 35 10
94 84 92
7 6 2
26 21 26
15 8 7
31 21 22
41 12 33
14 14 9
42 15 24
48 41 40
63 9 32
48 15 31
94 30 28
63 40 63
66 53 9
92 21 66
79 10 39
76 23 29
81 18 44
32 30 16
50 29 13
75 12 69
9 7 3
28 22 18
8 3 7
41 3 38
20 15 1
93 17 53
5 4 3
100 99 4
59 59 54
57 56 17
21 7 11
2 2 1
10 2 4
30 18 14
36 34 18
19 1 9
53 37 35
14 11 1
62 55 47
13 8 5
6 2 2
40 27 25
31 30 10
62 48 29
47 36 1
39 27 2
70 31 2
10 9 8
100 31 33
27 26 27
94 48 25
73 63 4
34 6 7
38 11 7
24 14 10
96 34 30
79 39 4
24 18 13
73 69 2
42 29 23
32 7 12
64 55 41
83 24 48
19 19 6
20 14 20
98 45 28
80 27 74
7 6 4
90 89 24
88 28 85
11 11 5
2 2 1
36 2 5
41 38 34
31 10 17
8 2 5
100 56 59
84 57 13
98 38 45
29 13 27
25 24 7
12 10 9
44 11 15
11 8 9
86 33 18
64 27 62
99 31 73
64 46 24
33 20 5
34 8 24
26 3 22
25 25 5
43 3 1
16 4 4
89 73 12
43 16 5
17 17 1
63 31 58
20 9 1
62 14 44
62 62 59
100 81 39
60 21 23
62 61 42
13 13 11
22 1 14
20 9 18
22 12 16
79 60 24
84 82 12
45 30 17
37 28 23
94 33 17
36 32 5
8 1 1
57 10 17
96 20 22
100 15 80
99 39 60
29 1 8
39 21 5
45 17 30
100 87 79
35 22 1
61 56 30
3 1 3
7 4 6
8 2 1
63 36 4
37 2 19
73 11 46
55 13 55
18 8 4
15 1 4
82 15 77
67 1 18
85 63 46
96 7 45
18 8 9
23 14 23
52 23 13
15 9 4
91 67 53
73 6 19
87 1 9
80 57 55
41 19 37
8 8 1
10 10 2
95 91 64
91 79 37
79 55 4
65 6 62
55 42 31
93 65 10
34 7 32
7 1 1
85 17 58
8 7 6
11 1 8
68 18 36
16 6 5
11 11 11
39 3 5
16 7 11
49 12 35
66 50 16
20 12 16
14 14 12
86 48 22
99 15 31
72 58 5
71 12 4
77 12 51
25 1 11
79 35 14
3 2 3
91 51 67
26 9 25
4 2 2
76 13 13
69 47 50
55 47 12
23 17 5
17 17 15
35 21 22
99 43 39
40 23 40
62 15 15
93 10 76
83 13 67
16 10 16
12 5 1
25 20 22
71 13 17
82 27 9
60 53 56
2 1 1
65 52 1
75 28 27
85 82 47
35 32 5
72 50 47
49 35 15
35 15 13
75 14 75
82 25 33
50 12 26
81 67 39
34 6 26
93 39 77
97 51 27
71 50 41
93 79 43
25 18 25
77 12 30
58 50 34
52 38 22
37 37 37
7 2 3
66 43 19
68 51 39
48 34 40
71 28 71
19 9 19
23 19 1
29 21 11
20 7 7
61 22 14
97 23 32
47 42 28
22 19 21
38 31 38
85 19 11
81 6 59
43 9 7
23 9 21
83 26 58
40 4 34
83 50 60
21 4 21
97 54 69
29 21 11
97 61 48
27 2 11
40 21 29
6 1 5
67 23 46
52 19 26
53 16 41
21 18 1
99 59 39
75 62 56
17 14 9
50 29 31
45 28 39
14 13 14
76 38 56
8 7 1
61 43 57
95 39 13
99 57 83
49 45 19
28 13 26
54 4 23
74 68 12
37 12 8
85 62 41
97 96 20
10 7 3
94 48 87
32 5 12
35 35 22
57 43 10
27 4 7
35 15 5
19 15 7
41 40 25
56 23 51
5 1 4
70 60 20
61 24 31
22 7 3
68 5 36
8 1 5
85 49 23
15 13 15
19 18 9
57 26 54
100 72 83
100 32 37
93 17 57
89 34 56
81 15 65
50 21 23
22 20 3
55 11 39
17 12 11
37 26 27
64 15 1
81 45 65
40 6 29
37 16 5
83 37 7
87 68 39
90 18 60
83 57 59
9 1 6
19 5 3
69 66 61
14 5 2
44 9 26
40 1 21
54 20 11
100 12 86
91 46 91
56 46 56
55 53 44
7 5 1
20 17 18
92 88 36
34 27 30
9 2 1
74 22 11
96 50 14
87 61 32
46 1 9
98 26 22
40 4 38
17 7 13
64 58 29
15 6 7
43 35 10
46 14 8
30 11 16
85 11 11
25 3 7
84 28 70
22 20 21
93 24 47
76 4 16
21 19 3
56 28 20
4 4 1
82 68 79
93 10 72
44 18 17
6 3 6
5 2 5
76 17 38
86 9 74
66 53 7
32 12 16
7 2 3
9 6 8
4 1 4
69 17 24
64 29 3
7 2 6
20 1 3
16 16 10
78 51 4
95 88 12
81 44 42
88 20 82
40 35 9
60 16 5
27 14 21
35 29 30
33 7 4
5 3 2
14 6 5
5 1 1
92 34 52
46 26 41
78 49 75
61 48 58
49 48 4
88 38 71
5 5 5
75 7 29
24 15 15
96 84 21
20 7 11
69 40 4
86 57 16
20 13 6
54 42 51
30 7 18
76 7 64
70 7 2
61 2 53
34 6 27
59 47 33
74 25 56
12 8 1
20 7 2
38 30 25
5 3 1
80 56 32
75 21 20
89 75 26
32 8 1
25 10 11
4 2 1
11 3 8
77 50 15
98 58 5
34 21 19
61 47 43
27 7 26
72 42 5
12 8 8
86 47 25
89 58 57
66 61 20
16 16 2
41 1 5
45 15 21
55 10 1
96 79 44
36 29 36
82 82 53
99 34 40
26 2 13
11 8 11
35 25 25
5 2 3
91 75 41
95 5 65
91 58 26
4 2 3
99 69 40
11 1 7
57 44 30
67 11 12
98 58 50
83 24 65
96 68 70
66 46 9
17 12 6
17 15 8
63 55 58
68 32 12
91 12 9
69 66 21
39 33 23
68 49 23
68 1 5
24 23 22
74 74 27
5 2 1
66 12 56
41 24 39
99 57 15
99 16 83
41 24 7
71 47 36
84 71 77
55 13 41
4 4 2
28 21 13
7 6 3
90 55 12
75 54 35
69 9 39
59 56 9
69 51 64
53 41 10
75 53 52
52 29 50
69 29 50
67 48 14
72 36 52
29 19 9
25 23 3
45 31 3
68 33 62
41 21 14
70 51 39
59 54 9
81 21 39
35 2 29
66 11 62
68 6 31
98 80 15
56 22 12
93 32 11
58 31 43
88 53 51
92 38 60
17 1 5
50 3 29
16 3 6
21 19 16
13 3 9
59 56 8
10 7 8
63 9 38
30 6 1
83 20 28
72 44 36
84 28 2
77 11 72
35 5 35
15 8 15
20 8 11
7 2 3
38 15 10
3 3 2
24 20 3
12 6 9
6 1 2
16 12 9
77 61 44
15 12 1
28 12 1
52 7 45
21 4 18
98 36 42
17 16 1
80 59 33
2 1 2
91 36 70
71 10 10
34 29 20
96 18 26
93 86 13
62 59 55
71 48 6
60 42 58
28 22 21
10 2 5
62 34 16
81 23 74
14 14 12
10 2 1
76 52 49
57 46 8
79 59 36
7 2 5
85 17 78
94 83 88
28 9 4
50 14 42
42 15 30
96 46 91
71 42 39
73 72 69
2 1 1
54 28 47
33 11 29
24 20 18
55 34 47
97 14 95
8 6 8
31 28 7
20 15 10
2 1 2
28 3 8
25 8 5
46 8 1
93 87 89
49 44 23
78 60 74
50 27 23
60 56 26
94 44 62
77 10 31
80 28 73
91 89 75
76 6 38
71 24 28
67 45 36
3 2 3
97 17 21
69 67 15
53 46 14
45 42 3
96 57 44
28 1 25
82 29 76
92 11 11
90 39 28
62 19 37
87 57 58
57 37 30
8 7 4
14 12 1
29 3 23
95 54 26
46 8 6
56 37 33
23 2 16
12 10 5
78 6 13
52 45 41
25 1 8
66 33 56
3 1 2
95 15 40
19 13 9
95 17 30
24 20 4
38 8 24
1 1 1
36 19 13
30 21 30
97 57 96
39 33 7
61 27 17
18 7 17
10 1 6
34 15 19
86 12 82
58 50 57
47 39 45
4 1 1
35 30 30
82 63 11
15 2 1
79 49 17
14 13 14
31 9 21
34 3 27
90 79 43
5 4 1
99 45 83
37 26 9
11 6 6
41 24 38
76 47 50
74 18 55
33 23 24
53 33 39
51 36 35
51 12 40
46 6 3
68 53 68
17 11 2
71 44 15
29 2 11
58 15 30
96 47 8
100 65 51
86 55 75
16 8 11
24 12 9
75 75 3
39 6 1
7 2 6
93 22 11
49 31 18
2 2 2
88 8 32
96 69 88
69 66 15
23 13 12
87 87 24
45 38 15
62 15 25
14 10 12
75 12 25
53 33 36
20 2 5
88 46 53
90 85 89
59 11 40
6 2 1
72 52 7
8 8 6
60 53 9
6 3 2
58 15 34
79 16 4
57 40 10
22 2 14
61 36 8
64 39 49
66 41 24
4 4 1
98 23 86
42 34 35
78 51 13
26 24 8
29 13 17
58 25 41
59 5 17
68 7 18
51 6 48
33 28 21
6 6 2
25 6 18
31 2 11
34 1 7
18 16 8
50 50 16
75 68 48
77 29 38
22 14 21
45 6 2
60 58 47
31 26 11
43 40 3
22 18 5
43 14 27
88 16 54
40 22 28
18 5 8
92 39 81
57 57 15
63 46 61
51 34 9
56 4 13
77 51 56
31 17 19
40 21 5
84 24 37
17 4 12
7 3 7
92 19 63
38 6 21
57 23 18
38 34 18
82 10 20
26 16 5
25 9 25
41 32 4
64 23 21
61 46 55
60 29 2
82 16 42
56 39 12
85 28 68
27 20 22
59 30 13
42 30 39
72 47 24
26 6 9
18 18 13
40 36 4
13 12 2
4 4 3
3 3 3
76 51 14
42 41 7
18 18 7
24 18 23
2 1 1
76 30 47
23 23 3
22 14 19
18 13 15
16 6 16
72 24 21
68 61 16
7 1 1
92 21 10
84 26 78
13 11 5
61 42 33
68 48 12
17 10 15
11 7 9
59 24 54
57 1 15
63 2 26
20 1 18
59 30 58
61 32 52
21 4 15
61 40 48
83 3 27
23 5 10
53 26 9
87 84 1
8 8 8
94 22 33
40 16 23
99 56 53
94 79 40
48 32 36
100 94 33
60 14 41
31 4 16
42 18 4
12 10 6
7 2 7
11 7 10
90 31 75
62 37 59
57 5 49
68 64 5
11 9 11
42 4 8
69 2 35
2 2 2
8 6 7
35 22 32
44 36 25
26 19 26
5 3 4
18 16 14
75 16 62
69 14 50
55 9 4
70 51 53
27 15 2
43 12 14
5 1 5
97 21 80
28 2 22
91 35 43
63 34 6
80 4 10
95 3 58
54 20 54
81 50 77
4 2 4
32 32 30
61 58 58
76 27 10
5 4 2
52 2 29
81 25 19
18 3 17
49 12 21
56 34 25
64 55 48
13 1 6
74 18 8
1 1 1
56 12 3
60 10 11
11 10 2
42 8 2
100 55 80
21 10 13
38 1 10
61 10 24
96 2 35
81 68 2
46 46 40
40 36 30
19 6 3
71 54 62
25 7 18
79 47 23
13 11 4
38 15 28
35 23 9
4 4 4
90 39 36
51 22 41
13 2 11
12 9 11
6 3 3
52 6 16
70 18 20
42 27 35
22 18 5
95 76 63
11 8 11
86 35 30
8 7 6
56 52 19
6 1 3
33 23 15
5 4 5
71 23 45
74 8 12
84 82 62
85 63 54
37 10 5
97 3 83
99 6 57
31 2 4
41 41 29
84 53 40
26 17 15
39 10 16
48 4 29
77 12 73
23 20 23
9 9 8
55 16 3
98 13 38
22 7 6
6 6 3
43 14 31
55 36 38
76 25 25
86 38 57
54 29 14
39 18 31
15 8 11
26 21 3
50 39 28
29 10 19
96 60 40
38 35 9
99 62 78
18 8 17
91 31 68
36 18 5
34 24 8
42 22 23
7 4 1
59 34 4
97 82 40
45 3 15
85 70 6
76 26 60
21 17 7
82 70 65
78 17 44
41 6 19
16 1 6
12 5 1
27 24 11
6 4 5
70 10 32
90 10 40
54 23 11
20 18 20
48 22 2
3 1 2
90 76 70
8 7 6
25 13 10
83 77 61
63 29 63
83 79 15
67 18 2
53 8 13
20 11 15
80 25 45
39 33 34
15 15 8
59 15 55
99 72 61
28 3 1
6 5 1
70 54 41
83 62 31
19 6 8
65 54 27
66 16 34
57 22 48
42 31 5
90 8 84
95 47 4
12 9 11
85 38 41
2 1 1
62 13 49
31 4 30
34 10 8
96 3 56
54 26 54
8 6 7
35 2 17
49 8 9
28 9 6
87 14 27
77 71 37
9 8 8
46 43 42
23 5 20
100 90 63
58 23 40
79 31 10
6 1 6
60 48 19
87 48 6
17 15 12
35 28 5
77 71 23
2 1 1
24 11 17
67 4 43
46 13 18
92 64 41
63 45 47
50 2 20
9 8 2
66 65 9
13 3 13
34 14 24
100 17 71
60 6 57
22 7 18
54 24 38
91 73 42
36 10 11
55 1 2
63 42 32
17 15 14
88 50 34
64 58 60
20 20 4
99 22 10
66 59 38
61 37 46
31 8 6
73 5 43
7 4 4
22 10 16
49 22 8
19 12 2
34 30 24
1 1 1
29 11 28
99 73 35
49 10 48
93 17 12
83 74 33
5 4 1
59 57 16
27 20 21
98 98 36
98 70 86
66 59 31
91 77 12
43 37 5
51 39 27
99 53 29
20 1 8
74 11 74
87 39 58
85 31 36
63 18 21
77 39 71
24 13 24
28 14 9
56 23 29
1 1 1
38 18 34
87 52 33
1 1 1
54 34 24
19 17 16
71 57 56
2 1 2
25 18 22
75 9 59
1 1 1
1 1 1
31 28 7
51 49 5
31 25 24
13 3 9
3 1 1
41 24 32
75 40 73
96 10 26
17 2 4
85 40 45
45 16 45
67 54 5
21 1 19
34 12 14
71 70 28
81 78 55
13 5 13
40 10 34
68 35 63
58 28 18
36 21 6
81 16 39
4 1 3
75 55 38
14 8 4
30 12 12
10 9 4
88 66 79
79 43 29
17 1 5
65 19 62
1 1 1
65 65 19
21 16 5
37 16 22
20 8 11
47 26 18
79 58 37
69 37 33
2 1 2
76 73 19
50 36 39
67 32 18
43 31 2
39 33 3
41 9 16
9 1 5
18 18 3
64 61 45
21 1 19
3 3 2
14 11 9
16 5 4
79 35 77
76 1 21
32 6 30
80 60 13
3 1 2
5 1 2
40 16 12
65 28 28
78 1 52
88 88 31
17 17 6
44 8 16
74 32 50
17 15 7
73 54 1
40 24 26
23 4 16
62 42 44
41 32 30
99 71 42
62 34 59
70 48 35
32 11 27
67 58 12
33 25 33
36 33 15
99 42 5
44 42 36
34 9 4
11 5 9
34 30 17
58 27 40
54 5 4
64 24 20
89 70 54
30 3 20
38 15 29
17 3 4
92 38 49
91 9 69
86 44 63
55 44 24
44 32 17
85 58 1
71 60 67
39 8 11
21 13 20
62 62 52
64 22 18
76 52 61
36 28 8
35 29 18
52 1 4
84 41 69
87 52 63
86 13 51
39 26 9
50 32 29
6 2 6
41 29 19
39 32 34
70 36 64
56 22 47
10 7 7
68 27 34
25 17 25
24 24 24
100 61 20
76 10 15
28 28 19
56 17 2
76 43 1
87 34 18
42 11 11
2 2 2
12 6 4
90 20 41
34 3 9
11 11 2
70 11 52
3 2 2
95 76 5
87 65 41
8 4 2
17 2 3
46 31 1
74 63 4
3 3 3
43 11 5
28 10 18
52 48 17
96 21 70
77 68 33
24 12 8
29 26 20
50 50 11
34 4 13
86 22 51
32 26 28
80 58 22
30 12 20
97 54 70
28 6 23
61 59 10
37 36 6
77 5 4
85 34 49
20 11 18
65 63 10
68 46 25
21 8 4
60 52 59
47 42 16
48 33 26
38 35 35
55 47 48
56 49 47
37 28 2
98 94 19
57 24 25
79 28 58
51 35 25
99 21 87
22 17 12
88 49 18
23 6 16
77 55 51
76 43 72
58 7 52
66 43 20
82 74 43
7 4 2
9 9 8
34 26 20
29 3 22
95 67 19
87 14 53
62 45 35
99 33 81
8 7 3
62 47 49
24 3 12
2 2 2
30 11 7
83 21 34
60 8 14
70 1 46
30 10 25
11 11 6
12 6 4
48 34 44
92 63 66
45 28 5
76 27 73
89 49 59
29 11 24
3 3 1
56 9 3
99 1 59
61 18 5
97 12 54
60 57 54
27 7 6
42 2 23
51 8 5
20 2 1
93 22 3
30 12 4
7 1 7
21 11 12
68 43 63
1 1 1
51 35 2
75 9 51
35 29 25
70 51 42
51 41 2
42 32 34
54 27 11
20 11 7
24 18 9
43 5 7
1 1 1
22 5 18
36 5 10
80 77 31
53 15 39
58 52 19
27 2 26
90 75 58
63 29 32
10 3 6
97 1 73
94 27 20
13 13 11
94 84 54
70 47 47
20 14 1
76 43 22
88 24 33
70 31 31
52 24 2
11 3 9
68 29 62
54 43 5
59 23 23
60 32 25
40 13 10
44 34 44
40 30 39
3 2 3
21 19 2
9 2 6
51 37 46
15 1 15
30 18 22
12 6 6
60 4 23
20 11 20
30 12 30
21 10 1
29 20 12
50 15 7
90 61 42
24 8 3
82 21 17
4 3 4
6 6 2
88 19 56
35 5 5
75 23 46
59 15 32
71 52 32
85 23 82
91 84 5
3 1 2
56 3 37
43 14 24
30 14 13
6 6 3
14 1 3
89 63 83
82 10 14
99 2 47
84 67 64
94 94 29
45 35 25
46 44 12
24 15 10
4 3 2
41 29 7
21 21 21
53 51 17
80 55 26
83 73 56
83 47 64
81 10 67
80 3 29
20 9 20
80 47 20
85 26 31
3 3 1
55 12 48
4 4 4
33 3 21
69 62 10
94 91 26
46 17 36
80 68 75
2 1 2
92 74 20
42 18 13
10 5 9
48 7 12
38 26 36
15 1 3
85 24 5
43 31 11
48 24 37
77 11 62
59 21 11
6 5 1
61 54 36
35 12 8
57 29 20
94 81 90
99 86 43
3 1 3
63 18 39
36 28 14
7 1 4
50 27 24
100 33 24
90 70 20
62 4 33
12 8 4
25 24 8
33 9 5
46 33 26
6 6 2
67 11 39
85 62 60
37 24 1
57 19 21
8 2 7
52 16 27
13 9 4
32 25 3
55 45 14
2 2 1
85 56 84
56 1 27
98 67 49
28 15 22
37 25 2
37 11 16
47 45 1
54 12 9
15 1 4
45 43 12
18 14 15
90 33 47
55 30 30
52 40 5
39 19 10
21 17 2
42 8 22
56 42 25
83 66 51
69 9 28
46 33 24
51 5 8
12 2 2
52 24 50
29 14 1
75 42 45
65 34 52
15 7 4
100 21 42
91 39 27
32 27 29
61 28 15
57 19 11
86 1 10
68 32 68
7 7 4
64 34 42
64 45 14
82 44 42
72 61 59
53 4 25
55 43 37
45 23 28
61 32 2
90 76 52
56 41 53
21 11 8
48 12 2
67 3 1
73 38 48
37 35 23
12 5 11
38 11 14
46 39 46
27 11 8
64 47 41
77 37 18
21 9 17
73 70 48
38 9 22
73 49 14
4 3 4
64 40 22
3 1 3
33 10 6
100 41 8
20 16 18
43 13 6
92 9 42
90 40 80
25 10 4
22 18 15
98 41 14
1 1 1
32 32 31
85 58 38
99 24 27
79 14 64
46 40 32
1 1 1
80 13 52
98 27 68
19 4 10
3 1 3
30 10 1
79 6 68
10 4 3
32 28 9
54 48 8
37 22 24
10 8 8
63 48 11
60 26 36
94 31 79
57 17 23
65 19 5
78 63 67
64 24 61
91 59 28
95 70 5
14 14 13
77 45 38
53 23 8
57 41 43
59 51 28
29 27 2
18 7 11
69 9 8
11 10 4
19 3 14
24 12 23
70 20 53
54 45 3
55 24 39
33 28 5
18 8 12
61 22 55
80 62 20
36 23 6
65 34 50
100 93 94
17 13 14
85 70 65
24 21 20
96 7 31
42 2 24
43 28 20
7 3 3
65 55 60
32 13 29
60 40 44
100 84 19
12 11 2
67 39 16
53 20 30
69 8 67
3 2 1
94 45 81
7 5 4
21 14 11
55 38 5
95 61 68
59 27 25
88 6 65
67 33 49
90 32 31
3 2 2
57 43 47
26 19 2
46 41 37
46 18 33
75 68 21
76 39 14
86 63 65
71 40 67
77 9 7
20 11 14
45 11 14
54 37 18
69 60 23
63 15 31
84 78 37
83 73 53
33 20 13
42 40 12
70 35 31
96 86 39
32 31 27
75 59 35
15 1 13
72 17 64
73 12 29
70 47 64
31 30 9
96 56 61
22 22 2
83 11 81
85 68 36
100 39 50
38 34 36
49 20 47
49 43 48
17 7 15
62 39 26
86 58 16
48 30 28
68 17 48
5 3 2
65 30 39
49 22 49
62 16 36
29 14 10
37 6 16
74 59 53
22 8 12
86 44 14
39 2 9
6 1 4
17 12 4
37 10 29
90 5 32
31 15 1
98 34 54
47 26 5
39 5 29
13 8 2
61 4 24
49 16 10
1 1 1
62 19 23
87 73 23
2 2 1
22 2 3
3 1 1
23 18 5
15 11 7
64 56 62
85 79 53
35 31 10
49 37 38
97 91 41
51 19 51
69 34 42
97 74 3
58 13 20
77 63 68
95 25 14
8 6 5
28 9 6
36 15 29
22 1 14
42 31 12
98 16 90
43 37 20
3 3 2
14 6 4
66 50 25
79 57 62
31 4 24
33 14 28
43 29 34
78 32 54
55 51 36
27 17 16
39 19 23
31 10 24
34 10 26
76 1 66
52 24 1
65 54 62
35 4 11
19 3 14
29 1 18
42 6 2
10 7 8
78 41 32
80 69 42
2 2 1
22 9 7
22 1 11
15 15 2
48 40 8
97 25 87
79 37 70
42 17 19
56 56 31
77 22 62
42 4 42
98 74 60
37 2 15
84 14 19
52 14 25
60 48 24
51 8 25
19 15 17
42 10 4
39 33 36
78 44 22
95 63 69
32 31 27
35 31 13
95 84 44
46 45 7
13 10 5
6 1 4
61 34 58
53 52 7
78 71 34
66 41 64
67 50 13
47 4 33
72 64 58
98 62 29
85 45 81
26 16 26
36 13 22
92 6 45
6 2 5
58 55 18
81 58 68
22 7 12
29 25 6
79 1 66
60 42 45
51 36 45
76 71 33
38 23 10
96 72 92
42 20 42
4 2 4
83 39 11
43 26 23
86 51 73
26 10 13
27 16 7
61 8 40
36 13 26
79 79 55
33 8 9
78 44 74
71 59 5
42 5 15
36 21 23
70 60 47
38 10 5
9 1 1
99 74 6
35 22 30
27 27 4
10 8 2
28 15 1
83 36 35
62 48 61
4 1 4
38 15 33
1 1 1
47 22 16
41 33 35
35 33 35
54 39 20
29 22 1
84 58 35
10 3 1
19 4 1
3 3 1
49 5 47
48 9 19
2 1 1
48 13 10
88 66 29
37 24 11
13 6 7
17 16 17
86 46 86
97 85 58
65 16 31
51 37 18
67 58 26
100 69 4
36 8 16
13 10 3
31 9 22
38 22 38
36 24 7
81 79 36
69 58 47
57 16 48
97 6 59
52 6 18
11 5 6
21 18 15
37 7 27
60 58 1
19 18 2
78 41 72
30 29 18
96 76 67
43 24 32
22 21 16
92 16 52
24 13 22
14 3 11
72 51 10
100 1 26
78 45 3
89 24 71
49 29 22
12 9 7
80 31 48
6 6 5
68 21 43
85 61 35
85 75 4
96 75 36
36 13 17
29 12 3
31 11 24
94 67 37
95 86 12
15 8 13
82 8 34
16 5 12
40 29 19
41 37 6
66 20 6
63 38 31
24 24 16
49 18 23
79 19 68
99 92 36
47 12 27
46 2 46
43 38 14
42 42 22
30 23 6
91 12 73
100 36 54
34 13 8
51 29 8
95 85 12
7 5 2
29 9 16
44 30 11
4 4 2
96 39 28
10 5 2
25 13 2
86 19 36
74 62 15
27 18 16
93 1 70
15 15 5
40 21 19
74 8 55
100 68 35
36 26 28
11 9 9
20 2 10
85 27 51
32 22 15
27 16 8
33 17 5
41 32 38
88 31 62
87 34 6
42 39 2
36 3 32
93 75 91
73 48 56
100 53 70
67 12 22
7 5 2
20 7 20
37 4 18
9 8 2
27 6 3
44 36 15
20 4 12
1 1 1
20 13 8
64 56 51
100 48 30
98 42 14
6 6 6
47 11 30
93 30 53
75 63 17
52 9 28
48 30 15
40 14 34
19 15 5
85 32 9
10 1 2
79 10 37
31 17 9
65 48 11
75 4 18
80 58 18
78 49 16
77 12 75
25 8 12
46 19 39
78 20 36
15 9 9
69 11 47
28 1 1
82 70 47
38 37 31
58 29 49
70 5 67
14 12 10
62 55 38
32 22 26
73 19 28
70 2 18
75 19 71
15 6 13
27 11 14
30 10 23
10 3 10
75 49 53
62 9 25
12 11 4
100 96 30
78 60 70
93 78 41
86 19 62
21 4 8
30 25 11
46 26 29
25 19 14
8 6 7
58 32 52
62 57 26
90 53 59
53 34 14
10 7 3
29 7 18
3 2 2
20 17 4
12 9 9
39 3 4
70 22 31
10 5 10
65 46 64
30 22 20
43 25 42
6 3 1
30 23 11
73 43 17
27 26 15
92 70 46
2 1 1
100 21 39
39 38 15
48 39 17
91 25 2
80 68 22
16 10 5
15 8 11
99 8 47
14 13 11
79 26 25
95 78 50
15 1 15
54 49 11
2 2 1
92 24 29
26 19 19
6 1 6
87 45 6
47 17 36
32 27 26
56 16 40
5 2 2
23 8 6
79 58 25
4 2 4
6 2 3
97 33 80
28 7 11
60 57 33
6 1 5
22 3 15
15 15 14
30 17 29
94 72 42
7 6 1
8 4 2
70 22 69
34 15 27
88 41 34
99 31 66
95 88 87
40 1 21
38 16 2
68 23 62
6 6 4
22 11 15
15 2 6
79 63 12
75 58 10
66 50 40
73 13 57
81 63 19
93 52 6
61 47 10
89 71 18
75 1 50
18 7 18
94 35 91
54 16 28
27 6 20
79 63 40
84 46 41
34 1 17
85 39 55
44 38 41
86 79 78
57 17 49
37 11 4
98 81 15
88 74 34
69 18 41
29 5 20
74 66 2
99 6 64
23 18 11
17 6 2
86 45 52
75 67 40
8 3 1
90 52 33
12 6 6
65 27 4
63 30 27
57 9 31
29 28 24
21 1 1
68 61 45
43 18 13
12 12 5
19 4 17
4 2 2
99 98 80
12 2 7
21 19 6
99 64 72
98 33 83
39 33 22
51 17 23
58 44 7
44 27 31
57 27 16
57 45 57
86 14 51
11 7 2
78 6 39
57 22 51
27 3 19
59 51 3
34 29 16
42 11 27
46 31 6
3 1 1
27 1 6
6 5 5
44 22 24
23 14 18
94 93 5
5 4 3
32 24 11
70 37 17
97 21 85
95 4 56
45 31 19
99 28 98
35 8 31
35 18 32
4 4 1
38 18 23
49 30 21
67 39 26
48 16 3
70 68 50
11 3 1
84 75 3
74 9 25
84 83 80
69 24 3
60 30 60
97 56 20
98 37 2
26 14 24
71 14 4
81 12 73
67 49 34
1 1 1
65 50 36
6 5 4
11 1 9
28 6 9
49 47 48
77 39 67
32 1 6
21 1 8
88 73 76
61 21 43
55 4 28
53 19 18
3 1 1
9 2 4
43 40 11
69 6 11
97 92 18
78 12 58
48 7 41
37 21 2
90 70 85
30 3 17
87 58 84
92 20 12
49 3 16
16 3 11
7 2 5
25 13 16
60 8 34
40 27 15
43 15 35
68 32 4
80 53 65
75 28 66
64 2 22
58 21 7
52 17 13
90 25 42
72 12 4
96 27 30
74 22 33
36 18 31
99 97 90
75 67 70
4 4 2
48 28 23
52 40 45
78 50 78
83 9 77
41 37 28
87 71 22
33 4 22
74 12 63
37 37 30
22 15 3
51 26 17
92 66 62
53 43 41
13 10 2
70 55 13
68 57 31
81 62 1
73 24 9
52 21 10
92 90 15
56 1 37
32 4 3
32 11 29
88 69 51
67 17 40
81 34 81
56 11 39
94 41 37
11 4 4
5 5 5
75 66 54
21 21 5
65 24 32
60 7 47
65 64 55
31 8 24
29 4 6
15 7 1
50 19 45
52 1 36
25 18 23
73 45 50
32 11 18
59 6 28
54 53 49
51 47 37
1 1 1
39 11 13
9 4 7
50 15 8
9 5 5
30 26 26
26 15 15
100 5 88
18 18 12
8 5 8
65 46 36
79 71 52
79 32 63
66 50 19
19 3 1
13 4 11
84 33 9
67 24 51
7 5 6
4 4 3
3 3 3
58 18 18
8 2 1
6 2 6
36 7 28
12 7 8
61 50 10
19 3 5
48 12 9
38 29 1
5 1 5
61 48 52
93 3 55
58 14 29
96 60 67
92 61 8
95 29 53
88 49 11
75 38 67
13 3 8
58 57 31
89 34 22
18 9 8
25 21 22
22 7 10
23 13 17
17 7 1
27 25 26
33 25 32
21 8 20
22 12 2
73 62 22
76 55 9
44 31 37
22 20 12
38 12 18
25 16 4
40 1 18
86 51 71
27 7 13
7 2 3
85 43 77
26 1 10
58 18 14
63 14 9
18 15 7
55 21 2
89 34 46
44 33 22
6 6 2
38 8 6
40 6 32
26 14 3
30 18 12
9 5 9
71 14 38
11 9 5
85 27 1
40 4 5
35 23 10
85 63 79
77 69 59
37 32 5
71 15 5
99 81 89
56 33 56
88 49 23
6 6 2
70 44 5
11 3 1
100 68 92
75 9 10
28 4 11
66 16 50
60 34 57
40 18 36
74 38 11
13 8 1
21 16 17
18 15 14
59 24 31
6 4 4
6 4 3
76 34 58
29 6 19
42 23 8
31 16 18
44 30 13
90 64 60
79 54 64
55 38 43
85 51 1
56 38 38
13 6 13
23 1 18
41 4 7
5 5 2
41 5 26
20 10 10
86 77 24
92 73 4
3 2 3
26 16 2
90 59 53
19 3 6
86 16 84
65 46 25
57 28 57
70 3 28
1 1 1
60 43 15
27 5 21
55 27 22
36 19 35
22 3 21
97 36 77
97 13 83
48 21 5
61 35 47
87 73 17
15 15 14
19 4 11
83 17 31
71 58 24
91 47 31
1 1 1
68 66 20
27 14 6
38 7 5
94 62 41
80 48 53
28 20 9
81 55 81
33 28 9
76 4 28
52 13 13
86 58 24
2 2 1
53 40 15
25 8 22
42 36 11
66 37 49
63 7 37
35 26 5
44 14 30
12 12 2
82 54 67
58 43 3
8 5 2
76 53 20
36 7 17
64 38 12
48 12 2
34 20 2
35 7 16
78 50 10
56 3 20
92 63 32
83 14 44
28 8 13
18 16 2
31 2 25
19 1 17
61 35 27
85 31 16
30 11 27
18 1 15
92 27 46
46 45 22
52 10 15
2 1 2
74 14 55
28 2 19
84 50 28
52 17 1
1 1 1
23 19 20
19 2 5
20 17 12
100 90 64
20 8 9
20 5 4
51 29 14
48 8 18
75 24 24
60 2 16
55 26 14
16 2 13
90 1 74
72 41 70
87 54 12
13 12 11
95 62 44
26 13 20
7 7 2
44 14 36
8 6 6
68 54 23
86 22 6
4 3 3
91 89 77
79 21 41
93 46 80
93 55 17
95 44 4
9 1 6
32 26 23
56 50 53
21 2 12
56 53 44
50 25 32
55 45 25
5 4 2
12 11 8
71 28 32
55 46 38
69 7 30
29 26 12
57 2 20
81 73 20
15 14 3
46 8 30
29 1 28
92 4 81
19 15 11
86 16 82
47 28 44
18 7 2
19 8 4
77 46 51
73 12 62
63 11 59
30 10 29
66 15 33
87 2 3
22 2 21
76 16 49
6 2 4
66 18 52
30 20 27
32 6 1
17 12 4
2 2 2
90 6 44
51 51 25
72 63 41
70 11 33
1 1 1
84 37 37
68 24 44
59 33 31
5 2 5
52 7 19
3 2 1
30 1 19
44 38 44
87 56 34
33 25 31
57 57 9
32 4 12
51 46 50
44 40 1
21 4 6
7 4 4
59 35 36
48 30 47
83 58 8
81 37 18
47 8 44
25 11 11
43 31 4
32 10 24
91 71 16
28 6 10
84 51 9
35 19 23
36 29 26
52 4 10
25 12 21
55 30 4
86 76 48
11 7 6
28 17 21
46 38 23
75 55 35
2 2 2
14 10 6
27 7 6
73 18 55
70 39 64
79 73 14
30 11 8
18 16 7
14 12 10
94 64 69
60 10 37
33 4 13
57 55 40
38 9 18
34 5 3
50 9 29
12 2 1
14 1 2
44 22 38
73 9 44
83 67 69
92 58 11
51 12 37
65 18 32
14 12 1
76 5 19
13 8 10
37 34 28
84 82 27
63 24 9
8 6 7
68 59 14
44 8 11
89 7 25
70 60 28
77 59 9
45 10 32
88 39 40
85 78 55
49 1 2
89 38 6
4 4 1
7 3 1
62 16 14
10 4 5
71 35 23
77 17 18
93 35 90
4 4 1
23 2 16
44 3 9
7 4 5
42 26 15
30 30 13
31 7 18
84 52 42
25 14 20
91 42 1
70 60 56
71 55 38
46 35 8
24 19 7
31 26 8
61 32 28
96 84 88
37 6 18
93 76 29
96 18 67
67 56 9
64 28 48
34 27 14
73 64 54
97 12 27
95 81 80
96 68 50
6 4 4
40 31 37
11 7 9
85 5 33
100 48 27
96 37 63
57 24 55
58 48 19
18 2 15
43 7 4
72 66 16
2 1 2
48 41 47
68 23 32
47 5 29
90 9 54
39 10 32
87 40 85
61 45 39
19 19 19
6 6 3
88 9 88
97 91 86
63 29 59
57 40 12
46 3 21
68 45 37
56 2 42
96 59 63
12 12 10
29 20 6
3 3 2
87 37 57
46 35 45
42 32 42
37 31 14
29 20 5
14 14 7
98 38 81
31 2 14
68 35 39
28 2 19
8 1 4
29 27 22
5 2 4
16 15 1
66 32 27
86 66 44
59 12 51
69 6 39
55 42 50
81 66 75
4 1 2
32 26 12
21 1 8
76 12 53
95 6 23
75 32 47
13 5 5
10 3 8
35 31 35
90 86 56
25 21 19
26 6 12
46 7 4
17 16 6
11 2 5
81 74 41
70 43 66
70 65 7
47 23 11
89 85 54
13 7 12
80 46 70
19 11 11
95 3 8
67 1 8
17 5 4
49 48 18
18 2 14
6 4 6
76 11 2
53 21 37
50 44 21
24 9 17
59 51 37
1 1 1
60 47 8
83 5 37
31 9 8
35 21 16
54 13 50
65 28 58
83 6 1
52 50 49
3 1 1
61 3 58
50 35 33
13 13 9
55 51 14
13 11 5
87 68 45
66 4 16
97 53 92
56 52 22
77 13 77
75 30 13
82 45 34
12 11 5
23 1 2
38 12 9
35 10 2
84 29 8
5 4 3
64 39 40
18 10 18
29 15 19
43 41 15
50 45 8
11 5 11
90 36 35
85 57 62
13 5 13
26 19 10
40 22 6
85 8 51
25 5 14
39 6 7
6 4 4
7 3 6
62 23 8
1 1 1
60 24 16
25 12 21
75 54 44
49 23 6
73 40 72
62 3 58
100 79 38
60 37 57
86 64 36
38 8 37
60 7 46
70 11 42
70 16 4
45 17 27
77 46 8
85 19 62
57 50 19
32 15 23
39 4 11
50 29 14
33 16 17
51 38 26
17 10 11
92 56 74
15 12 2
52 32 34
77 37 25
7 7 7
59 16 42
75 15 36
21 1 11
33 16 2
43 31 18
11 8 5
76 62 26
84 45 39
73 55 41
30 30 29
55 43 18
78 71 34
86 39 37
33 18 23
8 3 5
57 25 24
95 65 74
69 26 5
76 17 28
51 41 18
55 18 1
57 4 9
17 15 13
42 25 19
99 78 19
73 60 10
25 18 25
72 12 21
2 1 2
30 3 10
70 66 4
32 30 14
29 4 24
11 11 3
17 1 7
4 1 3
58 44 55
95 81 63
4 2 1
90 36 75
53 52 30
25 17 15
32 13 16
65 53 48
71 26 42
67 32 66
31 3 1
22 9 15
40 26 13
96 3 50
67 34 66
1 1 1
82 58 47
20 16 11
100 31 43
76 75 46
29 17 17
69 57 63
90 9 38
28 10 4
2 1 1
49 21 36
27 24 25
90 71 14
91 28 44
74 60 73
73 4 44
62 39 26
53 3 17
76 75 20
43 34 41
2 2 1
86 40 66
26 26 9
59 43 59
43 13 14
17 11 10
87 76 5
91 68 77
7 3 4
74 53 3
76 59 6
61 38 36
15 1 7
45 40 33
8 8 6
8 1 6
28 27 6
96 31 44
99 80 51
82 17 74
87 23 66
6 2 6
79 54 2
46 38 45
42 30 13
24 1 15
47 33 33
1 1 1
49 33 7
74 8 74
2 1 2
100 13 97
31 30 17
90 82 16
24 16 22
53 34 31
38 10 36
86 21 31
60 16 1
44 7 19
75 33 17
95 56 14
10 5 8
9 7 3
82 34 40
7 3 3
21 20 20
73 31 30
6 5 5
36 6 28
91 23 11
27 7 14
63 5 31
32 2 7
80 28 18
47 32 10
19 2 4
16 12 8
72 59 47
24 4 3
1 1 1
41 2 33
65 26 30
14 12 1
43 22 30
54 8 54
62 36 9
81 6 45
17 14 10
74 38 54
1 1 1
68 29 18
8 3 5
42 30 19
36 5 19
86 55 36
1 1 1
73 8 15
7 2 6
59 18 44
75 59 66
18 18 8
37 4 23
68 10 7
3 3 1
75 18 13
21 10 2
3 2 3
64 43 57
51 6 8
14 11 1
56 22 36
6 3 4
83 25 1
21 14 11
25 17 24
87 86 44
3 3 3
52 11 12
69 28 22
96 70 45
32 13 10
22 1 12
61 44 26
7 6 3
42 30 31
29 12 26
65 18 39
42 20 30
56 29 39
78 57 73
81 29 76
2 1 1
41 41 13
17 14 8
59 12 47
56 19 40
88 24 78
9 8 6
29 11 20
60 46 16
45 7 42
18 9 1
16 9 1
17 12 9
56 5 13
16 7 15
64 62 43
44 10 37
7 3 2
90 40 55
72 49 71
63 10 47
73 56 51
44 44 31
97 75 15
53 25 46
59 53 46
89 85 30
10 8 4
48 16 33
34 22 13
35 16 26
71 36 22
20 5 11
39 33 25
10 6 6
72 57 25
2 2 1
84 25 21
30 3 25
81 54 36
33 16 7
60 26 18
75 17 55
36 10 11
51 32 24
5 4 3
13 12 5
55 7 34
67 62 26
27 23 9
61 43 51
89 5 80
91 6 90
67 4 32
16 7 4
34 34 13
72 64 22
86 11 68
63 9 45
69 23 68
54 15 54
32 8 4
38 25 10
25 23 21
23 12 19
76 42 19
69 58 26
49 8 32
86 56 16
83 41 11
58 16 44
52 41 7
88 41 78
59 6 53
67 55 3
28 22 9
13 10 6
87 74 25
46 28 34
22 5 8
27 9 22
64 26 4
8 3 3
94 30 59
44 32 13
73 39 36
10 2 6
71 64 66
58 10 50
8 7 8
2 2 1
90 89 47
49 47 44
16 6 14
93 55 56
38 16 6
63 35 2
5 3 4
34 9 22
86 77 68
58 15 39
23 23 13
17 14 7
59 40 49
60 25 36
10 5 9
87 36 22
16 6 7
100 6 47
57 42 10
10 7 9
62 36 56
33 30 19
24 7 24
85 54 8
49 16 40
19 7 5
55 19 22
84 53 40
89 85 82
17 1 10
39 36 1
89 69 82
91 20 60
2 1 1
19 5 2
26 18 21
72 69 15
68 46 19
97 29 77
56 8 2
12 1 3
34 29 5
63 60 32
49 1 35
22 19 12
95 68 57
2 1 2
69 53 57
12 5 6
26 4 1
85 39 65
6 5 3
15 3 3
99 64 22
53 24 13
96 29 83
99 33 69
66 41 49
46 16 18
43 9 14
82 53 76
17 4 5
74 26 53
27 17 11
57 9 41
80 29 27
88 29 24
75 40 54
80 53 24
93 93 59
3 2 1
81 57 70
20 14 2
93 70 63
14 9 2
19 5 19
84 81 29
31 27 8
54 6 27
48 35 36
33 29 6
43 38 15
71 55 7
32 21 1
83 52 45
73 4 31
74 60 25
57 37 15
54 51 17
67 43 36
14 1 1
51 15 25
35 27 10
21 6 17
85 52 11
23 4 2
24 15 5
35 3 22
51 20 29
26 13 24
23 8 1
31 4 10
83 35 20
14 13 9
47 6 7
2 1 1
90 78 44
31 31 3
55 19 47
93 8 25
35 25 1
50 9 17
66 14 56
20 2 16
51 16 4
16 14 8
89 59 24
38 22 36
81 13 10
72 12 32
98 71 9
41 26 4
23 22 7
33 4 7
51 25 39
3 3 3
8 8 1
98 19 69
5 5 2
34 19 14
27 13 4
9 1 6
64 60 62
90 27 60
15 1 4
64 31 54
63 13 10
2 1 1
80 35 72
70 11 6
5 5 5
30 24 5
41 1 37
52 5 9
43 36 33
67 66 52
4 3 3
49 40 29
80 53 76
60 12 29
75 28 49
63 41 7
58 52 1
10 1 7
38 2 22
71 16 18
36 27 36
59 52 9
57 4 47
45 34 10
38 35 7
82 31 70
48 19 29
25 9 5
7 6 5
89 65 81
36 32 9
26 4 7
59 59 30
73 31 2
52 42 22
11 6 9
36 11 10
81 14 23
24 5 10
56 14 53
4 3 3
24 3 15
17 7 2
12 9 5
15 11 2
33 10 5
49 48 4
7 6 7
20 8 9
71 54 1
81 73 47
97 90 34
69 3 8
29 1 2
59 45 4
8 3 7
80 6 4
70 9 20
93 6 7
64 59 20
90 4 59
72 31 32
7 4 2
52 50 40
79 36 26
94 47 3
19 15 4
91 23 72
87 63 31
63 2 10
45 14 32
92 29 48
99 66 83
12 2 6
88 49 64
65 59 6
88 57 82
30 5 9
55 41 30
22 19 11
73 32 24
50 25 2
31 8 6
12 11 8
75 12 9
54 19 47
40 29 33
67 15 66
58 48 12
36 11 28
22 7 6
30 9 28
91 57 22
2 1 2
72 13 8
22 7 22
95 62 29
42 41 41
29 23 6
52 20 6
71 71 8
49 28 14
87 31 3
67 15 17
50 24 21
62 37 46
40 28 2
51 13 37
63 51 31
21 21 18
16 15 12
79 35 41
55 42 31
71 36 24
52 32 24
9 1 8
48 46 20
74 22 46
100 1 79
38 27 34
51 5 33
33 2 26
49 4 36
74 28 31
8 2 5
81 21 69
23 5 23
77 58 66
34 15 18
19 10 17
76 55 68
12 6 7
53 44 47
39 36 29
72 50 23
61 7 8
68 13 21
73 19 34
56 35 7
2 2 2
4 2 3
70 6 70
22 12 2
50 29 39
22 21 14
37 37 16
13 4 9
11 11 2
1 1 1
48 1 5
60 24 58
38 14 34
1 1 1
47 5 8
36 27 22
87 37 10
30 29 21
98 46 9
12 11 4
3 1 2
88 39 28
87 76 54
82 68 17
31 18 18
82 56 36
98 30 86
15 15 13
70 2 48
59 22 55
11 3 1
77 57 21
44 7 8
35 14 11
13 12 5
71 16 48
71 69 55
44 40 7
48 41 36
97 56 95
7 4 1
88 52 85
48 19 12
30 18 11
19 18 3
77 42 41
98 87 12
36 29 14
4 1 3
19 12 5
71 52 49
80 50 41
40 21 7
82 5 79
22 7 7
30 5 22
81 66 65
59 28 47
94 12 78
21 21 3
97 76 27
73 27 32
66 14 62
75 48 72
74 13 37
12 3 7
32 1 24
86 86 84
75 4 37
4 1 2
90 87 7
40 4 34
95 91 44
80 73 5
92 21 34
70 8 11
47 5 47
93 58 72
25 25 6
45 16 5
21 6 9
9 7 5
96 91 47
87 40 8
74 3 31
100 76 80
41 38 19
65 18 51
61 11 24
20 15 19
99 86 36
40 6 6
26 13 12
40 37 10
42 3 21
80 20 21
63 23 27
92 81 21
53 18 5
76 75 75
55 6 49
73 31 8
4 2 4
52 49 49
99 13 63
70 69 61
86 6 68
49 24 23
97 51 19
68 8 5
84 13 56
71 41 18
27 26 20
58 55 21
76 39 22
81 27 66
5 2 5
56 56 11
72 7 16
56 38 25
11 6 4
81 63 75
85 56 69
55 29 15
35 12 32
72 57 71
85 17 16
50 28 41
64 24 31
10 1 10
79 55 72
43 4 18
90 11 6
61 22 16
69 13 34
61 21 47
94 35 60
98 43 63
5 4 3
54 5 27
100 97 59
12 4 7
97 12 73
89 58 46
38 23 14
68 64 44
91 6 22
38 26 20
53 24 35
82 32 66
56 4 34
37 25 6
63 18 16
77 33 23
42 12 25
91 83 69
65 17 48
52 51 3
57 51 44
14 7 1
37 9 37
88 22 54
94 20 27
62 13 41
81 3 79
23 7 13
74 5 28
79 13 51
78 58 69
17 10 17
75 13 38
72 31 63
55 4 49
46 33 10
20 6 12
95 61 90
15 15 6
65 65 40
19 15 4
46 16 19
60 2 35
22 11 15
45 34 27
35 16 7
32 5 4
36 2 32
80 64 5
12 5 3
57 49 56
76 21 39
28 3 6
25 12 22
28 9 21
86 53 64
54 5 9
36 31 32
65 37 3
42 18 3
17 8 6
50 19 49
35 35 9
51 30 15
64 2 49
8 8 8
31 1 25
85 12 45
25 25 8
19 12 18
85 27 21
26 11 10
78 49 47
14 6 7
93 75 83
17 4 8
35 1 21
62 18 23
48 11 26
86 30 34
8 3 6
36 19 14
43 30 2
89 61 70
10 2 9
93 87 44
85 24 54
45 18 32
64 26 25
2 2 1
50 45 4
59 52 5
1 1 1
86 54 39
63 50 63
82 74 64
55 32 23
88 20 76
71 48 6
19 1 7
32 3 14
70 43 58
38 4 18
97 53 49
80 2 21
67 53 58
7 7 5
92 52 86
85 75 76
40 31 8
64 19 21
2 1 2
58 4 45
33 9 23
16 7 7
7 4 4
73 7 69
78 76 54
62 11 48
49 37 47
11 1 11
39 36 18
82 72 66
19 14 4
76 30 54
70 54 26
6 4 1
57 43 39
56 3 53
95 20 48
65 39 47
46 7 9
93 1 6
12 2 6
49 4 10
86 15 15
24 1 22
2 2 1
18 4 16
7 5 3
58 35 44
22 3 9
26 9 14
30 21 11
60 60 44
58 11 1
76 61 48
48 48 27
23 9 12
42 2 41
55 38 39
22 1 14
95 74 9
48 37 18
49 44 43
88 14 45
7 1 1
39 10 37
56 41 9
28 11 21
43 27 13
85 32 43
4 4 2
20 15 17
2 1 2
84 69 34
64 1 55
9 8 4
98 34 79
89 15 55
20 9 4
31 5 14
38 7 21
40 29 3
41 29 39
73 46 11
9 6 5
62 8 61
32 18 3
93 19 6
1 1 1
74 71 74
22 14 2
30 1 15
4 2 2
40 17 32
63 2 44
85 50 23
41 4 10
81 23 28
34 4 3
74 50 44
94 67 33
24 17 2
67 67 4
56 45 37
64 5 20
72 8 23
33 14 33
69 65 45
89 85 43
37 11 6
86 2 20
83 50 60
28 2 12
50 4 50
98 67 56
29 2 28
55 42 25
36 31 14
89 62 27
84 54 7
50 2 48
100 21 88
14 4 7
23 13 6
53 47 24
90 24 90
52 17 32
4 2 4
66 5 6
76 36 42
59 57 36
83 65 48
9 4 5
54 34 22
56 53 25
25 1 10
34 33 11
15 14 7
91 30 44
68 37 17
88 78 5
61 44 7
15 2 15
97 78 48
55 37 6
95 63 39
6 6 5
45 34 2
65 37 34
23 6 6
73 7 54
4 2 4
66 36 52
57 55 32
38 17 22
92 82 13
16 12 9
53 36 45
95 20 48
90 49 61
71 63 28
96 49 75
3 1 2
94 2 6
49 16 13
38 21 11
78 63 61
99 32 96
58 9 2
87 58 50
92 5 45
74 43 54
24 2 15
17 3 1
59 43 33
26 9 20
10 5 9
68 61 43
83 25 18
8 4 5
93 19 68
56 3 15
50 32 27
95 39 75
33 11 22
46 7 43
34 15 26
45 44 22
98 61 79
59 18 3
9 6 3
41 2 6
51 31 48
98 24 60
38 10 21
43 42 20
81 16 75
30 12 14
43 14 19
15 7 5
52 16 8
43 14 28
73 52 61
82 37 44
94 81 75
95 32 11
67 22 18
49 22 4
44 43 21
13 11 1
59 47 27
84 76 82
65 42 14
60 22 48
9 9 2
41 22 9
98 36 36
25 24 8
61 28 31
74 24 63
60 29 58
10 8 1
47 11 19
2 1 1
64 33 46
7 2 7
51 1 8
33 23 30
81 70 21
12 11 12
41 12 34
81 51 71
33 11 11
61 39 30
69 1 68
42 4 35
89 72 12
95 33 46
60 27 20
10 4 5
14 12 12
61 23 1
64 43 13
60 44 56
26 20 15
63 47 19
29 29 29
89 38 76
86 44 72
16 5 11
10 8 2
1 1 1
51 21 6
17 4 15
92 11 41
34 31 2
95 29 36
14 2 5
73 6 2
47 23 41
7 7 1
47 42 10
66 5 20
19 12 2
43 15 18
69 15 18
57 29 3
61 29 45
89 63 19
37 36 17
7 5 3
