309639330
948304834
0
0
0
865174413
811369427
1
0
1
0
0
0
0
219168
175861910
369141032
0
818356034
1
0
660893641
870440671
493055435
0
0
0
0
0
0
0
11550
0
0
0
419160736
0
840291281
0
727631581
0
383460117
286
485067112
0
805501229
0
581653211
19250
995089486
2637558
964064475
0
0
1531345
0
70940504
0
939148424
101727048
799169211
0
0
860394026
161773639
700898097
0
823443082
723680
0
722714725
574487605
0
0
711867492
726372166
0
993354994
45995730
0
0
0
972345882
0
0
0
203407563
464615859
69149688
0
2
0
282106589
6
675
0
635983282
0
148172003
0
1925
0
0
256437796
215199714
28
435674264
45
0
0
0
77407413
0
185439866
0
13566
455687971
0
996388067
480912825
942667478
618675777
60133252
308899728
0
0
0
848268455
22956120
0
0
0
671616781
653974961
387372121
8
0
324733550
0
0
0
286820233
596012889
758460844
0
185651341
871202262
0
517643608
499311341
206842989
311984249
307818103
0
0
757169628
736803259
0
0
449951722
11
486619402
0
269692119
0
336118765
0
521411762
0
0
666012031
0
0
817927883
726840216
0
0
645179767
405
0
0
1
0
0
0
0
894657379
0
15901774
0
0
210016516
790150615
758012666
0
510518105
0
332778927
434302693
751290581
0
0
448572980
100
1
766433431
0
0
801001318
547930835
768190865
0
0
720
605804728
0
747505232
453556688
0
915012541
0
1
198833665
655959371
0
515085035
1346625
1
0
790150615
0
2940
729024106
0
963117170
663930367
0
0
0
0
136150385
0
0
439502774
2053152
0
0
946575450
0
0
0
0
0
0
610674794
0
0
0
265942770
0
0
0
691994386
0
0
0
1
985028821
210203999
0
976700451
588267975
0
966210283
733628150
371257745
236499475
757697784
0
0
993886035
0
936407438
0
123297248
0
0
0
120
0
464481227
0
0
0
699552787
444054924
270236470
0
137765514
0
0
0
536516871
100415629
0
171
50843474
22
900240708
113553477
647716648
105164787
0
1
0
0
631696457
0
0
88948620
0
869398294
120560093
440747177
0
0
556911746
124840566
68208512
0
518080702
0
0
0
0
0
975121631
33866570
75830786
18
150026877
0
103193364
423634199
0
0
242083305
1624
368477399
674798175
0
10
349925128
0
232639313
0
35
0
0
2572695
0
0
0
298696803
12753576
0
86195256
379148849
506169782
0
0
122703450
0
0
0
0
12620256
15504
456346807
110258575
538342488
670352407
148329176
417970085
0
180031952
780186165
0
761980047
0
0
453350031
0
0
0
0
131936635
106874213
318503649
886860420
218618687
0
575147074
307818103
0
15
213140409
519791659
0
0
714159593
207909448
664692891
0
0
0
0
546119460
586898557
160369249
371746836
0
791832774
0
391975633
574250490
0
552025631
866514670
1
66707016
0
1
987190555
267932467
0
0
0
0
0
500163854
0
0
293930
81665320
1662183
220245419
0
181819312
940742856
0
26389801
0
0
0
660815156
0
391575348
0
398227159
914810220
0
0
1346625
0
0
445162655
768776667
0
968035724
0
0
202578418
0
0
748266365
0
0
235685536
0
490188206
161633427
0
1
0
323683246
0
0
1
0
530603015
0
443396575
0
0
683641096
624253462
0
1
0
224490
0
0
0
0
0
201656249
0
458032641
0
656059517
0
290874031
0
415956576
0
539202335
0
450710982
326398689
0
409301000
0
138011717
91023850
0
0
156795080
429195925
0
0
1
91052229
330579367
0
959704270
402143324
289668325
29887
433589908
0
0
482899686
664126011
0
220245280
250820608
1
0
41974310
0
0
0
854863793
31721479
0
0
0
0
0
0
0
239476010
798316185
392614231
0
909963307
66805112
737709387
624284858
1
504503318
0
0
1
1
0
0
477886747
295294822
257283965
664082373
794515357
747505232
0
622461397
0
935240687
0
0
554528492
0
0
0
119330673
0
566431839
235440529
628961302
474024185
0
575054780
1
0
111880794
862239516
6
397039829
66150
0
97391894
0
965693219
0
0
0
0
18304202
846397273
0
10007844
116598714
95736988
0
4960
99911771
569650539
0
722936289
568148214
226116265
355122392
0
174571762
999199688
0
0
0
500236990
306515693
1
3
700739189
1820
957703693
0
16712576
0
0
0
523423431
0
0
0
268208192
344478703
0
0
556780922
658258740
9450
0
438613582
0
898241047
88034969
0
0
0
0
853846146
703461697
0
322591820
0
612192351
291879524
231404035
0
813784324
0
913157480
0
0
0
0
181950435
924
0
0
0
527388233
460628271
102180113
989728719
0
173625430
938771328
27132
0
215803406
0
356070329
0
0
0
842733815
0
220447984
0
261707019
609360599
137156100
442143580
781722544
0
0
10
0
0
87193470
0
921411674
0
0
0
733819737
0
159018654
788766419
417310275
0
119549082
21022074
641094300
73245930
485705419
0
891981345
436354046
1
991094922
214900497
516504901
981308041
0
396076067
1
0
50099831
0
0
0
452553047
261392882
463495587
0
0
86625
1
0
16717796
986364883
605760407
595971521
971119181
779238192
985687272
0
0
0
0
181125123
541895788
672280813
842286599
0
55388718
917603644
18
797512168
320787738
789593979
660708650
310352242
459121609
346638841
526572068
226076507
0
0
1
0
0
0
116224603
618260879
165681051
2
975020325
0
0
931051274
212042639
0
223387691
0
1
8
684663651
866351865
2016
433358378
0
0
104587670
986882459
0
0
950832327
50457000
0
633973747
528287410
797809497
639472927
207937595
1
636926978
103708889
330750
0
366449148
0
0
279656162
869624263
760123703
0
0
806867438
665062181
359415057
0
0
935229851
703830500
872032533
0
605552882
0
0
870310801
0
340945244
0
813219564
173339250
0
0
0
0
314546619
146326063
0
639551630
169887120
0
178333500
0
185061762
0
0
0
375039481
0
0
496169670
0
0
0
956929629
0
119992746
1
0
10007844
761373697
797872086
1
0
0
0
1
1
0
0
420975405
0
751222477
0
879865860
432777603
0
860970558
0
362880
0
0
2
0
0
894605386
207053718
792766288
0
698023660
375529028
0
0
0
403146494
274
0
126909448
550
0
0
0
10206
831319369
0
347304308
0
0
0
34169300
0
763979022
244333267
0
298062819
0
930824144
1
0
0
0
0
929316587
4531520
895765520
0
0
179562314
0
916313384
0
137679518
0
0
0
551444278
0
903540140
227534940
0
6
1
688307355
0
717620521
189334464
11
464542484
0
313093739
0
1
0
803694119
0
1
524640295
0
0
0
0
0
979346652
0
0
314249430
0
0
0
246063112
0
519193176
964264603
601646361
0
0
0
252760682
3628800
2
719384991
0
0
113771461
980676312
0
0
0
0
0
662677470
0
0
0
0
0
0
0
75934436
0
0
421978730
0
0
684742469
924
0
246205440
531679555
0
0
520923
545303169
0
135455435
526582454
59727962
1
445028161
955342936
391850358
0
0
189199841
405
34583476
0
0
0
0
0
0
0
5005
0
800004034
835577701
0
845960979
319366832
0
577312206
92314530
171352918
315
0
0
581460304
0
0
0
0
50
320781158
465645379
14042309
0
0
0
0
336118765
0
0
0
91052229
734434065
0
0
636848787
168518995
0
0
0
0
0
322441654
497074603
273899552
87400575
0
0
586011696
176476059
6
0
27083719
311121138
0
994902683
568148214
351647272
0
0
0
609547404
314070049
188223922
440747177
0
0
80705175
919095405
0
0
0
0
436354046
0
0
252999196
262920293
50
3822
335687736
0
461624068
0
571596790
235086287
343233555
0
179454019
0
241468907
179318336
0
0
731329613
0
370891330
0
654175498
19094819
0
0
208802869
0
1
0
123010950
6
706584586
0
0
60
957032899
0
0
1
943952338
0
0
0
0
986747385
1
0
0
3174444
293930
683063462
557938773
0
136386844
0
0
0
0
0
759580604
0
0
0
739868152
0
0
689176956
122993773
418428839
903362285
133944429
0
202837812
0
578238448
195483430
0
0
0
0
441757703
795259790
982332527
0
548812849
0
0
634323145
0
0
0
916916791
0
900312506
1
0
0
714291877
0
1
651460299
0
0
0
0
421032304
0
0
791603829
0
66524297
0
0
2850
798388489
91
320411844
2
416362663
1800
78422624
0
0
140272978
0
4870465
0
0
0
0
279222575
0
146182671
984431724
502879147
63194549
0
632249295
0
329965978
221286692
0
969547092
0
964523536
0
466448393
586186304
0
419965287
361161339
0
0
0
666704930
0
489120314
229335633
307900761
1
0
2894720
0
63023502
4
0
0
1764
0
0
2
1
0
0
444822842
0
682852161
442951781
0
120
0
0
774208623
0
0
0
0
0
0
0
462166278
0
0
0
0
0
0
575757
0
0
68
0
635224414
0
0
487068147
2940
510518105
41366470
0
18
637324271
773076955
349234201
0
0
0
0
125371114
306094802
0
0
0
854181570
689422673
758852521
14350000
109584
532743691
0
0
0
315721077
795408972
0
0
0
184782103
569216688
0
4410
268456888
817586930
726
1
933520029
649323184
34169300
730638594
747505232
834965671
0
544405889
134729060
0
55
0
0
221352308
2
0
0
999070011
325687497
495878940
0
339441364
0
0
736902771
231
879255910
0
0
138929203
0
0
0
38981497
0
677391672
92025268
330302401
0
482675539
0
0
0
0
264483076
223231246
746408482
987801359
316221064
0
484508977
827705301
351053547
858577167
0
0
0
11545682
472741660
0
0
0
0
905115899
0
869436637
401751328
362106993
504452293
995659929
0
0
465928158
0
0
0
0
594042382
447052069
0
275827421
255134459
295295182
932384942
1
0
0
0
313906822
0
0
0
1
0
578293011
0
316695940
0
602073002
4
397699265
3780
0
766184696
0
985203886
658079219
0
810327468
453948597
0
294829951
0
56386090
0
912719177
0
0
0
571122031
903732660
0
0
0
0
135198376
0
774643052
0
472999101
0
0
0
36347091
322
0
0
0
935368263
0
35960
1925
0
183739792
0
0
240193895
0
110616409
67210924
1172700
286
0
0
0
0
645687536
0
172992
0
661774159
244709988
0
705147636
459792040
401940738
0
165562320
328085591
0
0
369779932
577982732
165333754
0
1
776976019
56
0
0
96658882
0
284884848
825544505
0
0
485331338
832698732
379638
435524125
28964311
0
0
1932
0
906686542
0
0
0
768534237
97653096
987531381
0
0
0
465810448
570658981
884153054
980531821
281297253
0
0
0
1
599993354
0
0
168917367
0
599920688
0
0
39312155
160533112
0
60216014
18329863
959157704
477252648
463437799
0
151461084
0
0
841348167
0
868085588
500500
0
262966466
241356189
0
560702703
289444324
0
0
674013194
908442382
0
0
0
40
705982528
795470653
0
595992260
0
939681522
0
243167206
836117437
0
711882146
1
0
55413072
0
883320438
0
246833079
0
314822550
0
84
1
563183509
523676294
0
932464058
1716
287395049
0
512670250
0
0
0
900104042
775909095
0
230972275
186290461
233041647
233688900
2
741791492
591832469
343067563
0
373611986
0
0
6
860702368
0
1
533907933
0
403829873
0
3578575
147841200
955163809
175
136885901
164361625
823954908
1140
611613369
0
0
1035
0
97019323
318022753
492098598
365750810
0
365742117
0
0
693395759
58069130
539202335
0
0
510
0
600846899
0
1
41462025
0
31363090
1
321324981
0
0
883513044
35
0
0
0
0
331888777
0
395289875
60107632
600513835
0
0
397341996
49158900
358281352
0
492870400
0
222015558
0
246937202
0
250314826
0
0
180031952
0
0
684357748
958388861
562434401
0
6692400
269136
109122286
0
1
835024428
0
1035
591817955
0
220
0
1
0
0
652967316
699599950
314755299
589926525
205989452
0
441559575
699371707
0
0
624284858
0
106687558
0
709645396
0
0
159199292
0
0
0
517035211
317825394
797607305
0
400690278
0
0
0
1
747280812
574986098
10092267
0
948810810
0
0
984990310
0
69284704
0
0
0
0
0
1255254
673382465
0
0
0
788929682
632249295
542312704
0
247520
0
339750183
0
0
0
0
0
0
0
0
0
0
0
364042773
667248584
644424069
0
74189859
0
919040318
0
0
843329888
61034556
0
879907779
470665459
293930
0
5040
642017319
452553047
0
544837620
0
0
1008
0
0
0
0
1
0
2749747
153852860
242133014
932384942
0
0
0
88948620
89682585
406050140
468523330
0
149959241
837792607
97416158
381530883
192183905
937520195
0
269136
0
923263934
301621992
0
0
0
0
809170589
0
0
188671584
0
4
960565823
1
904072894
155917943
1
0
0
0
1
49208132
0
0
893800128
463227018
0
75994456
0
0
0
106032691
0
0
622461397
21407629
0
307160713
0
135774694
0
0
16815
57915019
323680
0
0
210421144
0
960706951
0
249696040
0
0
0
212474134
866709614
6
1
0
0
0
0
0
0
0
0
0
596428306
896465882
8588580
0
0
792083945
526606612
26026
1
0
15070126
120
737680839
0
0
0
338180567
0
0
0
775703586
782747932
562860568
0
0
404021285
180115151
561887959
70
785338400
736989782
14480254
18
0
266790700
0
3525165
0
0
1
201632348
940113457
376205254
0
0
0
0
1
0
291372992
1
87942279
0
0
0
0
1
0
0
388694222
0
0
0
45595144
872416095
0
727507365
172379784
0
623539825
2
0
332259570
287711760
0
108936613
227119876
940276859
183174426
21474180
0
391164237
791238425
178333500
51453900
0
0
0
0
0
0
0
0
6
0
26163
40
0
0
0
722375258
0
566470071
132082352
798009052
372197451
288599295
0
0
820904457
0
550991329
0
0
0
0
4909060
0
0
0
460894744
1
162467711
912712868
331133210
451860924
0
269136
0
241904463
797294374
0
1
0
351704686
803208776
526253788
534438821
1
1
379322221
181166663
0
0
0
0
0
160603364
0
170544
506524033
0
0
0
320492657
0
592198071
316221064
95958590
764308013
314510144
477279775
312690692
202693560
0
0
970596672
0
204433454
0
824140469
5005
0
907416510
453708255
407887396
0
0
38760
112245
0
0
924639513
0
0
0
627068824
0
778377922
0
0
652059501
0
757266295
0
0
324164180
0
950064340
447052069
1
0
624284858
561
262921747
839333701
0
425659850
0
385456831
0
0
0
870112089
286253900
858274050
0
787836912
641021669
0
0
573657128
921738374
0
906546203
83988996
504490871
0
775299845
0
499037703
0
0
0
0
0
0
649091804
961738923
704874012
0
0
278477973
707020451
0
222969758
1
320411844
0
0
0
268937067
353585867
487526590
0
802758907
928116985
2693250
0
950087785
227692672
396889331
478878982
0
0
14054040
0
1
991632998
306756545
0
391958420
133592806
0
0
654733716
0
6
26136
634693172
0
0
0
0
62660288
0
0
405261994
532909679
641650552
785798943
1925
180862467
829059655
2520
69265362
0
626418639
743923826
919033058
553956580
596575857
0
72270186
769430603
227020758
762862739
0
0
0
548400713
236707340
0
33443112
0
479018976
1
130401354
0
856441231
711017287
0
0
594048
0
0
434506959
64799223
317655317
0
0
554893469
833250650
2
0
429468375
238672762
0
32966736
0
984021394
0
0
0
0
0
0
0
669329867
284595252
0
0
0
316082631
271917439
0
0
110880
0
0
0
13068
0
0
182204200
0
0
0
0
0
0
858128686
0
314146626
241540470
455550808
0
255011817
0
462
0
632685657
754450751
0
0
314929597
181564472
0
781640157
0
400250845
0
90336097
201368416
339779432
0
0
0
0
0
2975544
510
962920862
0
909049796
137244897
881158677
6440
447972450
0
0
216045621
904719240
4830
0
142038495
466244438
1
0
0
0
487050965
0
555676503
0
62462400
411207317
0
0
0
0
0
0
0
0
0
0
578362669
893170544
0
0
0
570936962
0
105258076
0
0
224982960
0
0
152718127
361161339
0
81500185
0
0
0
0
0
884329477
373206583
0
0
0
0
0
19110
488504279
0
566902092
84422289
31465
520890036
0
400685216
219211955
0
576881749
0
0
0
0
0
0
0
0
502150391
150026877
0
0
798543271
0
509193370
246833079
893530365
0
2520
0
0
426132223
0
302379254
870310801
142131152
925822537
0
0
0
0
1555840
1
1346625
880414469
368638850
0
740289656
0
0
0
972129442
56
0
632303405
654077047
0
0
4
0
0
0
0
705878242
0
0
1
0
0
11880
477077765
0
448504064
0
0
609650029
0
322124579
0
366831176
0
733445667
0
0
956963861
612930182
657596091
0
0
0
691628911
0
156795080
0
18462906
997390962
38062787
0
19
0
536478467
813326586
0
851000037
0
522522956
989258230
0
44962022
699371707
0
0
0
574870887
0
445899799
57361360
0
0
317019496
2894720
0
0
0
0
940070929
600426646
0
499950750
108487894
0
1176120
0
0
345008844
0
0
0
810556420
0
0
0
847418893
780967021
0
0
0
45995730
6
863921998
241388737
0
489456217
1624
0
493498555
521181085
388268582
0
500475854
998477724
667641357
0
0
0
824767038
0
120543840
986231005
0
0
0
6054720
804243067
183484109
356427430
0
566844345
0
986526133
89744315
657206836
1
172234330
970902083
45
525623662
324272144
0
0
0
0
305660676
844552332
1633301
0
0
116280
0
97711701
0
216261263
740457073
0
0
213018700
147090186
0
0
0
0
0
0
0
0
0
732348528
0
0
0
711140346
752538782
307670333
1
0
281570746
35181861
0
815098633
676542178
672280813
288450505
321137667
0
336871551
230078949
775703586
0
0
471527032
3
471427986
610712750
0
0
0
935183677
101632820
145529330
784974318
68208512
41781440
0
0
60715308
0
650406305
0
0
101701757
0
159408462
296062011
350801173
982665429
9459450
0
342901597
966107033
648172800
613116723
0
0
917977681
704404247
0
390367413
89871179
658580967
0
0
0
0
0
0
286427093
0
642571689
0
0
0
1
0
386970178
1
595776623
52201074
0
630343865
708597493
834248346
619530362
260796427
0
0
195126641
0
0
0
0
60366421
331648601
440625628
339831750
0
0
0
153
0
114093006
0
0
0
206797309
0
0
0
0
540854922
0
423467295
958734325
6
241087680
32490
0
0
0
0
340826549
0
31824
0
971717606
0
138687897
8500
0
486442873
199895898
0
0
0
0
63288091
748292075
0
0
748836778
0
0
0
0
364976958
42740948
171370186
0
0
0
16712576
0
0
0
944142071
0
645998788
38610
928867272
153
0
1
158405355
511445719
729026597
0
188740279
26433982
0
43215339
229978650
0
0
0
0
380431896
319366832
216047219
0
0
427517224
0
1
0
1
623186877
0
0
0
0
28
0
985267029
0
0
468180
559906207
12539017
972425996
0
85
865706359
1
979633338
0
435850718
0
0
735591538
0
0
246729514
1
0
864418978
1
0
0
816014172
0
484068037
395510629
0
1
782633379
0
26681552
201664196
0
812299585
0
217483179
0
537873737
43159203
0
525517178
1
30843646
0
972283051
0
425661247
443078150
888989229
0
461278462
0
742889934
564295790
0
0
280724487
910681920
611679565
0
605028260
404993868
546122620
35
3
27132
90451296
0
0
0
5040
476490699
992712769
0
0
0
0
333548104
0
0
293897696
0
327035110
0
269692119
0
0
116896626
2
100207668
0
0
0
0
195797987
0
0
0
0
1
0
0
0
13436946
0
0
0
160014988
878717109
0
522788706
0
357085158
0
0
976692742
0
0
0
6692400
98356591
0
0
4116420
0
23751
0
0
0
584113298
0
0
150
0
872581
0
31875996
939114342
0
0
0
643917159
558876492
0
503810606
0
596221763
0
0
0
0
0
0
1
0
0
615512454
0
0
0
1
1
176141757
121886549
588438926
229790925
17160
0
719746600
276842423
0
929985216
0
907450224
228681008
0
0
1
930871853
0
0
0
719569620
744114397
0
0
7
0
0
0
0
91052229
0
0
153229377
0
971982236
0
0
0
873031487
240152475
538815048
0
0
0
859527458
477530450
974415803
6769
5036766
460092654
475122964
410383477
1
0
0
302902364
0
0
0
546122620
0
0
442668904
0
0
32773776
595484846
169098520
1
0
0
0
0
0
0
660141609
139536
0
0
0
0
101701757
929258863
334781469
768215624
0
494250088
2227037
0
843032853
0
0
0
0
0
0
0
322
879747377
0
0
15
0
0
525280505
181498421
347057878
0
0
0
0
4740240
0
0
283813417
0
1
373833967
6
0
0
0
703141158
0
702173194
0
0
952359938
0
997552878
0
167123835
0
0
54490135
0
2998165
770481311
0
0
3719430
969
0
916032824
296770615
654717583
641598056
51
0
11
175462340
0
0
0
370276625
179464893
2940
0
0
0
416853101
0
0
0
360360
0
626356188
0
680895199
2
312842641
0
0
0
521621169
817779684
0
0
0
845960979
419710
782148968
0
271672008
948343321
890570539
0
163800
365742117
0
0
0
797722817
759412162
0
0
452863314
78376749
0
0
0
165562320
547587321
193922551
623851135
0
823423627
577601035
3
0
819885486
0
0
0
0
929163119
0
0
0
942149339
0
0
836713479
0
136291471
1183
176936760
18
0
330
0
3719430
31824
569014906
0
932557272
0
0
120
0
137544647
75130065
971952508
531644689
383088652
838966380
61776
799348039
515524086
0
749463
0
0
85900584
1
50975348
251400487
0
681282453
0
0
587900643
391685
344001296
104040
576514569
0
463017437
0
1
561609662
291869670
34916946
600314754
325130
609565367
0
0
398322542
519855123
15
471135620
0
454382915
0
877122327
485594066
0
0
15857987
722406126
508056094
770960172
0
978291164
0
209106559
317019496
195675303
835577701
910230203
0
0
216047219
527775849
735
0
412240370
6
0
455797254
344861600
0
0
0
2
493240591
951709698
823415298
0
0
0
874723588
49158900
0
0
687185430
156565413
0
962738652
0
0
0
0
0
7
45
0
0
0
0
0
112082266
0
0
598512382
103834742
0
842379806
0
578488844
601158556
199429459
0
0
0
726953849
18
505775541
0
873730774
75
978326711
477472972
0
0
0
0
27377985
717325005
0
0
0
0
865259796
5412330
921594288
0
671665695
0
439304900
0
338180567
820132642
0
372094950
0
0
0
127235751
75204103
0
0
761154517
0
254295035
0
0
879183283
0
0
0
980686224
0
0
210210
592761786
0
674358851
319664727
1
0
0
0
15
0
0
0
510805718
0
832430769
0
351035439
113513400
0
92120
0
6
710219053
424642962
824172013
0
0
0
0
318779931
144492241
281699042
0
0
675
256370274
192098961
0
766142381
0
0
0
0
0
0
0
0
0
0
0
19110
556080569
0
489157374
0
651301134
22555809
0
875
0
864418978
0
0
0
0
0
0
10
475276485
0
656887561
0
0
681453761
11880
0
0
986037151
1
0
40350970
0
470552535
754450751
0
551314688
837635621
0
74478333
0
0
0
0
0
283895730
0
52646792
316564390
0
664976055
0
0
0
80314070
8301672
0
386604856
0
240145598
215997616
0
0
0
884959138
0
0
1
112053653
0
0
474216436
419671056
208724009
0
0
603832127
731118426
0
312485186
0
777999238
188811148
0
0
861724169
610446181
0
0
585040489
0
1
0
1
460369132
0
0
0
765136998
957687189
0
0
0
0
42334858
988171670
732686089
0
939681522
0
940877114
50986365
0
0
0
571441483
0
0
1
0
0
0
338805195
777541696
0
0
49033365
412764119
190821613
0
522662285
995089486
0
0
0
0
0
0
359672017
109584
0
422953925
0
0
0
563247462
0
0
15
84828586
745021134
279825000
0
932119091
1
15264150
0
0
0
732887267
5200300
0
327845836
956889084
0
761180209
0
798709606
0
310731347
0
0
964751416
0
683817059
1
471442966
3822
89352892
841985600
0
905468620
446326720
289524099
0
506524033
0
0
36
0
0
439367915
538387009
6
285517631
0
956465026
0
0
0
379239269
176813287
1
0
0
0
55782633
533547980
100207668
0
411437429
902133611
146375474
48027866
580095614
0
0
0
54740
0
934107329
189199841
0
1
0
292591421
285798873
0
0
171046606
55834857
40614
290626991
0
0
747371786
991261721
665630193
0
116896626
462954078
0
12753576
0
0
120
0
8409500
0
1
43814559
17084650
2053152
0
884122561
670868244
314430536
239073140
17035200
0
0
0
0
405
0
481838759
0
0
0
0
0
111532851
330
0
89989335
0
0
0
0
2894720
0
1
832119905
0
13
0
0
387891504
0
0
0
0
0
0
0
0
430405861
924199190
0
0
0
6
444437169
0
0
174962086
595200214
326305492
0
0
753850061
0
361354775
0
0
0
431285928
0
380868513
0
530181780
495878940
920507355
0
531188515
0
109584
31531500
715
8
531961473
80037210
0
185783385
990656343
604963721
0
1
680928471
35
405548978
572423341
0
6960
0
24360
846060800
74334300
0
0
0
434655554
0
387784807
393664931
0
0
525642297
835577701
0
27531523
0
0
647427950
0
853681183
1
944241296
0
121183568
635683782
0
16712576
6
579721500
0
0
818411547
863055364
0
0
484508977
0
895029588
0
0
0
86700579
0
355917355
100207668
185814553
347068413
500928730
45108203
553834148
468429464
0
0
289691817
658008
0
0
18
360980649
0
100294960
836812809
465645379
0
764922223
207638970
148897264
337347588
711778579
0
420262959
0
157338940
0
211032603
400250845
0
0
0
234344871
810168623
0
247558293
364714915
0
28
99724453
0
972187161
934816055
4536
265551783
0
391447379
0
464520153
0
0
0
0
0
219349345
0
914886183
0
0
0
438148225
124066076
75174479
0
617688227
0
1
24
219497135
474605935
0
848837984
484864380
0
0
534906304
99884400
612253264
589221278
114979818
0
407463740
678182121
0
0
0
0
758852521
810683045
0
244551365
799100845
676569958
0
1
0
312056696
777541696
0
0
0
761987929
15
321137667
914066294
0
0
1
719774369
0
0
0
0
0
0
1
1
109239254
0
429130885
0
0
0
0
745450632
0
2
0
552062826
0
0
784873304
883392944
0
817571565
408056174
0
865193712
0
0
85
0
287149726
0
1
921772198
237530012
0
0
713601291
315704514
0
0
0
856437225
0
197972901
0
60363553
150091346
0
0
177157062
411692955
0
457478321
612192351
0
316761034
0
6
0
606768897
0
241892417
854872193
0
0
0
176899426
0
0
99320838
0
0
0
351850566
0
458820284
451046497
925802458
637111165
35
0
666797119
422076516
0
73215862
0
87662008
10765150
0
345491417
537499686
0
0
882965683
661810943
0
0
563051726
0
345823179
781021223
0
113928732
0
0
0
600107508
78
850678779
0
0
994213029
0
0
609806101
720
332272831
374807269
373065592
0
0
1
0
105
196267179
858706813
905468620
0
0
513889987
10890
0
709723884
0
0
0
0
425078069
0
0
0
727506201
0
240130930
0
0
2510349
0
340205616
643772408
734439638
403845800
368256114
0
459515407
0
236420893
149203329
0
0
0
0
325424813
980
421032304
0
693487795
205989452
0
0
508993819
0
5412330
420517254
0
0
39900
530587689
0
582641774
368801788
596378706
0
0
685595995
0
0
608537005
129583234
730214798
81783442
0
0
0
86092831
705893576
0
0
0
0
55
192362991
705855196
0
0
185566012
0
105
0
0
67626
1
101766262
0
455151272
0
502983361
0
494347275
0
311517916
0
513552980
372929975
693365438
244333267
0
0
0
0
727063394
852623620
615277735
0
751290581
0
583531556
0
0
0
0
0
861889591
421420577
784268378
962977952
818923992
0
17035200
0
10
0
0
0
485144709
798117987
10
0
460299505
678736866
0
500105469
0
0
527663409
0
823243574
831411435
542605532
0
0
0
0
0
0
0
400589126
0
900095186
264961270
123672657
0
0
855135538
719835392
934245766
0
483173276
274597091
0
0
1
0
448098224
823769334
0
278654011
1
813462483
1
176610
591349709
0
0
0
515973205
0
793311893
0
490162460
465357016
0
323931766
0
0
380369414
476914215
40116600
0
590448860
391803798
0
0
0
0
0
238160726
0
879747377
0
290386431
0
0
0
0
897821781
631297031
69485076
0
0
0
0
460878957
950306167
694912139
0
1
0
5412330
8500
1624
0
335773576
356127451
777145212
574001827
0
681453761
0
0
0
318350724
9910982
0
2
0
0
0
13068
1
0
1
354169645
0
1624
0
0
0
0
0
0
0
0
768806281
1
643264160
0
710636462
0
0
0
363310549
0
577980
933803737
0
0
997552878
0
0
978113224
0
0
1
277962685
912183471
0
565489124
0
584882959
832536138
0
0
811294352
1
873245036
1
410964710
74606437
0
0
541654658
0
0
1219368
3
1
551199440
962491433
324329797
658037941
785980028
0
108749597
392157764
781021223
0
220
0
0
0
697049899
58443
0
281284561
972799790
0
754652170
0
522601745
451559898
579020210
116280
0
406371876
0
0
0
0
0
38260728
215372062
0
2
116280
0
0
720971377
0
876349451
6
206288713
350734039
293930
0
758813003
274
932373181
0
0
0
0
0
368233853
435189456
76257690
353794614
2475
486442873
98518763
0
0
529534802
833976836
0
0
357368614
401124260
867870411
0
326934655
0
280372025
7098
0
691354707
0
0
760024748
0
2
0
2
195671771
661277518
0
0
462214915
91091
0
580461022
0
600882656
0
400664876
0
359032514
0
159114750
0
225
0
0
11
1140
0
40342817
0
570166497
734447421
0
60235307
912022010
0
0
0
0
0
0
0
0
0
481328935
0
0
0
554597189
0
0
0
0
0
0
0
0
443911910
613781098
71656
191257107
913575747
0
0
117117
0
0
662648218
2859384
2595507
0
0
924472663
0
109123259
728663008
0
0
0
488461555
650413568
0
5
722355939
547596588
532663896
0
0
697118579
279706573
245008067
0
0
172992
0
0
213697857
0
657676071
94217686
0
786725299
722227018
391860981
537703126
0
10660
0
4
0
0
767173910
392095258
246453308
0
0
6
0
971773789
0
393263289
6
0
0
995653994
0
150
189771363
0
391975633
0
149530936
1
86107552
763389639
790055038
575757
2
0
0
0
0
0
2002
905673235
0
0
253887671
879521778
0
0
530689688
0
0
285671692
872272389
0
27613571
0
34210777
0
1
0
400988843
839172937
513747482
0
677444428
869248530
647275689
85
0
527250700
0
2
71188211
98477763
0
0
657281765
0
113495249
0
273856808
0
908510902
0
572232975
0
0
0
0
408654174
0
963302326
0
0
642558384
0
0
922583439
57013934
0
0
0
122709623
0
626739506
1
30971113
352257881
0
0
779935116
0
0
410411835
9
30453800
0
1932
513258079
67524074
0
0
630505526
273004143
0
11
455181516
980118653
239778963
0
22699151
55
0
201481460
713530374
932632869
0
258337342
4
0
1866417
619560338
977621916
0
0
207163598
857357640
528295402
1
0
0
397333302
0
667960669
0
0
0
0
1
0
717479771
400615480
0
0
0
71332914
32666020
0
0
0
0
229790925
0
320492657
787206688
0
612192351
0
758365402
479984955
0
0
0
0
505784167
308792821
105105
0
0
634744052
102896857
0
163627558
0
0
0
252999196
196789742
0
0
902133611
517637943
301621992
768153204
899479019
0
0
0
355312306
735
838420651
1140
639065700
1
0
0
57509364
178883481
0
447970804
0
326298952
0
262563250
112789454
0
92327040
112306964
679540832
715
890229126
0
442000249
678579491
35
920057489
0
0
0
672274490
0
0
0
288
88390909
868746943
839733925
198450
0
0
758308094
0
894190692
0
0
154162743
980485719
990541383
0
0
0
4292145
0
692864394
338942011
533219060
897821781
0
0
0
687308087
0
18
0
657767019
811883330
91113241
0
203268685
227020758
200023823
0
0
0
0
0
188034097
1
0
158329042
1
0
43972051
0
0
0
53508539
163984750
0
39804815
977098575
905461744
10591412
951964093
671680783
0
0
0
0
632777652
0
366509158
0
0
123689280
392423748
17361212
357125460
220500553
987705728
0
0
182186113
869817324
109584
0
315
0
0
0
322003026
0
699371707
45143106
0
0
577703906
790874540
5156923
0
0
0
0
0
0
0
344001296
304227000
0
622461397
616554254
0
643884580
0
353595116
1
872109317
0
225
202025578
278256
0
0
215646011
0
0
0
382955795
0
897129812
538394710
70705021
648061563
939705732
992836397
622896594
799098892
747140802
0
0
38436997
0
0
4410
538526599
1
0
629688685
192049062
316840355
11941768
0
0
1
0
0
1
26136
0
0
0
0
134966383
0
936480690
955773828
0
0
0
946629385
0
38459735
578486478
0
0
0
300120549
904213638
0
301456619
153793062
154143080
0
0
429640860
412148044
89566735
0
0
0
0
400859475
0
0
168215767
371695262
0
980700
0
0
1
0
171120976
0
0
293289000
739987956
0
0
714477610
951996119
133276240
0
0
908510902
0
0
719835392
188165728
26334
169977288
435192640
161395198
0
794316951
0
630260469
626663597
771481942
0
0
0
0
0
668129563
371824997
50388
730724910
734339001
0
5200300
642558384
3416930
274
0
0
470895795
0
382217973
0
66418145
0
0
571596790
31824
0
224371280
0
0
162755155
336198098
512670250
0
0
0
1
0
0
0
59581332
361321586
0
706814952
0
0
317758677
1
508634555
0
318998857
220
0
492870400
380290682
158258810
0
400250845
922416622
24662960
659344768
22
0
0
158409046
1947792
269016057
0
48720
0
0
981928350
0
640303989
0
42112997
318623809
1
0
870629881
392749342
0
50
707907357
348785519
627926438
65358526
0
199067679
827872118
0
0
0
345251366
838756497
0
538788771
920550
0
0
0
760090208
0
0
0
0
0
0
369197334
0
0
0
631129175
646947560
0
921594288
0
0
893644406
0
16191392
147351552
0
0
0
444639116
956782941
0
408383004
113471173
0
0
0
348989880
802102682
0
200472290
775379871
1256850
0
1
0
0
712814446
0
395375191
143566258
1
0
416227034
595419247
354708407
1
813682783
117834744
676098703
150
865530353
342540311
0
47520
0
301524486
221962256
0
0
951873909
0
0
528652639
0
0
0
138613231
0
0
821149880
399439568
0
0
0
967180921
11
0
0
103081868
0
0
0
0
741198104
0
754469606
0
914602057
0
239715643
0
0
388733751
0
289303665
707009539
1
0
0
0
1
0
0
780567424
10
1
525842438
188184847
0
884885027
0
0
0
921986271
0
521000672
690169574
0
580380479
0
0
0
0
0
0
0
727079040
0
897692952
1
0
387541660
885499940
0
1
726072928
0
478160039
0
0
6960
13392673
79407357
787992594
0
895868532
8500
479842207
4
425646466
0
596716874
901882691
0
147693722
0
377293331
466438238
934650111
0
40320
0
0
506100110
62954892
0
232046444
0
0
1
746230705
0
552664241
700307895
0
1
212177964
0
391536459
549484746
0
16712576
0
270551127
0
332823085
0
0
152399229
629394429
12240226
305887033
0
39774212
328546547
0
0
0
0
0
0
0
0
880779547
0
0
870249622
848175703
0
0
0
858552280
0
592187886
275453040
605033219
0
43541602
0
0
0
0
0
0
0
0
0
0
0
0
458937453
17550000
657142613
0
820024115
535616313
0
459980761
26040621
0
1
0
0
0
0
206288713
1
776154009
203401214
1
1750
164218966
642771024
911284873
878123744
0
109361473
1
0
300029325
0
0
828949857
996926816
0
950832327
479438537
924
0
316015469
0
610428803
641852300
0
0
0
0
0
632517337
0
0
93004205
466277952
0
0
484876134
354414792
0
244900073
308068074
633454215
514394464
872200188
791329513
0
177157062
624939965
100198257
0
0
0
0
294927847
0
652380044
81518127
0
531977512
879362452
0
0
0
901847063
0
17550000
589171461
223872398
526606612
0
680027113
973494834
651246610
0
0
418448313
0
0
0
0
1104411
0
0
802936867
309701937
0
0
186620193
250907529
25684310
412677417
940113457
0
110864309
0
0
0
11
679052368
0
855282185
0
4292145
0
0
164236084
0
120
0
0
0
0
415042214
0
309639330
870865702
0
0
0
472016820
223819584
126
509800783
0
0
604945489
355820312
693069095
0
0
38260728
0
0
415763907
0
47520
0
967495357
0
0
533547980
564897607
367588840
0
0
0
0
0
0
468843519
0
9450
0
313830569
0
661033500
0
420
569070169
819331782
0
946006246
0
0
0
306123326
809067911
0
218724187
787821655
781722544
0
0
400630108
92378
899861385
25962609
690430408
0
743826945
0
0
255851190
148446575
0
0
153668504
993703156
148265309
264976966
296288752
970726103
0
74582485
0
1932
684521967
32490
0
806074641
261101623
0
0
300593074
0
0
657066527
944266888
0
0
0
0
49033365
464172188
446945374
493201027
0
0
0
540768114
752538150
423534482
676481564
554414191
847354647
0
108119078
0
0
224490
0
0
907630618
133605669
845960979
1960
57781146
0
0
895379981
269253421
946150181
741209242
0
0
665364252
0
717537847
826763373
904302661
88712430
619360969
774298567
64533289
540716098
14054040
0
0
275621112
28
669786288
313752956
0
933365693
0
0
760833411
840224005
0
864237762
517635996
786578647
0
0
0
740025000
450983369
615887568
0
0
0
0
0
0
0
906582788
42119438
1
0
0
468823995
374774132
0
0
0
436070971
236420893
900095186
967949672
0
514036667
803272922
659083363
22449
0
8588580
735555392
757451187
898241047
0
0
0
87560864
0
0
0
0
0
0
720
0
0
373173528
0
74049447
0
0
0
0
0
0
0
62403650
86934545
773894546
0
0
0
0
528119507
0
112572207
450047593
739820213
0
0
0
0
305061353
0
0
610704730
0
0
0
1
322952077
54
218593678
136216435
0
0
323947140
11628
0
938661110
400337191
1326
1624
55764812
0
0
704348210
795385897
947829067
306462181
793560279
0
13896582
105623256
518530261
0
5040
710231251
0
141551302
499713973
0
470212719
780778957
479417890
0
350124343
1
0
0
0
870
685138089
874678348
934301447
105204185
0
95922853
767232143
982505964
550681822
0
0
824169249
964151441
0
0
0
337000572
0
0
0
565168654
138324191
499598510
0
0
0
0
1
103522399
517022010
0
399562133
5040
71474556
893530365
0
0
0
734326809
792167672
924997326
182086044
0
0
0
611907402
908153577
0
910451613
40320
0
393930667
994329766
0
745568126
828443784
0
0
0
6
664534448
0
0
0
218388528
542795525
0
0
224085729
28
104743512
438553318
0
528231191
0
357458994
0
0
550972782
666766401
0
5667999
0
0
482122461
0
0
947297172
0
0
0
0
66
0
935062997
948760448
0
0
936657727
686584871
0
0
0
56598538
0
0
852407505
151845420
0
210203485
240194049
128318830
608022814
0
478412702
944693973
0
10
667389072
593933360
0
0
0
0
577192350
0
0
405833928
0
0
491675387
984034816
0
0
0
0
0
0
0
792308497
0
885188554
79680415
0
0
364905968
38748613
668644360
216547041
0
0
0
19110
1
35850405
360360
720
0
997319885
398579796
724227855
545801838
0
0
875
880059397
0
0
0
0
0
0
135368627
0
207844756
511603295
0
892500
0
0
0
247027663
974403078
508492273
677167535
400772182
0
7
0
1465128
0
0
152244781
510612318
0
380290682
0
568545264
10472070
392102318
0
0
0
0
168546763
956173815
0
0
0
117216363
668547451
0
0
179249007
0
0
0
155963704
436666194
16896
0
0
430253124
760424811
0
0
1330056
146233855
744926317
348755211
218691653
110851725
1
0
0
0
320865173
337822137
735
675247873
856066296
0
3719430
0
31531500
963924218
1
565709216
0
0
0
1
0
0
0
156795080
85
1
429254595
125970
9573720
705062856
0
509814472
692933490
962253165
0
4830
915380169
0
328953402
481565712
263831568
0
0
786522598
0
1
402779105
0
0
0
1
0
2572695
455
229978650
0
0
0
151282008
223757926
327835471
853745166
0
0
0
0
0
0
227733604
0
0
208027788
1
905468620
88987594
0
582670181
0
86760959
0
0
137318532
0
0
423650112
67015987
779263790
0
252841258
0
0
426863142
121882670
470503359
0
0
0
0
0
745450632
292510180
22623300
711288382
394727650
144070920
0
0
252837271
768543199
372534152
0
0
0
255813125
248300426
397288107
0
823486306
623873135
777537456
447879040
0
0
0
120
0
316524740
0
0
0
0
0
165
0
0
917740429
0
1183
790838254
898973460
671738940
74478333
832279693
836247771
818885443
0
3
0
408584565
100198257
0
0
593726424
618813038
0
1
0
996175735
0
680592496
289739459
196347811
0
1
0
26453700
0
0
0
20
0
908071638
0
15
351536931
0
71958062
0
819270280
723582934
660885205
0
0
312054793
10604736
0
0
0
0
0
0
311645616
0
0
6
0
156156
0
0
0
939026258
0
443834131
778085284
438100168
0
763014424
142785921
764585453
459634665
767162921
0
398672088
0
28
0
0
577980
549789282
337213601
0
0
0
0
614901615
1
269136
0
0
845123839
0
55770
0
21780
100
0
0
0
95421254
178786397
863023374
0
908671780
0
614620744
740186465
499138587
323271989
125847260
6073610
330836084
0
441518293
0
650420088
0
764608946
0
0
269919819
0
0
0
0
0
1
966408880
0
967584301
875
0
442657208
502298909
0
0
0
388611859
0
361376176
0
0
0
790436983
5900105
10765150
0
826365021
267327269
911663138
402265772
1
0
677641601
200042081
0
0
780520804
0
0
276916211
0
0
0
0
0
0
996063571
52360
0
461851208
206026014
569462301
287921704
762253373
705853828
0
0
729753379
0
1
0
720
332060216
61686561
573290845
0
859161438
596716874
0
727489199
0
791899265
54697500
0
735804056
15030015
0
810078624
91276052
0
0
1
0
0
0
44503949
0
0
360506472
0
0
961891628
0
9450
162755155
419863168
0
943984204
0
449865602
391860981
0
0
213135742
303964983
221649693
309408368
184477762
542543372
556468281
0
0
0
6
249984172
0
0
121246125
0
0
905541126
0
667227661
906382282
656952567
0
8409500
0
535879743
104252925
0
0
707442609
24830829
0
0
0
320619866
201418527
0
220697709
109089007
0
950413014
0
820902037
0
0
0
286131500
0
0
0
675
771730729
0
0
0
0
79721796
0
89293946
688050471
548628199
0
0
0
68615597
556930600
71255467
0
864130866
168652695
0
0
0
0
0
550893924
0
10
0
451746086
0
920550
468244309
0
0
0
0
0
0
21
0
603885569
0
0
0
956545136
0
283202059
0
0
1008
0
84183582
0
454000756
493325304
798999247
0
0
0
6
0
363645122
497544291
494546717
735
346820094
0
0
0
0
407535229
490976153
409085074
538394710
390566115
210
120448143
0
0
319292139
0
479074233
584058360
278044246
0
723057803
0
1960
699769437
0
286034159
406137319
165702354
997931593
902599522
0
0
0
85
0
0
0
5040
781896798
786926124
0
248466587
417117127
0
0
0
42084042
0
938221271
115096293
501806903
601798412
0
0
55052541
947687532
190
326381165
1
0
816170033
861924460
0
0
60155987
244123842
805370269
687115486
675
0
1
483640809
804628834
6
901882691
0
962996428
0
0
0
0
488624102
0
0
710239022
18
94432338
0
113543765
0
0
0
0
0
0
417919668
0
0
307670333
286170093
189455716
83946408
0
802124801
232143376
270520886
572235296
712343038
0
0
157773
168546763
0
11
0
975582071
0
345223421
303261020
2
1620
940846480
294256867
0
0
0
593032224
0
811348287
0
0
0
671340439
782715992
306680413
0
0
0
736190126
932384942
0
0
18
0
157868367
376110005
3
0
63273
0
286084890
0
0
0
965766891
4368
0
0
972228518
362166988
0
0
0
415055989
0
0
6
0
0
954244553
157960227
719600455
0
0
579852027
0
0
0
875845012
0
124462104
0
0
845847143
0
0
0
538799217
0
198766933
276
575308703
0
266790347
0
0
437119567
678059720
0
51078129
998004591
923375601
792836400
0
0
0
995668432
789696130
595779374
0
86625
0
0
514670263
394354249
8017737
0
979482737
0
0
0
263831568
675
901424870
0
6322470
0
24
0
0
91091
883392944
260642360
1140
403046393
120
0
1
0
329198074
0
318935214
0
0
185439866
0
0
112245
687331841
0
0
40320
0
382435652
0
75
0
0
759834745
0
0
0
0
0
0
0
0
0
0
0
0
0
0
1
391499893
734922210
818115952
0
0
0
737779324
0
0
579853772
0
0
187551224
281722904
0
0
115615388
0
0
854238
0
6160050
0
705708359
674453640
564133551
0
0
0
2717
868278016
201526221
72004619
0
634693172
0
310121306
0
516202066
0
1
753177723
0
32868224
389620
417310275
1
65068559
0
0
2760681
907507129
0
22449
917995064
0
0
0
0
0
979256627
227020758
578369245
0
770663215
293424938
0
6
0
108176699
252
0
0
787660566
0
0
0
353738541
180434873
0
864143280
346406387
821252001
593436201
627271348
0
0
0
280724487
0
747175050
6
74897361
29822565
0
871042552
0
0
0
0
0
347823198
0
295730779
0
776332600
0
0
269289307
24
782364201
0
0
105
817136034
865390563
704846465
556508905
104112539
0
683460772
1
0
0
684914579
0
30421755
0
456209701
629340261
0
0
0
946075284
787934829
877129205
0
0
0
835739410
0
874309658
0
0
706020
5985
354892818
313493451
0
60363553
0
0
0
353331755
275081410
0
0
390449155
945357720
2395120
0
450147390
161474841
736966623
0
209926787
388231505
0
489562037
697147746
0
867240671
797629099
41646502
0
0
43290988
0
555280450
306108614
0
6251076
12
0
0
357448950
0
0
0
0
78478790
0
0
0
0
547490306
0
0
513736434
0
0
0
984464029
0
0
0
68918847
306150836
13566
0
0
625974000
0
437349956
991439181
181819312
761593476
0
868510167
209219939
0
0
0
0
421273810
219882345
821038354
0
0
0
0
0
884908959
766480
0
52281013
300549904
0
0
0
0
0
0
0
0
31983250
33943069
0
594159254
728403742
1
0
304406400
75846700
757582719
367327281
503596999
0
0
0
0
0
521164765
4
881175324
707468474
0
875705264
0
0
45995730
402559395
1
894847095
312207685
10
599167177
0
0
708632638
934102658
73580654
847152236
0
0
773664621
0
27861372
210512542
0
0
652170612
0
96108079
0
726
0
60
179318336
934313905
0
5985
0
0
80894287
0
0
50
0
0
763660117
747562483
0
0
576263449
586617524
432620492
60340126
0
0
0
901251377
114997265
0
0
0
861284947
623678419
641094300
0
0
0
539224290
0
41187561
0
0
876645000
0
771619843
0
0
0
0
0
369141032
5900105
0
225
383159760
0
802672635
343210377
0
0
0
190063718
717726120
721604567
8409500
0
0
700614779
567875758
492948246
0
643019249
1
0
0
30843646
0
0
0
555951597
182865709
0
942661014
0
0
0
0
702696913
10
0
0
752402187
0
11418829
0
332172798
0
748293434
0
725777761
0
668378468
0
306301017
787321291
0
0
696987537
351038164
555676503
548979701
0
0
0
0
0
0
450989159
1
0
179526297
0
622885514
0
0
0
697537555
371903560
0
0
742994485
8
0
0
0
465619022
0
0
0
0
181628824
272481214
0
0
467137043
0
0
702449965
0
0
81607505
773151066
20
0
120278790
238672762
0
1
0
0
0
311214218
0
6
0
0
0
0
0
789398256
786162276
0
674029398
24078109
0
0
417433080
280742701
0
0
496309928
175821791
1
0
480599168
1
0
0
0
1
0
80802669
1
1
0
0
0
86625
0
0
0
590051447
982673707
926862604
0
718504114
16815
799169211
0
0
0
0
0
477776605
218724187
111757827
3
0
6692400
796356275
0
0
416512694
995668432
0
1
0
736440
567902525
263831568
581458256
0
975984864
1
0
0
698740207
977807884
547136013
886866253
6769
0
0
16815
0
0
326298952
0
1042211
0
460332018
1
6
246080178
984517277
845965191
0
0
590554636
0
0
114111898
0
52985081
0
0
0
0
0
0
0
0
0
208969145
0
249692353
0
0
0
382407799
780128476
0
935587922
0
133266524
65196225
758072363
0
0
0
652146027
0
962099747
0
0
778012866
0
200871499
0
337999429
0
0
278459978
438107286
0
0
0
0
0
0
0
596513961
0
0
172103017
84779023
0
848350783
468220493
676701175
929614980
0
1016400
818757209
115523984
0
2801141
2
458861657
0
2940
452714681
840111433
496910940
0
357085158
96717043
0
462888051
0
405016441
0
0
46675363
96173278
0
101127361
0
0
80730
0
0
461342101
698932278
0
0
0
339448878
0
0
0
0
0
0
750985292
0
629138804
0
0
0
0
880714134
387987600
0
0
36288252
515789008
0
340
0
0
849420430
705578295
46142331
0
0
0
0
322501163
0
30995773
135896627
778913883
236501284
0
0
1016400
0
0
342924638
0
0
0
1
829753318
96192920
315883653
273667234
0
137544647
829232421
115334345
660911389
380355239
40098971
1
0
0
1
113824470
576769831
0
0
406501917
0
362132874
307670333
0
250022590
1
5985
921772198
0
966332224
0
26
0
924728369
11466
333964098
881495156
0
0
0
246937202
231649599
344392198
960314024
865530353
45
0
104590663
871905191
908434488
632927366
0
0
0
3610
1932
0
1
0
13860
451366792
0
0
737940544
0
923301857
0
413067369
24717654
0
0
943996
143004991
312288057
851208284
0
0
343973818
1
175676591
337250582
955835017
0
486442873
0
343624024
23406303
0
0
0
0
817190
3
779067051
0
0
105289849
0
0
463017437
207111825
0
389269597
298082820
1
0
0
274604255
0
0
0
0
1
0
732365903
0
465777652
0
802758907
953350258
212291314
0
734387602
766167110
10
0
909592117
680636101
0
0
1
187054106
0
225
356409023
951935915
142307019
383516969
6600
0
102951721
0
0
866771417
0
629564062
899725920
7
457449226
10890
64960254
0
1
0
579346699
0
0
474744461
827739029
519915
280101635
596716874
0
0
567167979
0
942459335
57379776
15649350
318639627
0
0
382629873
0
115334345
21257280
0
181697310
0
0
400250845
750622712
274181069
0
571075079
220567824
372152341
0
0
0
411092240
0
0
385286798
0
0
894049730
0
0
902856281
324726249
157328918
0
0
0
261994811
0
963099596
0
157909115
0
0
462105726
327069269
0
823053915
1
211973238
74448455
0
124011545
378987992
0
273890709
0
306989305
1
0
0
551289923
216623691
0
1
936248224
570288068
709000611
1
585402180
496418358
224490
0
0
0
0
183768571
0
0
829688598
89107705
0
0
333378246
121965439
0
0
345829734
0
0
10206
1089088
255397370
0
49158900
0
0
546117915
0
15606640
0
0
0
406807075
0
0
0
0
0
672164713
816741768
0
510
0
0
0
0
11
669033684
691029921
0
1
0
0
0
878010357
0
86364087
577399270
0
588625366
2
0
261707019
0
0
0
97323666
0
0
499990966
0
386589119
782633379
0
14766793
0
0
995779917
0
874181185
0
0
0
3731
0
660967575
0
0
0
0
0
0
661237335
0
0
0
0
0
404091418
0
914619732
18
0
0
90920391
409131446
424520489
0
997994127
773877530
447680047
35
2395120
0
403582799
713287698
259695870
488902581
878730298
2859384
121294349
559433332
1
50023104
0
1
43159203
0
1382535
0
0
0
0
0
0
0
0
542795525
679251922
0
517574296
0
555676503
0
276916211
159461947
0
0
0
387891504
0
0
983628974
0
0
0
0
0
0
0
0
704898423
304547052
0
681088361
49158900
678851848
134508567
0
673039282
0
1
871159293
794515357
0
860178681
0
0
596898454
0
0
0
0
60282544
528860487
610770248
0
683070023
0
7122781
0
813582860
0
0
0
0
0
0
35
0
0
0
0
341448611
532103062
0
305225997
0
0
262921747
902236742
5
0
0
986655083
0
897034861
0
0
0
486225766
0
0
0
631121241
0
0
568303999
892385728
857646090
0
0
258265462
0
807107529
310160225
0
0
468202153
0
604391474
0
0
288
215902767
501520009
0
1
0
1
861724169
0
0
0
372489929
0
109584
431873426
1
0
935498655
0
791760394
0
54511322
30492
0
0
0
109746099
0
0
53071353
917425009
3630
867083068
0
142001621
0
0
0
375414545
21290024
5670
0
944848956
1430396
18
0
0
0
0
0
869258059
0
5148
502864729
693369407
784747750
0
0
0
21536937
0
333366721
0
190381563
0
851746485
172390082
0
0
0
0
789141011
1365
0
0
30461135
0
0
394851772
0
0
586276722
0
0
0
342229488
948504226
783686529
413678948
569132761
0
75
176781818
483906394
0
184992544
112245
301621992
950107905
0
0
952835409
0
298277843
425979600
0
0
0
533059481
168578944
0
58660924
986677698
0
0
951160650
12680070
89849760
0
0
0
839350854
75
0
810626512
8
656110436
0
123297248
1
50388
0
608735887
36204723
0
145549310
499280601
0
329096595
955376594
0
3060
231092643
40320
661392950
92964794
762047734
446664130
155616037
450781955
0
484068037
0
995443831
0
791414699
0
0
0
0
0
0
0
0
386303050
990321450
0
0
730638594
0
0
0
232365929
0
0
0
0
687269984
339448878
0
0
0
0
0
0
0
823157248
1008
918749204
2
969
0
471750451
777020359
0
0
0
0
50
0
397288107
0
0
0
102347451
0
0
640916783
0
3578575
0
758390452
0
577880078
0
1
0
1
493460981
0
1
614104972
0
0
477891468
22
298632531
0
0
105
0
426322385
0
10
673697000
0
0
0
15
2940
0
0
751281930
594377782
0
165702354
653992556
0
0
0
16712576
228950520
854061647
0
985707299
350789365
221386837
428600797
180023719
808916178
0
0
186364666
127325186
0
0
941372935
0
0
0
0
430505381
439459171
0
25369534
729714847
381292662
537140353
0
32600074
0
0
1764
418849285
13860
130885000
375566524
454298169
0
0
0
936013555
0
0
6
0
1104411
0
0
0
0
336464592
883392099
0
912245565
0
992619788
66150
123435790
0
618570221
318751224
0
357345507
261745766
0
911166194
0
0
0
0
0
0
395154849
0
661412883
0
0
0
0
1
0
0
802093399
49074480
0
1026576
774713916
378339778
0
979838490
0
651112770
897729237
0
834789578
0
0
1
0
0
870
555676503
0
0
349925128
996686406
0
0
659981339
313295915
0
27076
0
452518775
0
69457390
125531269
847601155
0
668779008
0
865033451
379038265
9459450
75
0
370914356
0
0
29275861
0
0
234397544
286330956
96305667
258234231
536816850
116709758
609311792
0
0
0
0
0
0
0
0
0
0
137130520
497343702
0
673697000
174294627
0
0
19250
852173671
0
188706817
383104565
490136617
0
664297396
499251259
0
0
441963997
0
495730229
729690828
1265460
0
0
0
847077015
368404051
0
2035800
366944359
336118765
0
989096428
0
0
29426781
788210750
0
0
1
318008404
0
187355494
70
0
0
897473713
0
0
0
0
0
0
582015365
0
378932736
0
0
0
0
820679264
720
0
474845244
0
764813057
699769437
258875098
305355765
1
0
333341958
215146974
0
115769793
333808877
379496347
0
1176120
0
979007817
54697500
0
715600737
0
672100017
0
0
0
183405206
0
597196606
0
0
615746852
576514569
286088764
0
865719820
675
0
278953748
305679103
456521647
0
167868819
346971183
0
0
792391366
904862240
549743368
718517024
0
906646377
0
983478148
183057916
377358679
0
0
32986800
370369112
0
0
727386321
0
52111616
1026576
0
366007768
456817003
391860981
0
0
549478670
2637558
0
0
758897681
0
10
0
972916406
322777924
0
589932129
0
0
0
417569140
0
0
792167672
448479544
0
785980028
8314020
0
434709908
0
511366340
0
773664621
0
0
0
747382077
1
417073333
531831300
381576158
0
0
0
378590081
438044763
0
0
0
700129921
938120496
0
91996609
1
0
91870684
629426924
0
0
2220075
0
0
442929678
878369313
347448823
1
0
0
0
0
672186257
330906795
414184539
0
0
21928
875
661918694
338873441
284609827
324726249
144462059
337080863
297357132
224002368
0
379321189
703203136
2176
221257819
10812
14700308
727899076
0
323680
292747234
0
803681776
1
447135498
911275724
158856126
344208847
1
0
497395067
0
0
653793569
842733815
363127289
410600755
649091804
425144557
402159045
65065
231545321
0
909431327
0
0
0
0
0
0
0
900409964
0
0
213349637
0
528121307
156612408
1960
0
0
720713498
0
0
0
4
0
891003753
0
302250338
0
703927107
0
0
971737165
378
583536979
0
0
0
664082373
986894510
0
285415198
0
0
732299626
590511120
21
170237722
40
0
0
349925128
2395120
0
783223021
0
0
649844950
1
323218344
914279332
0
0
871774044
1
102410321
0
0
0
0
599499434
0
808599023
359032514
20
0
0
296840067
908571711
0
320492657
943475063
0
657283322
237336510
377521299
0
0
745450632
0
37555031
0
0
0
0
0
0
0
137544647
882081942
0
0
139172065
0
0
0
316484790
119271296
0
358594957
156937984
237179393
3628800
479001600
0
388801530
0
513685743
798250394
551933289
2717
863983104
0
0
0
675483952
0
0
360349906
921167260
0
610466817
786763352
270099891
0
846397273
301847590
1
274
156079147
19110
767039900
620038562
0
1
634693172
324788044
0
879940512
0
162341995
0
0
531631932
0
0
13093920
0
0
52610932
0
57363007
0
394646898
705888018
0
0
0
272108127
0
0
0
0
0
710203489
47051813
0
0
0
127500
672558200
0
1
0
552458927
600846899
790534216
0
0
0
0
0
0
0
0
77407413
237213043
0
88943408
0
0
714813533
0
0
0
0
0
729714847
0
0
986027709
0
911275724
1624
0
4
105
417797428
0
0
667399535
0
0
2
0
996686406
962202886
58920298
0
25019610
36
0
0
0
603009847
190636339
0
1346625
0
0
0
919329267
0
0
0
0
464765682
360476239
112306964
0
4531520
0
686154038
0
0
0
0
1
557170363
390896863
213018700
0
0
0
554414191
0
0
3028470
0
0
0
0
0
749879126
0
0
0
50898892
279062057
0
72847302
806570741
214925219
465501746
0
0
0
0
0
0
0
260344053
0
0
0
802404713
335546375
893274652
987503324
0
0
310146292
1
14205271
0
0
41956757
0
801839481
0
0
0
0
259279523
915406674
894572092
651818438
686186121
225101710
0
0
626644256
272174412
67935677
0
0
0
44772
0
350087035
0
591817955
92153979
52828741
396929026
0
0
0
903629752
0
0
0
0
117263955
0
315
629138804
0
129778745
223860879
0
440156510
814000871
0
0
390197698
438797124
0
422385289
1
330359564
117572136
0
176740200
0
672100017
3
0
0
2
0
0
0
515182461
0
65180226
0
134773078
0
417476121
942905680
0
1
0
0
860837959
0
0
0
198338393
254901003
0
0
0
938961122
445745251
0
792851267
0
661976880
0
0
1
0
0
0
209828250
0
119682602
0
150
159539885
377689078
0
336118765
0
0
175
0
140494907
0
0
0
0
760877037
0
898654871
454141163
0
1
544547653
0
1
0
0
0
0
0
0
634035490
318266966
683532191
371399611
42937654
0
28
254858223
510
0
701290871
0
708135289
758526094
782466708
86953286
416563933
424420818
157397815
858577167
0
0
872951680
1
322984781
562969368
2717
0
0
503184058
355400427
0
0
1
951463582
315
0
935183677
0
1
208663081
6
0
0
0
676490111
78921575
1
426617318
528287410
0
0
56136397
55770
0
10
424693317
0
0
0
0
642618281
138887753
0
76148435
1387650
0
0
0
0
509564601
0
0
0
0
0
0
0
815819329
0
0
0
0
0
0
901275506
681453761
0
776420724
0
0
0
675
0
0
845460943
0
0
140123009
0
0
0
0
616299292
354817320
0
196425078
339067432
0
0
0
1
34972647
133944429
0
770366057
265127702
257191967
181628824
0
0
0
85269185
0
0
0
178856138
0
367610835
946575450
0
0
814242943
667908696
0
0
777541696
315705470
0
0
734391832
0
917932117
728130460
874207836
0
788218571
0
921286176
962418835
0
0
0
0
457924500
0
582074437
4410
558420753
338678159
0
27216
0
0
0
1
0
0
0
0
618970925
307818103
0
292758645
0
281699042
0
0
0
337883431
0
921093734
270383107
793478457
462509037
0
0
0
0
592779982
0
227065382
312620585
0
0
207627944
51891945
0
842909881
0
497395067
0
0
501332836
0
267932455
10628640
18986880
0
413887930
0
0
1
0
166320
298698590
0
0
882517729
816840752
8311543
0
0
0
671638998
22151645
0
112306964
0
5311735
783590459
98358866
358706749
0
674248484
0
1
0
697049899
0
6745167
0
0
0
842621025
0
0
0
223977802
853736935
0
388833483
0
336336108
0
0
0
885419393
0
0
923068416
633085636
904328510
787144814
16117045
0
758365402
411557643
197586252
0
634345043
0
0
0
0
4440555
221582674
813316122
0
10604736
730551431
0
756115975
0
303964773
384790228
819500629
947894169
0
710239022
0
0
1
370390419
0
260848410
689497250
1960
0
497854424
596716874
0
437197933
0
0
907208309
0
378745543
504921033
677263915
0
0
0
0
0
601332025
0
929151357
842862150
4536
448585558
475276485
0
0
571194939
558207403
0
0
278504214
866254097
0
0
0
432114671
0
723569641
0
0
181628824
272538168
789593979
0
0
929676490
622461397
0
1002001
741538481
0
0
653793569
244567597
0
0
106426434
394134213
886851782
0
598869175
676820991
755466544
0
101600281
684742469
340
0
114582477
232226487
104040
0
0
748020312
915526075
159026341
0
5412330
0
170155454
0
369060990
0
0
915467310
453161934
81607505
0
348851987
0
0
0
0
0
641094300
0
937578227
1
353688894
0
901084827
0
30515940
854244439
0
988738994
23878059
419739665
400738964
0
562549205
659031828
0
0
0
737830746
0
825575173
0
28
0
319455297
3234794
0
865342527
520267130
3955837
285453758
875
0
0
0
478233671
0
0
462
0
0
639833526
895093644
492093012
850265886
808400117
0
3
0
183405206
0
0
0
10890
0
1
555735535
0
0
1
595960746
0
674639356
0
613482774
0
1
729621961
0
0
0
0
0
0
252315929
0
1026576
611860612
657137655
468823995
0
257117225
0
0
0
0
225
0
212402317
762981251
0
0
441694236
0
3
639065700
0
0
308416478
0
122200764
477999602
0
0
112623739
0
0
782421752
0
0
668725274
508200
184299964
0
354857426
2
0
168652695
0
988709397
714444828
207884234
0
0
0
837256119
979731954
0
0
178718880
662664471
0
0
0
840377047
0
0
970233961
530918501
0
170875810
274658889
926769797
0
848184806
0
106519207
177761036
0
0
735376767
0
47116025
757521825
304585027
185834562
727173678
167648813
0
0
186929982
0
0
0
276373991
0
48720
0
0
629273702
0
0
36619123
0
905608933
1
0
158096403
266660767
13343053
976056301
0
33217564
0
0
38873661
0
110880
545022575
0
477206808
0
610606076
0
0
0
83374239
530500536
668433364
364371059
676403342
0
693755899
0
0
206070150
0
250150312
881495156
944130139
3160
955410591
284531600
972465196
0
0
107186205
0
461578357
204046920
895092914
0
0
0
104040
539433954
415112073
0
0
337080863
82819651
996934400
230916683
13530825
0
137685356
271763821
0
0
0
851868132
0
865992953
924328625
880500603
0
0
956971742
884913296
0
323689302
150402336
0
0
853393355
419517474
0
1255254
0
371488023
245923993
492398515
760526468
422348065
21
655066884
757188904
0
9
0
591407212
0
377162110
1
904198270
114542734
1
0
0
0
102802240
0
185439866
646651300
314167970
0
883747868
0
458305956
0
0
0
0
619220536
907681677
1
947817217
474560177
132432300
20
0
0
753716400
0
1
0
0
6054720
0
0
35
0
2125035
792753436
0
51538301
653827551
5412330
775462789
48122076
30107
1
0
15
0
753190820
547287385
0
0
492595858
0
0
715817341
41
0
276916211
264929978
0
0
921609571
0
0
86292129
0
176248779
477077765
0
0
1
0
345218809
0
0
794912230
606848932
419210792
320837078
227390142
0
573290845
0
0
293010224
587246437
1
0
556508905
623736540
6
0
872389210
651094310
851207926
758723675
891831684
0
0
195068746
0
0
829491056
720202794
0
0
0
668565229
391186805
0
68449146
0
0
28
0
0
932812447
743356713
56448
0
62954892
933520029
0
0
604096215
0
168833924
0
0
0
980
0
0
492870400
0
0
78570777
49078823
493858146
380583334
0
0
97276597
0
0
584516758
0
411201842
15401978
0
0
0
875774586
0
0
0
792753436
0
0
0
1
912759515
701354949
33804099
0
0
71701824
0
594634760
0
239778963
162971227
0
0
0
0
428610576
35
729141345
183060708
0
0
998673693
0
0
0
0
968565406
588
877610344
0
839908068
78246687
0
0
949716019
594274589
309639330
804544922
677981574
0
243245875
0
223854951
165729100
904890770
0
1925
0
0
27631582
0
0
752104071
959451374
0
326663811
0
0
546
975306732
0
0
0
864237762
0
0
0
0
0
425309290
0
2278
365603864
448387615
665331164
825858747
19110
0
895522908
87873393
0
0
0
0
0
0
105105
288
1
85478263
0
558510587
4143832
887517714
286034159
466351890
0
1
0
222788566
238672762
478353041
181417189
370575479
0
954797998
0
15
