50
16 863632771
26973894 24182325
350922376 755274154
909864246 4815880
922107344 616133855
988550536 635365359
89891212 559103366
609316736 229864794
14511805 234254523
571238494 198978306
596350563 557731792
32108989 637382726
843044646 101746061
87571338 785179571
226038982 138598931
559959968 766836406
963105379 120852797
38 338664910
109461012 110738590
462643827 409509987
96746519 959614823
437136575 205855022
2194821 174129932
374551648 814978579
694276687 429624257
647861569 660295277
180228228 143885725
13788937 615425668
177958123 290448375
335508994 755088782
89284334 96723054
772243184 847514666
712956296 845200258
469406686 610736170
463971915 462853148
987089002 693683539
50520410 840490305
120609814 450571899
527562555 576878807
860926690 643060729
783960598 6591624
702265694 409395146
166613834 107515995
426087961 549881428
28022738 117745996
124515884 882385594
525607561 286037615
11305057 25532062
413632019 508777994
899346450 118872947
176335642 145702234
686089258 262458462
955280 816000815
488123347 294556873
460553560 785614516
886704040 91285485
38 688944736
655315099 584727076
415793044 114898554
305193809 994394211
858758707 712992447
305306469 947391800
370223741 883285012
609740358 114233422
70743136 421429960
365265298 151112098
415360331 284742105
66993218 466579282
128192760 48126502
408267841 340346906
107008919 55089093
109929578 543476410
753067563 330911308
791191472 129323064
72281268 148522459
840970599 602976485
43448586 888940307
376007570 662339515
177997942 166690923
255667172 676377542
246404822 770367322
177668475 864785379
71537341 530243252
888684960 172353219
578107315 33624176
126322255 29808287
624189858 301327811
650079851 642743467
539700843 574138758
906079735 675565268
479417587 212741165
127971545 625133291
125220712 843527909
634012715 830839976
988803838 597644779
20 287793201
600117933 244405357
732102034 150583513
121366824 495741703
841735607 221075798
474227676 32736514
239772550 970921462
341773666 818732383
152946490 33731971
145037434 836204662
751763650 38365632
4590047 982992283
352599394 23628268
421816350 416871087
53698078 146455974
55286324 922819087
693496575 203183755
203366939 134656779
314711484 896684412
682161484 465865640
78434518 841468414
42 525279082
60241550 14933112
518222070 712141904
835611181 367063072
656016919 288309319
684612185 852608054
772670793 237399926
748935541 957982520
127312080 633411532
464175529 383021737
437843699 205586209
133710285 439372356
482408905 888694294
329229757 92162965
647243268 212933220
853868022 119628238
547102474 773787710
682071123 301656575
880649104 405191188
170647463 974237280
236151970 456380134
716808700 813556615
417647856 430957395
431591819 711426013
541049380 971168262
549262233 211146963
104022296 44035598
17432756 934554100
355364542 459835087
802145302 546750233
148640518 677704565
74843912 62202611
407742373 305745434
882625613 264639600
359124263 372440170
480101570 971025211
292487723 44087862
895833804 270894711
262076137 224674562
829112108 13297418
737395807 76196796
532292144 610186191
164897711 974919531
43 36560
614447113 911253414
375754079 696883572
939379251 994782459
941591902 321097555
853197359 939701694
971631020 736901352
562830815 979526316
82150494 664363022
181830000 940575704
628731561 471802486
867752862 553900241
852736127 777710057
32964095 124247384
310185127 338618219
117737567 775845066
900315063 425487079
40792243 547944708
896829020 965104493
360223444 312017799
721077204 894347607
62185495 120073761
592556593 9982795
863101868 694055376
5017573 16994301
7891856 641921324
606845325 849537672
708368047 685422346
791086714 723143621
264879773 893739965
586964636 367758319
456131367 830749025
253185766 128064454
393659468 630557654
98176478 223131973
672622549 413263235
753076247 831351557
790006501 540868291
75089086 449367612
614463770 43723967
429306095 949968391
370827477 499862345
230405351 509718716
530191929 26099299
41 724241397
387831376 669067787
797920417 760556650
645944990 660606729
119834697 515086978
560258189 691074074
83394125 884228154
635747038 269323840
423246389 36221058
822445089 275370469
324213198 885206347
43851258 7193053
73064662 784611796
66374530 12712916
858093543 270999334
20474896 110184320
175469649 623343412
107495417 434721776
422517522 316567010
224743450 632424462
261363830 930828079
802150743 992685381
55740308 317481848
213551926 722046145
146953463 826649360
69592815 415337736
52471585 860140948
676485078 699274112
314995738 586178711
398106987 218081842
694416711 281035717
50755865 295810580
56770639 454385789
203102375 983096926
963850649 968708422
8920646 398437417
683656173 171788160
818578936 868930054
11613361 350737219
790824103 604407838
684882956 315493572
363340161 362077505
23 899366681
665883173 754199478
27653890 922461478
125613052 995135348
637151000 243393057
543756849 378443157
440572670 181249834
134148591 570534972
466790549 590994552
733568089 375254396
888645979 517199553
706567861 494467302
897714470 459988853
91523171 631643745
24755093 240015918
973244760 89225766
112370679 975876240
219353540 238520266
605625359 465917318
946986664 3553930
394354779 786236011
801756886 815581723
886895045 361027488
147688040 494787733
48 145747417
883936641 31255341
322506318 907956983
14217699 586182276
458023942 72514084
120981938 469413642
727645662 414266954
442712304 782340119
541004837 222534061
360933799 366052403
849572212 934393566
952236897 990385819
61707420 675001824
747032513 979041013
515597561 344687466
44356841 328601178
619542208 290680938
96711686 374176592
746858712 205451253
658500180 429292268
363089741 448235859
920443922 576287712
309322998 526713384
544251954 109738304
476217940 123365211
77381921 123335195
11410133 644060748
411410755 476211330
12270941 79275275
939685785 704248457
521438181 723740045
551559707 524575096
906262921 252400461
814345202 786527683
408920895 578807249
705508418 222766238
761160729 61282508
123440426 780027549
328346493 634018707
931547520 363382009
710928580 125115797
20700534 607514893
11060551 211087014
889454839 433812306
376445377 430627177
531073449 809420411
767427578 161514948
955396613 615646072
587320858 266818793
1 302695033
6643081 128596368
18 771747005
98151993 959096224
310977770 421178977
648965927 100891976
326843148 782614795
69521690 219939862
709904147 87339542
622858616 549463633
448593115 482394573
854820986 310713272
625216646 171679935
147125007 414822075
182696362 469136309
361477225 909478597
965664079 27767112
677899985 64300559
308216056 249692012
183594830 537302456
273642357 344605871
24 702642275
296124265 240911755
790187074 428275054
446643219 277235467
249975264 856248516
680889865 923089838
742036722 766643909
875291948 768788086
759741049 823040866
905664535 139749809
575413691 652037580
979551804 717531926
438402376 5335959
280145124 114944843
83173031 463268589
172466686 692151798
869348572 810199062
614824792 816453426
505221837 113074221
62888397 989324824
409433632 813448036
740244250 912342679
710166373 52120985
971550565 177689552
426031133 387768617
10 1196825
580646722 556760070
673241895 878188607
60812018 12854199
730665016 975430366
168000164 785244189
105069091 103161726
819825753 556351519
456180795 514001775
648604190 256624542
734509602 959873242
16 913097531
512045248 977509607
754065299 274479345
172473043 444505636
858099985 379270028
659896300 271560991
515821246 809193968
109083725 566615183
951885267 375507704
851026241 749938851
433739898 99963151
186974026 703879421
761501070 338942755
484251440 643925335
283008111 634038857
477213185 818062396
777376862 875406671
1 492015201
487425449 302403423
10 833958709
865725033 831916590
549097898 951140527
98052666 289707336
765768403 400052750
62754138 880317458
126184161 210834337
937679794 349296071
191769784 849289187
472559685 916099189
568804179 87635394
14 910862952
255676572 41367957
634035317 210711789
25499204 8871258
361368686 439751886
418718674 893838084
88567022 132766767
968539121 310962387
517125157 249189674
330734652 762613112
849163472 507151327
329757946 733989161
802755943 72375285
935670793 943754616
162609754 28448232
41 103513770
87140090 772640761
87140363 570224456
335910816 66060194
610625828 756937568
156580548 981802661
40463524 904122539
140710446 126961343
826537453 690743774
827009321 31494662
842802456 971737765
383480920 565397793
25568976 241050232
177090981 748778310
462884750 518223815
386981858 423604289
401990802 68851136
480352404 891824955
613646271 129399186
997175461 565591839
139416450 60611657
585865905 228739224
217405022 849516591
147055064 386773720
865907956 965824419
575117845 181725768
543236742 226939396
32466884 3068434
824558095 635928574
25432099 88042140
108014197 770927264
205683696 270202387
511088550 723667235
475325683 952582726
567287497 721053045
281302678 35597482
724933231 278083985
626115407 244770533
72675864 692534751
863188702 360479028
312650793 622389127
101212952 279035840
30 442962382
690416964 776764591
322386208 36751859
6199262 111781377
454407499 774986961
717534472 481192998
780298169 936177800
520598416 849199834
325292076 838039716
381261524 918714866
226326316 465849559
601156536 874825063
157298217 158763662
166177659 12169096
101040775 118731417
299612840 536845050
175954302 971967180
91775176 10631609
444309762 713529315
738512357 869188085
53373084 979249112
72638421 501737374
679246695 869130798
297555092 666501027
401053421 346674199
430128282 736079772
786921283 227216893
608396285 146718627
381732617 39435713
809572238 24216674
135230634 576562496
44 556597433
87251869 503826767
288452848 156425056
308927648 324516875
694138391 45762416
915770855 138457320
120382922 932165349
802811162 441017
762717162 450448175
595616934 905526455
759518281 580950999
582780930 919171928
672721024 713844298
737464343 80597702
690879903 967445777
262482601 406659453
77973555 536514215
58061397 318830764
616951283 49165664
339106138 82745873
726475025 421211979
996625925 712470260
118844148 253803726
776699940 590285113
340440436 885972244
31380255 712959393
897251537 269408509
846278271 407702000
420191808 237485719
43374845 4063581
370124548 570636523
819069944 738371538
649926799 10877534
868594712 670487663
39456231 361422879
350573636 188968269
8866815 286695185
680154073 87047314
360838175 906383482
485673802 927243352
37674430 272459914
591634578 546062220
115619647 894190240
357797358 338979690
750529724 981612436
34 975619162
986572659 398436710
464769008 767688701
255241915 119017729
462203069 798629484
792943838 871055630
228947195 417806326
946879038 135162779
229118896 156101385
163956446 394468821
555456258 441914697
261861152 699384345
20198122 167420228
628194426 34109129
686992739 414878100
769820276 927889203
800585692 458676988
310839971 607163092
540792085 941778491
516619846 346362285
275752363 300254715
941908201 194683908
434847374 385959461
65558825 188060864
790496510 186514966
578392588 178751932
101582616 635518516
369033619 415261997
134014474 256909584
82759556 517938082
27118266 96154266
595553241 42042820
91555877 181333486
185599493 17418790
138334661 413341372
45 205397572
110755067 385084505
747047123 77107637
15415917 42791117
930765320 894843876
606039375 981833289
407744675 344435148
453103770 131045512
104177392 148762162
574691626 608197622
748268619 486442701
172231578 35658935
757773801 119242080
85386677 13311266
384148374 45878935
933626657 947699216
887508898 88120269
859635423 770060991
324130653 645356178
354378034 59464306
629690471 201329065
96363168 373094738
98495971 297883529
537086130 725813953
840988495 549266296
633922065 454769072
202488815 260928595
265288991 536020565
203736790 115296211
546164067 827362175
312456284 648243657
639597352 202553567
556220074 394468327
547153600 485578746
684125422 468521516
766069509 958769382
112711571 262797143
605204168 976894768
950879845 657249326
881025560 289836239
577752861 164278478
511893350 365038952
641882170 303272308
911981609 877109208
39701231 977165970
421009180 735666780
32 110821514
708847042 500444984
78396174 197020806
701898153 674584500
175518986 98062109
9908713 972493956
876559 492936969
947211503 280451094
607927078 850691166
413300621 381422748
126434725 920091576
742371170 152265120
466848262 206488681
121688015 806036161
722912651 677934277
286157942 240645560
611215003 69267203
823734916 478656388
304171454 198547517
591526166 78469998
83292512 530906725
154773790 680392013
145625861 988479017
433345527 121225311
264816359 182429128
272701765 568461657
127807341 12840310
58725469 96958893
234017347 879988756
44140587 781982878
979306291 886162229
929490858 156802127
203909004 507725001
27 323981369
76785407 480654371
317528768 209140981
749221174 109160795
714447027 130112411
453934415 59310499
399144485 829929813
517075210 409730446
507033639 292254761
423662822 238271287
716002600 150335797
252971306 464114267
707879565 272444575
540836621 690295042
875105184 570324570
225531428 991068826
10592449 579143027
260966584 696765498
102393179 580753590
205406899 60526147
941694721 108697457
517059848 151541312
39225442 132007710
888965388 590539321
317946998 795881650
854738033 857001232
239881179 649165418
99248949 68282893
39 121586111
679275982 568362022
453241898 512083777
625066509 795811024
667726852 883145988
420647637 308669135
629144439 614103830
436663328 48931896
705134656 383399245
133165098 13832680
143609652 461792705
137088061 582083381
287372381 969880749
384867712 43886204
801535091 28352190
566883081 366484274
311088906 141558082
902286944 148079
341280106 113404050
602380584 972563330
373849992 552659807
686602974 306548686
143491833 836097035
297364923 410809676
111294811 866627325
171357320 19901997
278410032 18024656
731189934 787987
944786396 323867038
155257906 226995037
174629786 185663238
148301975 430263304
650906263 292859807
855252710 124247598
668270086 68856976
578505284 279838218
44738380 91671594
771700843 115319451
582270486 137078823
781308576 383730812
44 543015195
798349454 174442306
329654171 782838122
675494931 90259013
859776709 997171146
286065018 471867278
16232975 97187656
345362671 655109041
268993918 527702891
142510572 169424322
98747577 231658277
885804913 366531786
109623089 480278466
442144374 827075198
138689400 371495928
997100067 445928527
795820644 829410192
580744267 255719854
768808531 103360163
445979887 659028163
358679700 343120771
837206002 608420470
553195922 900148575
567802295 783328443
119380774 121449443
91323850 222134730
91828623 115919953
498982242 470899759
935010318 580569526
259326899 262871729
504282808 156194732
939844090 217396944
713749645 939626758
859665314 917950767
476020921 107034171
125011196 824164406
461648492 67788433
153860520 156444036
627924508 585559982
382058658 283760476
748623791 806362949
920271272 615038194
901128931 12260056
482321849 425544103
999194611 141707537
37 104954649
327168258 158775885
17121359 143355660
487916455 112290322
211306910 290279617
794160581 639014146
138028559 356647737
344652366 601914787
379359477 15781996
107518190 817467587
370356588 175565509
879974170 5998301
29197143 528618008
343012817 170306770
543177324 228301071
650306754 954330279
666635095 713855266
921803519 597709759
572414232 986742310
102277419 428170656
46514295 81708557
33667065 847157678
155509920 960622426
399055636 336644671
515059298 888035814
206579248 643847583
769225633 523658891
746995631 566169855
116713128 944972585
512666529 474956523
190561546 662781329
161114898 674207204
276756055 782432368
298438394 125283951
113390396 727386067
346221083 404542257
1482381 85052733
843165399 983758086
35 94008614
40751654 658760770
514061104 291258431
858213688 142792702
177708814 395279306
292375770 309977438
788468229 811422812
855038218 459759587
533216803 325549090
862706720 495253881
85362195 163335169
690084517 838783418
143242801 738578889
632903147 509683422
730001056 553672881
533468516 261122187
371506087 960837764
516269493 107434970
418789048 283618516
155697457 172077752
243300740 346673292
414884333 81582922
69603267 236516239
136198276 14340675
91547029 471132274
547922629 525747267
486592710 338944578
160402340 790151395
35622717 710550752
862923282 194532382
828628924 127870257
277274137 106906569
482376290 340533989
103829252 94512383
917713071 776031543
93954969 493678822
32 232028352
663170883 472902651
237877810 545285602
95386448 575737997
14685842 450317858
552862762 595695750
289707936 775852603
233994037 695222202
141025687 544258767
17239779 424664077
33978541 432679254
453588620 689984875
164100325 665159527
683787653 27084257
524565004 736646677
370470768 740100507
436933109 81169253
145510094 190266694
2171059 774761999
231565431 472825837
887343943 108716971
845031646 930512095
933858595 196425627
643147550 95677498
379452668 582043132
403902823 991933379
508749192 415271236
934806087 295542757
57441388 197250612
269280301 45974677
395278804 283938656
241323142 114433796
290945306 890489108
14 356997244
776331961 848113001
31754406 120357185
706608206 379550332
75998333 344208151
932932485 811164032
800690052 858167246
509725654 439794279
776729564 88175680
790928099 997780348
141993058 61501112
709555177 517168048
177063326 283980725
155381440 948742713
452698416 115200036
29 28346565
472310092 16156931
759595179 518887423
9827894 968657285
942456473 26561439
888990343 9958005
446456338 76805532
25899861 152778871
511526731 645724360
99961967 728567415
80788711 606200873
755651143 10472043
57451292 802214264
912799182 940161352
900163823 31080046
523806901 87116053
368650902 425388319
528416570 252411644
795293267 348714925
161867196 433177808
449855726 582749441
389936305 686871137
164108672 805447556
567646650 107881959
134393968 754107178
623851437 55937004
328384227 120730399
891253224 387493327
75440923 920241131
315463023 997386764
2 288909947
248936555 578535529
788165933 818696619
40 499485871
138419544 485481691
993401068 199389836
70484331 12173358
586681441 257555509
201402796 542564700
669347738 208089579
51172320 498230563
722332688 520430725
178300844 962597543
382592349 456565909
337157216 184980264
554459838 667948317
103336333 45469077
487594192 197987992
132012340 173786413
43478755 395990689
156683354 355174840
211992605 284341862
782560059 297057384
536968998 111664691
640749544 594579949
656788736 375335756
901575237 923390412
705821261 831262984
655848352 602687398
834218933 589871053
178273218 291282745
119375440 593293782
722021053 725232220
653736553 823908219
450880877 632593122
594060542 724054491
541486334 518114937
59041219 754313588
945500659 443583398
390431448 64316689
786317582 25237036
104585592 921416882
541952641 912885744
40520623 863785431
33 641529758
822717958 566512458
579874454 462153676
761476718 284146952
447186721 821938993
359349585 864459731
247826961 49937377
217380031 429492854
586854995 672505679
596512792 136830947
555735677 843142536
599499645 590257176
225391538 787421243
394598286 376886250
43440485 107275060
671660710 427504337
378104482 397917501
535362549 29363758
181432665 705017300
558480600 525418548
256779772 402981180
534265007 762844542
650844804 614406656
24287999 772497032
464482447 453429884
524080831 41602008
272763180 246175300
414762977 982431662
874665097 763716948
73982301 820496679
95186565 718276325
64614487 141953012
97424512 469741293
792025079 461858646
3 9323613
83124298 644213059
823818085 876477770
17057355 67640433
4 473670600
259877964 934686596
227736551 545349087
14895197 28468310
164023658 169612643
33 935605371
637168833 188624027
518158817 649048734
492629224 862903967
662900562 17580282
59535318 468700893
278886839 87297057
470306098 694768125
892283520 523809023
915775892 223114179
166554175 897822568
129308292 31012880
542431585 372562964
396416681 80884572
862848438 84112920
80113837 1011790
972769000 328573773
951941758 324951940
209336643 535740499
584630207 142204023
666710835 986817445
217587718 625120970
918141666 536976766
35216851 770118955
505336216 35442072
260441008 660348870
287970394 637755266
454868869 732293348
425518879 575254843
336767507 432080303
124437397 356249970
101833338 761440492
675296571 258394402
622780180 231189782
2 214575495
538262922 29320628
18039632 189896181
11 933333102
101849395 824305875
484829712 773008250
466588785 494914297
613420232 477845362
705643000 130197649
532041219 687857010
908295269 404823206
428424930 818125504
45037632 471744403
98556497 729153242
336848511 439026269
27 365178427
838521234 238688223
926506750 395022853
277137493 750809893
247961879 377025172
230818892 17651361
106676425 554825115
571712531 930671839
678196971 406288706
643767928 577947694
291353061 301176451
46651362 30905363
528388752 784874519
541480958 427760505
743041025 466095254
435585107 107140726
122885695 253602836
695309003 245401832
299988183 402783910
720720026 333707901
194401528 983854009
10247363 428738181
994972382 45665085
841421616 593284617
567984898 557369771
390072983 836534636
855185728 145964770
242071639 164009254
13 676915802
348484179 785691084
233103385 758419567
442217623 703682879
605703324 983279688
95052550 613369867
985849069 328966077
102944144 896399496
188545566 139943820
127180043 207261059
218143179 577824024
567319634 113695958
775003922 795593383
97797242 291763462
34 971677799
523099197 723148546
347654248 514938034
204440028 49715396
195521889 486408513
745117508 5806682
394647382 409047337
556434296 492925572
755662124 988025095
394213060 344843809
524529995 355255030
766750550 874611849
868777813 807387138
953946619 660912416
169553427 766643405
73825835 692744525
93893026 807091083
66112912 349173608
635506051 159534364
234464291 801841977
98222513 203846833
817305266 144199449
991580911 820265841
155971332 480127583
53737440 222022339
143352117 428369254
29862617 975821291
295825698 517863481
127787521 827209216
889158019 887609506
277067018 920824830
535757527 870819803
767374716 627551576
760142799 132802174
563624569 80759650
32 14861202
664102155 92405625
223657978 716249380
2999963 28254259
68440410 19731463
914217003 147158781
982461693 231912468
70030371 179406841
223736299 92111396
928006731 628395141
112558841 990831326
106892627 686560220
587982209 644726815
514092328 23044814
560127822 292991291
124625266 780289837
796141876 578900860
485833109 457232453
802343989 738598994
970807882 580318253
685637143 899207984
146163148 635731653
10748145 48442051
62244328 108879991
82936877 996200221
354602334 327302497
60442495 683239203
399219696 739512828
149746745 90192576
329160819 81005645
750238702 385372976
945923665 317598914
388084802 426426659
10 728389812
36260508 692485854
41376823 783046179
670337021 448095169
703350739 465877284
67130610 628242979
495651139 319626460
105312072 246464360
623538842 97120134
210520418 311098716
306434752 583091358
46 109637234
924984483 580085148
62808701 649874153
333060829 410968920
640225072 15225372
342273211 624650610
248247472 882019429
813923347 138861639
680326030 829644966
24618975 99764339
702000912 47166750
103096891 523139293
604046633 56561461
86214791 608014258
961437164 450703
571021503 53982478
45408711 620506476
464747684 409296233
444662074 985381543
61191182 381519730
608927553 485805315
990098696 885486715
106540679 420825740
154562608 71535171
848260323 360311613
878796 323529612
926590065 795298057
429220455 303612296
183708984 308405087
486256997 139067127
277502676 800477894
439911388 951985141
54090020 143890582
302425152 913220861
230381102 895161158
850635270 621340195
444677389 449785363
400158501 692627549
275361041 165756802
588281055 224980597
677675058 224431503
38986788 61428965
289975933 985110888
807259892 608318483
986584060 590053317
739612358 29552069
405896610 141773136
30 562423837
227376136 137309738
12841426 77482081
659240669 782784394
565483820 116936503
404268916 56895749
55137651 133048499
408641550 178823128
943685527 1430932
427354007 353480080
792932342 323354097
478681368 517005698
388925908 530509673
71455412 93741579
847712125 91170676
942706605 728558054
70942029 55248086
280153021 247669722
554705152 495973421
86764478 109185433
128537892 760797347
603376791 535945203
84611302 220973784
700157409 128182888
443700675 214022340
831355040 55549897
264727819 841820995
656191913 81949829
232265399 706774393
818166978 387602889
916849456 86635150
5 193699165
709619074 591084926
897995645 97734399
944537684 438731748
98640223 136336122
622141874 33594459
38 226409878
77263900 932751635
126106345 50464471
486314301 954691810
654923932 98345987
486078965 294366951
416018154 957843292
727786116 627393685
460957025 331204445
68489475 844366918
702851450 664261649
271049375 714030338
569271330 703595925
291751092 548432527
298663749 765341788
465380771 519175823
561999400 890836294
29606374 525605360
42040792 643462050
732023443 184192838
205092938 78750915
509697237 962189761
971451217 9919623
801370065 756732117
791528269 347419303
68189328 449251844
816234641 330074251
607676356 931773806
664598902 644293251
817116767 916575789
989085792 41478362
780635629 165417079
114002918 77620470
483172684 47630680
310433814 223333334
554924967 102441448
599015288 39603664
691845663 373593182
531421431 215502944
17 271526397
934366275 493557060
277174444 578849965
630440845 134967617
658007687 741897005
565903937 735391981
964636182 286259670
595899794 217103535
284396492 700726468
102422912 80476120
233441999 800049509
36983895 758544666
42784608 821368557
509449967 101290164
222249662 876007101
50946320 994815857
709916703 943879974
329022629 112934578
46 277756815
422302898 211353351
277818119 659677455
888400370 684216384
997319849 637832692
608684005 687461373
494270535 531130533
414342937 719758584
133121 882876385
538885571 904247782
743697640 971409940
316177085 906720301
497135179 285078361
275996870 114716570
748560630 892299668
795208459 70830515
181032290 772853877
19525421 746236402
483705318 55187469
970339625 300257441
633235822 12989467
856630645 660881027
641998505 111031006
727823984 470845776
27718037 580105
598397270 596997989
701602339 145289541
778399717 886661480
730467827 956242136
586960989 660951451
471126411 449383188
83254217 241770921
197804507 988658978
310466406 416618817
315768098 475326733
970230076 813555661
401613978 385025725
759131664 525530021
130306481 213696996
805749372 990812607
999287011 694674336
315971798 958433601
911691245 498933370
796991701 977007752
702318286 86304273
402961709 561504171
950452463 64174638
