100
22 1152921504606846928
22 1152921504606846975
22 1152921504606846961
22 1152921504606846966
22 1152921504606846935
22 1152921504606846939
22 1152921504606846956
10 1152921504606846928
10 1152921504606846975
10 1152921504606846961
10 1152921504606846966
10 1152921504606846935
10 1152921504606846939
10 1152921504606846956
24 1152921504606846928
24 1152921504606846975
24 1152921504606846961
24 1152921504606846966
24 1152921504606846935
24 1152921504606846939
24 1152921504606846956
28 1152921504606846928
28 1152921504606846975
28 1152921504606846961
28 1152921504606846966
28 1152921504606846935
28 1152921504606846939
28 1152921504606846956
9 1152921504606846928
9 1152921504606846975
9 1152921504606846961
9 1152921504606846966
9 1152921504606846935
9 1152921504606846939
9 1152921504606846956
17 1152921504606846928
17 1152921504606846975
17 1152921504606846961
17 1152921504606846966
17 1152921504606846935
17 1152921504606846939
17 1152921504606846956
7 1152921504606846928
7 1152921504606846975
7 1152921504606846961
7 1152921504606846966
7 1152921504606846935
7 1152921504606846939
7 1152921504606846956
1033331278157390948 1062091751618525055
855917500766002698 1082644671630918980
160820332593224606 986749185546157410
320073280372343569 419437342746900666
314226574224462164 998220741203022465
347803497328165116 464281868268378650
1137127594504603314 1152416978190859047
759056767258326426 1135755051706765619
760796571285733029 821484553019147910
1087872065306466323 1115074916446707434
119629235308185582 1120721588909481912
919953605931730582 1120037753333028011
1021757819431585266 1033114281608566996
111445541249760556 672603458887983651
276015439723982384 1059598244936444808
42634243158054141 85739600656616714
466087867485163513 949626803172491016
280945633773780115 721012321315155252
62406390211724085 531274144436824034
667704621243077578 748411254222617276
561536702679512336 806112254552040314
1108814728996182759 1127830294708954757
529808665361853002 671572033827356845
407529841883557861 970676313088009289
557365458575070269 686620654756347862
47833449449541406 593587116659935643
833348048178458659 933945559874044115
800311337368750600 971459352308214241
1139850165977141555 1150841436116936349
316607733997868549 724537229864305868
321111875653778622 675299242026668589
1002795689862580442 1140051968869432342
1126330269156464193 1146708894277421617
49041374082390939 159656072796639169
345429044550379709 1101255419003270069
617767493393357793 1075321977594454052
757171248057280478 1009526028932488706
111912982294412657 1011848164876645445
564891969300079671 892871127486410278
861402221610697357 922152567106763874
1080292742815815668 1142552302977304268
790486583580531376 1030085385035500759
710888432289353946 851789159334177530
380024728746475439 627353010873451838
1130223796918392029 1143712648789570744
795701079555446435 991332002777196445
629457263360915922 942947223886950760
70424228172106506 255148060559801295
538554136423943038 1085663150437982954
755896953159109144 839428571243578394
334803866783228218 863079598582469942
