2305843009213693760
2305843009213693849
2305843009213693824
2305843009213693833
2305843009213693771
2305843009213693779
2305843009213693814
2305843009213693783
2305843009213693872
2305843009213693847
2305843009213693856
2305843009213693794
2305843009213693802
2305843009213693837
2305843009213693755
2305843009213693844
2305843009213693819
2305843009213693828
2305843009213693766
2305843009213693774
2305843009213693809
2305843009213693748
2305843009213693837
2305843009213693812
2305843009213693821
2305843009213693759
2305843009213693767
2305843009213693802
2305843009213693785
2305843009213693874
2305843009213693849
2305843009213693858
2305843009213693796
2305843009213693804
2305843009213693839
2305843009213693769
2305843009213693858
2305843009213693833
2305843009213693842
2305843009213693780
2305843009213693788
2305843009213693823
2305843009213693790
2305843009213693879
2305843009213693854
2305843009213693863
2305843009213693801
2305843009213693809
2305843009213693844
57520946922268209
453454341729832563
1651857705905865604
198728124749114186
1367988333957120599
232956741880427064
30578767372511468
753396568896878386
121375963466829759
54405702280482220
2002184707202592656
400168294802594858
22712924353963453
1122315835276446197
1567165610424924848
86210714997125153
967077871374655014
880133375082750276
937735508450199892
161413265959079391
489151103745055956
38031131425543997
283526736931007680
1126292942408902862
258510392362555180
1091507334420788470
201195023391170909
342296029878927281
21982540279589592
815858991732874639
708374732745779934
274512558013703799
40757250241914842
221229397428496466
1511652748905780720
915108968402192520
504709561750416465
1799870365164465580
655958316372661217
121500690992133029
124519120322977208
479197602909938762
281801454089647163
494656564253952801
26977703742357432
391261846443500018
626979921052069682
369447664775389571
1094218028028079838
167063236168938499
1056551463598483446
