25
26 4 46581
38304 -45330
-29937 -36282
40901 91975
-58296 28155
-35198 89401
-11503 -36581
-23581 -27491
-37279 -70097
17775 -11675
-41425 -4625
40315 -77647
-56826 58300
-29063 70050
34270 93777
-30659 -95426
-57494 -40754
35430 64050
-45290 -13672
29167 -91613
-40047 -98910
-56224 -32860
-58368 -94215
-58493 65963
43653 -9184
-35493 45144
1236 -62204
33 2 33216
-63949 -83371
-16478 92529
-73596 12968
-73591 66350
-69534 -16504
-3221 -24653
-74659 62470
-2152 -69693
-20672 -42601
-68250 -13422
-15557 8961
-11381 80191
-6535 -19463
-9291 83086
-5953 12095
-32426 18298
-67089 65774
-13503 52393
-81258 55140
-21460 58829
-83275 57602
-49141 -79234
-62549 58757
-31829 65897
-69977 -44818
-21390 -36884
-9815 -37368
-54494 92859
-66880 31672
-1330 26540
-32033 61476
-35151 -68394
-5168 14491
34 3 26463
-59156 25052
8018 -57789
-34064 -90647
29472 -28713
-55966 -19970
-83074 -50342
-63923 97378
31919 9831
-80271 56307
-83443 -38780
38108 17198
30173 -10246
-75938 -34320
-85171 20295
46053 -32660
-29145 -108
38818 -51034
38630 12080
-79994 -52000
25277 -42745
24835 13990
23764 14405
26191 21934
-76745 -66016
23269 24151
-78375 7574
-69314 -37461
28806 12790
-25248 34795
838 -6808
-14671 -15976
-45531 1817
326 58832
-69719 -30559
30 0 43496
74219 -65335
67610 31675
61440 2824
-10157 -76657
-16599 5346
39499 -43202
13953 -35525
15629 -77227
4281 -35566
6110 35817
-15021 -41257
-5132 21978
4121 -73626
55680 -39398
77344 -54113
52617 14349
50610 24735
47519 -57770
-21729 -67072
9553 14090
74801 -501
74252 31391
-6153 -63719
71899 159
-925 -45155
72182 -53907
52073 -38384
38705 -42031
6058 -48529
77010 -74381
41 0 8745
74323 -61461
43003 -22154
43934 -63281
40401 -56125
38491 -61731
68901 -61676
71584 -55058
73717 -24913
46219 -22026
76370 -57314
72112 -59305
72031 -55209
74113 -55520
38755 -57198
70191 -24374
71334 -27815
75993 -26752
40595 -24698
69378 -61789
37767 -62181
69135 -26264
68344 -61492
74339 -59479
71486 -63076
39274 -22330
69141 -56688
45002 -22300
40848 -60922
71188 -27200
76043 -57586
74759 -28226
75104 -27758
38836 -22643
70425 -23615
41939 -59964
76119 -62811
69264 -62236
75364 -25725
45444 -58570
72443 -55268
39954 -23409
40 0 21221
10660 -90843
-4057 -56976
-75334 -63312
581 -81214
3055 -80339
153 -52387
-1642 -86173
-2440 -74064
5782 -65143
-73135 -64474
-66396 -77748
8322 -76253
-72645 -74766
-72286 -79429
1253 -58778
-62974 -51197
-76803 -66754
-59542 -70009
-62756 -50160
5860 -61051
-67014 -65162
4160 -60032
-1044 -76851
11703 -88149
-72951 -69114
9267 -59501
-565 -62712
14458 -62490
-62606 -67021
-72681 -50519
-77771 -68571
-77323 -69852
-4459 -91870
-61107 -93650
-70333 -86877
7259 -50638
-72119 -77059
-279 -88600
-58486 -92566
-60790 -56390
46 3 787
-1424 19973
14289 19631
10661 -8518
14745 20123
7579 -40827
14187 48049
11986 74716
5032 67791
-1008 19971
14388 48030
4794 -25571
14790 47484
-1561 47802
-1001 48167
-1356 47696
-1028 19803
14784 48130
4234 -84975
14322 48015
11649 -64706
14879 20081
5138 -26719
2685 61511
14717 47724
14516 19922
14632 19716
10781 -96237
14508 19758
-1003 20020
-1077 47608
8352 -12668
6771 38478
10858 -41827
10639 89142
14640 20093
5263 -73655
-874 47987
-783 47853
6451 -27241
9656 6789
6954 677
10267 -74210
10464 8604
-1517 19722
-835 47796
-1526 20240
7 1 2
19 16
17 5
15 14
10 5
9 4
16 9
19 18
44 4 32433
-60859 86617
-38852 91659
-54758 70357
-36 4829
38450 -20992
-10779 -54687
67762 -59430
-48885 -95460
-42382 65547
36556 75612
-61075 92632
-58737 41537
63904 -12107
49171 53131
35693 -9182
-13311 -34354
52752 24166
-62358 43134
49390 30757
47097 86938
7211 -57504
-40731 93201
49753 -3275
-54009 36143
-51394 21512
-37023 25862
23248 -44377
7717 -44233
-28946 -92111
43183 44966
25791 -86134
38218 82249
56989 50823
42636 48649
37525 98285
40592 75013
-53622 90035
49214 51079
-68236 76181
37753 63300
-6165 97794
-9406 -9808
36829 96961
48898 45809
9 1 1
0 10
1 1
14 20
7 16
3 8
0 1
16 10
15 9
0 9
32 0 23264
-31558 -36912
-45558 -24291
36793 5913
47834 -22833
42809 -36867
43069 -19701
56808 1078
43063 -37349
-54351 -24730
54149 12145
49929 -28807
57440 -22187
51156 -39493
54526 7582
47972 -26089
-51522 -35013
-50514 -26218
53964 -23501
-44618 -39497
55729 -35784
-42837 6365
43625 -29978
-44387 -6166
45005 -571
-52606 -5175
-40789 -24590
37631 -3091
-48224 -34162
-51475 -9637
36705 -9837
53028 -34142
-36579 1515
46 3 26945
-25612 28967
68067 -23472
-1662 49374
48115 -46076
11033 -13147
353 7260
51076 -38762
12304 -97872
-30032 -46147
49076 -24975
-49100 18733
58564 29846
-33090 21117
-2731 49970
11091 48684
-36865 -10263
58950 13187
67955 -38990
-31829 14869
-34201 9772
-40691 34167
-38163 -13232
-48036 32663
69547 33523
68004 33259
65445 77703
41869 -64387
-31550 -82418
60090 -23386
47681 28787
-34834 85614
-39605 -62058
-24968 27124
50830 20060
-45727 -55575
-32553 -35333
-30657 -35163
45171 -45817
61235 20397
45273 -27070
-17014 65392
51059 -47920
-40326 12878
-8954 -51812
53517 -41583
-32172 10405
27 0 20892
-2862 -50637
-49150 -61077
-5860 -51183
3376 59067
-41654 -56065
-7066 -43681
3569 67348
-47230 62583
-35778 -58809
-48866 -51826
1109 51922
-39556 69224
-43610 56329
-2359 72040
-37323 54153
-46668 -59677
-39788 -52930
-40805 67852
-3191 -47891
-9428 55748
-35282 -56713
-35200 -49832
-38355 -59723
-40801 67515
2798 67671
-46911 -50071
-52973 70208
36 2 19656
9492 -77771
-36069 62137
17184 68216
-27666 44894
-17564 -65427
-33669 -83501
-29569 57389
-23416 59251
16567 49802
-21796 -86104
15327 63337
-9451 41249
-39521 -90361
16290 -78707
-38054 43943
-21749 29731
868 -78362
7126 89322
-21188 54366
-35534 -86248
-35374 -80298
-22126 -88627
-303 -85875
11194 -88482
-30530 -80355
-30638 45833
-31102 -94814
-23575 -87243
-5216 -34731
-37495 26682
-29442 -94827
12767 20433
-585 54642
-27040 -94519
5021 54262
13550 -80347
10 1 1
1 2
0 16
4 10
3 16
9 7
1 7
0 7
9 2
0 1
1 6
40 2 33909
-17539 24754
72820 -75936
6985 -68835
63124 52933
57415 10692
-1246 33303
53444 44876
-13209 -65266
6141 27969
-2593 35909
49360 -80297
73772 40988
-14421 32171
-13954 46502
-5042 -47915
62041 47018
6570 73919
73909 -80842
42430 -70994
-1767 50679
-3089 24955
53410 -80178
68552 30754
38693 -45768
72575 -64722
-1657 -67278
57108 2046
44716 -66366
9617 -77071
6219 -58655
66196 -69147
61533 55193
72831 -3007
67897 -58127
72697 -50686
2833 43093
30969 94663
71773 90000
48091 -60204
-15360 -53816
9 1 6
6 2
17 11
17 15
14 19
5 16
8 6
9 17
15 14
17 7
28 2 14009
-58173 -62502
-66896 8674
-87322 48765
-71634 70382
-59212 50788
-58416 70157
-82319 85401
-56409 69425
-81240 56277
-79593 -68037
-63150 52357
-87286 -14858
-87588 57809
-55804 -73599
-83120 -68632
-74531 -63073
-85293 -24201
-88418 54089
-81174 49936
-86742 58519
-71148 83588
-81827 50857
-59478 58334
-75165 56881
-84448 19661
-55282 -71847
-73792 -44496
-65883 -58865
50 0 28662
-30615 -19710
-74887 55276
-81928 53479
-81281 63517
-77679 59685
-28655 55852
-36506 59485
-59963 -41707
-42989 -34353
-65890 -34210
-67173 59022
-27193 -24195
-31637 61599
-43884 -26625
-69593 56352
-60635 68924
-39997 69222
-70015 -34793
-45020 -30510
-80042 49348
-74409 51586
-55816 -21300
-42306 -18866
-48013 67919
-30504 68220
-22712 49519
-81951 -35467
-28539 -23758
-35907 63094
-73229 73158
-34874 49693
-29828 -21737
-42474 62845
-41529 -37960
-32976 61368
-73779 57802
-65498 62122
-65690 -35483
-41711 -30810
-57741 47138
-78001 55447
-64735 63464
-39314 62422
-44371 47513
-45218 50946
-61836 60649
-47537 -35935
-26541 -34646
-57261 50319
-65863 -36988
28 1 11609
68009 -53589
89291 32101
85199 4140
95784 50276
91837 95690
92994 66998
86724 -56659
92707 2306
71571 -52805
89533 611
73163 9025
74542 2054
89327 -54892
71399 50714
86500 -52299
74751 7803
89545 -12407
94655 2625
66609 10395
91823 -56527
86674 -55664
96027 -56231
65977 -56667
73968 -28229
93708 142
65278 -52703
69916 6306
84191 -1684
45 4 8164
61461 -8341
39304 -5761
67122 -63422
64117 -67396
34343 -38916
39793 -4816
33273 8164
66070 68734
60834 -7714
64205 32214
60344 16322
46649 34313
52540 -14368
38896 -69158
33861 -5168
63063 -58768
36183 -21765
50870 -48170
36844 -64924
66765 30603
40508 -12203
61513 -8814
60717 -55626
39887 -69833
61323 -10501
51081 -92554
33840 -7276
36211 -9406
37728 -7363
50433 -18061
38403 -70196
33107 -67788
67249 -63315
38096 -8599
61529 -11655
44688 62442
39103 -11019
67469 -70115
34203 -4621
38802 -8732
37619 -2486
64460 -42573
61927 -10266
66435 -69159
50975 -75454
42 3 37615
29895 -73937
4761 -34835
-23651 33535
-25021 23638
22620 -67103
28309 41790
49401 59758
20898 -38388
-12835 52057
-17993 21628
-21786 -33440
16527 -32111
5386 85104
24662 -84263
-7422 46408
-22315 52623
36290 10931
20074 -87858
19098 38820
38167 -22584
4876 96345
51878 -32856
23265 -37810
-12015 51430
-17533 35380
44098 -39735
8123 49113
2725 -29333
-3797 52946
-16792 -22023
-13196 -31046
-15892 34778
1265 -6483
-8817 -89528
26714 75624
17665 -7658
48035 38850
25988 68533
-25430 49376
36160 12484
-2097 55520
5785 885
10 0 7
16 19
19 4
2 5
3 1
3 14
18 13
0 16
16 13
7 5
7 18
45 2 435
-35870 38473
20794 -86172
-20489 -87801
20790 -86329
4959 56356
-35947 38129
4517 -90569
-20759 -60402
-36106 -86108
20876 -86253
20597 -86173
20670 -86206
-28139 96596
-35877 -86424
20666 -86478
785 9356
20530 38192
-36117 -86412
15244 -14231
20746 38388
-3383 -52926
-19980 87755
-36040 38463
-35805 -86486
-36201 -86157
-35915 38233
-35949 -86381
13321 -20117
20498 38373
20503 38242
-35797 -86479
20511 -86459
20900 38396
-12852 11414
20716 -86169
20294 -31949
-35922 -86386
-36072 38363
20613 38495
-11434 -78549
-36164 -86334
-36080 -86227
-36045 38321
-35972 -86104
20536 38526
38 2 15551
48365 79342
73845 24649
58218 98804
67340 -95332
81965 -36313
53535 80175
83610 -42142
80277 -40459
90961 -49199
50879 87676
72469 -22472
82820 -48095
85768 88414
66492 -27373
88808 95532
83284 48689
80448 82369
64799 10532
62402 87629
86230 -49555
85479 -39524
59851 -49057
77066 90240
69209 -66544
55727 -44509
56456 -16356
51484 81115
61558 89300
79259 -49037
65939 -54929
56279 -69766
71717 -80400
80563 -38394
59805 92936
86543 93854
56089 92234
58375 -37918
91924 72579
