100
4 2
5 2
6 2
1000 1000
1000 1
787280 675869
386799 303987
558930 484818
1000000 2
699227 687420
838833 678062
660006 579918
503992 449378
1000000 524287
999999 475711
1000000 524288
999999 499998
543068 491148
4 1
999999 475712
1 1
869640 781553
1000000 127
655983 612362
334514 312406
500000 237857
811798 745745
999999 499997
1000000 128
3 2
1000000 475713
663639 546284
999999 128
694736 638639
999999 524288
1000000 1000000
500000 249998
2 2
533037 474932
500000 1
2 1
350614 312407
999999 1
500000 500000
500000 249999
731372 632433
777234 756568
341899 279234
999999 127
549663 462577
999999 262143
986395 801583
373655 329508
999999 262144
5 1
274328 244621
500000 2
399029 346504
999999 2
500000 127
999999 999999
953479 722841
1000000 999999
690256 550579
500000 131071
1000000 1
1000000 262144
740536 737146
1000000 500000
751455 623639
1000000 499998
424585 327980
641272 511249
500000 499999
256717 231581
1000000 499999
999999 413727
1000000 262143
999999 524287
500000 128
500000 250000
1000000 383280
500000 131072
500000 262143
3 1
547284 461343
1000000 475712
360488 322617
697692 570158
999999 499999
999999 511627
999999 999998
500000 261323
944698 801510
500000 202599
915630 730971
500000 262144
1000000 512357
818902 688809
500000 237856
