Case #1: 1 5
Case #2: 1
Case #3: 1 2
Case #4: 1 4 7
Case #5: 1 72057594037927937 144115188075855873 216172782113783809
Case #6: 1 5 9 13
Case #7: 1 567869252042 1135738504083 1703607756124 2271477008165 2839346260206 3407215512247 3975084764288 4542954016329 5110823268370 5678692520411 6246561772452 6814431024493 7382300276534 7950169528575 8518038780616 9085908032657 9653777284698 10221646536739 10789515788780 11357385040821 11925254292862 12493123544903 13060992796944 13628862048985 14196731301026 14764600553067 15332469805108 15900339057149 16468208309190 17036077561231 17603946813272 18171816065313 18739685317354 19307554569395 19875423821436 20443293073477 21011162325518 21579031577559 22146900829600 22714770081641 23282639333682 23850508585723 24418377837764 24986247089805 25554116341846 26121985593887 26689854845928 27257724097969 27825593350010 28393462602051 28961331854092 29529201106133 30097070358174 30664939610215 31232808862256 31800678114297 32368547366338 32936416618379 33504285870420 34072155122461 34640024374502 35207893626543 35775762878584 36343632130625 36911501382666 37479370634707 38047239886748 38615109138789 39182978390830 39750847642871 40318716894912 40886586146953 41454455398994 42022324651035 42590193903076 43158063155117 43725932407158 44293801659199 44861670911240 45429540163281 45997409415322 46565278667363 47133147919404 47701017171445 48268886423486 48836755675527 49404624927568 49972494179609 50540363431650 51108232683691
Case #8: 1 10000000000000001 20000000000000001 30000000000000001 40000000000000001 50000000000000001 60000000000000001 70000000000000001 80000000000000001 90000000000000001 100000000000000001 110000000000000001 120000000000000001 130000000000000001 140000000000000001 150000000000000001 160000000000000001 170000000000000001 180000000000000001 190000000000000001 200000000000000001 210000000000000001 220000000000000001 230000000000000001 240000000000000001 250000000000000001 260000000000000001 270000000000000001 280000000000000001 290000000000000001 300000000000000001 310000000000000001 320000000000000001 330000000000000001 340000000000000001 350000000000000001 360000000000000001 370000000000000001 380000000000000001 390000000000000001 400000000000000001 410000000000000001 420000000000000001 430000000000000001 440000000000000001 450000000000000001 460000000000000001 470000000000000001 480000000000000001 490000000000000001 500000000000000001 510000000000000001 520000000000000001 530000000000000001 540000000000000001 550000000000000001 560000000000000001 570000000000000001 580000000000000001 590000000000000001 600000000000000001 610000000000000001 620000000000000001 630000000000000001 640000000000000001 650000000000000001 660000000000000001 670000000000000001 680000000000000001 690000000000000001 700000000000000001 710000000000000001 720000000000000001 730000000000000001 740000000000000001 750000000000000001 760000000000000001 770000000000000001 780000000000000001 790000000000000001 800000000000000001 810000000000000001 820000000000000001 830000000000000001 840000000000000001 850000000000000001 860000000000000001 870000000000000001 880000000000000001 890000000000000001 900000000000000001 910000000000000001 920000000000000001 930000000000000001 940000000000000001 950000000000000001 960000000000000001 970000000000000001 980000000000000001 990000000000000001
Case #9: 1 16 31 46 61 76 91 106 121 136 151 166 181 196 211
Case #10: 1 377801998337 755603996673 1133405995009 1511207993345 1889009991681 2266811990017 2644613988353 3022415986689 3400217985025 3778019983361 4155821981697 4533623980033 4911425978369 5289227976705 5667029975041 6044831973377 6422633971713 6800435970049 7178237968385 7556039966721 7933841965057 8311643963393 8689445961729 9067247960065 9445049958401 9822851956737 10200653955073
Case #11: 1
Case #12: 1 2 3 4 5 6 7 8 9 10 11 12
Case #13: 1 1937 3873 5809 7745 9681 11617 13553 15489 17425 19361 21297 23233 25169 27105 29041 30977 32913 34849 36785 38721 40657 42593 44529 46465 48401 50337 52273 54209 56145 58081 60017 61953 63889 65825 67761 69697 71633 73569 75505 77441 79377 81313 83249
Case #14: 1 28 55
Case #15: 1 31381059610 62762119219
Case #16: 1 65 129 193
Case #17: 1 36 71 106 141 176 211 246 281 316 351 386 421 456 491 526 561 596 631 666 701 736 771 806 841 876 911 946 981 1016 1051 1086 1121 1156 1191
Case #18: 1 150094635296999122 300189270593998243
Case #19: 1 282429536482 564859072963 847288609444 1129718145925 1412147682406 1694577218887 1977006755368 2259436291849 2541865828330 2824295364811 3106724901292 3389154437773 3671583974254 3954013510735 4236443047216 4518872583697 4801302120178 5083731656659 5366161193140 5648590729621 5931020266102 6213449802583 6495879339064 6778308875545 7060738412026 7343167948507
Case #20: 1
Case #21: 1 10 19
Case #22: 1 4625 9249 13873 18497 23121 27745 32369 36993 41617 46241 50865 55489 60113 64737 69361 73985 78609 83233 87857 92481 97105 101729 106353 110977 115601 120225 124849 129473 134097 138721 143345 147969 152593 157217 161841 166465 171089 175713 180337 184961 189585 194209 198833 203457 208081 212705 217329 221953 226577 231201 235825 240449 245073 249697 254321 258945 263569 268193 272817 277441 282065 286689 291313 295937 300561 305185 309809
Case #23: 1 2 3 4 5 6 7 8 9 10 11 12 13 14 15 16 17 18 19 20 21 22 23 24 25 26 27 28 29 30 31 32 33 34 35 36 37 38 39 40 41 42 43 44 45 46 47 48 49 50 51 52 53 54 55
Case #24: 1 1765 3529 5293 7057 8821 10585 12349 14113 15877 17641 19405 21169 22933 24697 26461 28225 29989 31753 33517 35281 37045 38809 40573 42337 44101 45865 47629 49393 51157 52921 54685 56449 58213 59977 61741 63505 65269 67033 68797 70561 72325
Case #25: 1 12855002631049217 25710005262098433 38565007893147649 51420010524196865 64275013155246081 77130015786295297 89985018417344513 102840021048393729 115695023679442945 128550026310492161 141405028941541377 154260031572590593 167115034203639809 179970036834689025 192825039465738241 205680042096787457 218535044727836673 231390047358885889 244245049989935105 257100052620984321 269955055252033537
Case #26: 1 406671383849473 813342767698945 1220014151548417 1626685535397889 2033356919247361 2440028303096833 2846699686946305 3253371070795777 3660042454645249 4066713838494721 4473385222344193 4880056606193665 5286727990043137 5693399373892609 6100070757742081 6506742141591553 6913413525441025 7320084909290497 7726756293139969 8133427676989441 8540099060838913 8946770444688385 9353441828537857 9760113212387329 10166784596236801 10573455980086273 10980127363935745 11386798747785217 11793470131634689 12200141515484161 12606812899333633 13013484283183105 13420155667032577 13826827050882049 14233498434731521 14640169818580993 15046841202430465 15453512586279937 15860183970129409 16266855353978881 16673526737828353
Case #27: 1 46 91 136 181 226 271 316 361 406 451 496 541 586 631 676 721 766 811 856 901 946 991 1036 1081 1126 1171 1216 1261 1306 1351 1396 1441 1486 1531 1576 1621 1666 1711 1756 1801 1846 1891 1936 1981
Case #28: 1
Case #29: 1 1000001 2000001 3000001 4000001 5000001 6000001 7000001 8000001 9000001 10000001 11000001 12000001 13000001 14000001 15000001 16000001 17000001 18000001 19000001 20000001 21000001 22000001 23000001 24000001 25000001 26000001 27000001 28000001 29000001 30000001 31000001 32000001 33000001 34000001 35000001 36000001 37000001 38000001 39000001 40000001 41000001 42000001 43000001 44000001 45000001 46000001 47000001 48000001 49000001 50000001 51000001 52000001 53000001 54000001 55000001 56000001 57000001 58000001 59000001 60000001 61000001 62000001 63000001 64000001 65000001 66000001 67000001 68000001 69000001 70000001 71000001 72000001 73000001 74000001 75000001 76000001 77000001 78000001 79000001 80000001 81000001 82000001 83000001 84000001 85000001 86000001 87000001 88000001 89000001 90000001 91000001 92000001 93000001 94000001 95000001 96000001 97000001 98000001 99000001
Case #30: 1 7529537 15059073 22588609 30118145 37647681 45177217 52706753 60236289 67765825 75295361 82824897 90354433 97883969
Case #31: 1 8465 16929 25393 33857 42321 50785 59249 67713 76177 84641 93105 101569 110033 118497 126961 135425 143889 152353 160817 169281 177745 186209 194673 203137 211601 220065 228529 236993 245457 253921 262385 270849 279313 287777 296241 304705 313169 321633 330097 338561 347025 355489 363953 372417 380881 389345 397809 406273 414737 423201 431665 440129 448593 457057 465521 473985 482449 490913 499377 507841 516305 524769 533233 541697 550161 558625 567089 575553 584017 592481 600945 609409 617873 626337 634801 643265 651729 660193 668657 677121 685585 694049 702513 710977 719441 727905 736369 744833 753297 761761 770225
Case #32: 1 3937376385699290 7874752771398579 11812129157097868 15749505542797157 19686881928496446 23624258314195735 27561634699895024 31499011085594313 35436387471293602 39373763856992891 43311140242692180 47248516628391469
Case #33: 1 26873857 53747713 80621569 107495425 134369281 161243137 188116993 214990849 241864705 268738561 295612417 322486273 349360129 376233985 403107841 429981697 456855553 483729409 510603265 537477121 564350977 591224833 618098689 644972545 671846401 698720257 725594113 752467969 779341825 806215681 833089537 859963393 886837249 913711105 940584961 967458817 994332673 1021206529 1048080385 1074954241 1101828097 1128701953 1155575809 1182449665 1209323521 1236197377 1263071233 1289945089 1316818945 1343692801 1370566657 1397440513 1424314369 1451188225 1478062081 1504935937 1531809793 1558683649 1585557505 1612431361 1639305217 1666179073 1693052929 1719926785 1746800641 1773674497 1800548353 1827422209 1854296065 1881169921 1908043777
Case #34: 1 2 3 4 5 6 7 8 9 10 11 12 13 14 15 16 17 18 19 20 21 22 23 24 25 26 27 28 29 30 31 32 33 34
Case #35: 1 5429503678977 10859007357953 16288511036929 21718014715905 27147518394881 32577022073857 38006525752833 43436029431809 48865533110785 54295036789761 59724540468737 65154044147713 70583547826689 76013051505665 81442555184641 86872058863617 92301562542593 97731066221569 103160569900545 108590073579521 114019577258497 119449080937473 124878584616449 130308088295425 135737591974401
Case #36: 1 677 1353 2029 2705 3381 4057 4733 5409 6085 6761 7437 8113 8789 9465 10141 10817 11493 12169 12845 13521 14197 14873 15549 16225 16901
Case #37: 1 93 185 277 369 461 553 645 737 829 921 1013 1105 1197 1289 1381 1473 1565 1657 1749 1841 1933 2025 2117 2209 2301 2393 2485 2577 2669 2761 2853 2945 3037 3129 3221 3313 3405 3497 3589 3681 3773 3865 3957 4049 4141 4233 4325 4417 4509 4601 4693 4785 4877 4969 5061 5153 5245 5337 5429 5521 5613 5705 5797 5889 5981 6073 6165 6257 6349 6441 6533 6625 6717 6809 6901 6993 7085 7177 7269 7361 7453 7545 7637 7729 7821 7913 8005 8097 8189 8281 8373
Case #38: 1 20047612231937 40095224463873 60142836695809 80190448927745 100238061159681 120285673391617 140333285623553 160380897855489 180428510087425 200476122319361 220523734551297 240571346783233 260618959015169 280666571247105 300714183479041 320761795710977 340809407942913 360857020174849 380904632406785 400952244638721 420999856870657 441047469102593 461095081334529 481142693566465 501190305798401 521237918030337 541285530262273 561333142494209 581380754726145 601428366958081 621475979190017 641523591421953 661571203653889 681618815885825 701666428117761 721714040349697 741761652581633 761809264813569 781856877045505 801904489277441 821952101509377 841999713741313 862047325973249 882094938205185 902142550437121
Case #39: 1 164916225 329832449 494748673 659664897 824581121 989497345 1154413569 1319329793 1484246017 1649162241 1814078465 1978994689 2143910913 2308827137 2473743361 2638659585 2803575809 2968492033 3133408257 3298324481 3463240705 3628156929 3793073153 3957989377 4122905601 4287821825 4452738049 4617654273 4782570497 4947486721 5112402945 5277319169 5442235393 5607151617 5772067841 5936984065 6101900289 6266816513 6431732737 6596648961 6761565185 6926481409 7091397633
Case #40: 1 3077056400 6154112799 9231169198 12308225597 15385281996 18462338395 21539394794 24616451193 27693507592 30770563991 33847620390 36924676789 40001733188 43078789587 46155845986 49232902385 52309958784 55387015183 58464071582 61541127981 64618184380 67695240779 70772297178 73849353577 76926409976 80003466375 83080522774 86157579173 89234635572 92311691971 95388748370 98465804769 101542861168 104619917567 107696973966 110774030365 113851086764 116928143163 120005199562 123082255961 126159312360 129236368759 132313425158 135390481557 138467537956 141544594355 144621650754 147698707153 150775763552 153852819951 156929876350 160006932749 163083989148 166161045547 169238101946 172315158345 175392214744 178469271143 181546327542 184623383941 187700440340 190777496739 193854553138 196931609537 200008665936 203085722335 206162778734 209239835133 212316891532 215393947931 218471004330 221548060729 224625117128 227702173527 230779229926 233856286325 236933342724 240010399123
Case #41: 1
Case #42: 1 42876 85751 128626 171501 214376 257251 300126 343001 385876 428751 471626 514501 557376 600251 643126 686001 728876 771751 814626 857501 900376 943251 986126 1029001 1071876 1114751 1157626 1200501 1243376 1286251 1329126 1372001 1414876 1457751
Case #43: 1 101 201 301 401 501 601 701 801 901 1001 1101 1201 1301 1401 1501 1601 1701 1801 1901 2001 2101 2201 2301 2401 2501 2601 2701 2801 2901 3001 3101 3201 3301 3401 3501 3601 3701 3801 3901 4001 4101 4201 4301 4401 4501 4601 4701 4801 4901 5001 5101 5201 5301 5401 5501 5601 5701 5801 5901 6001 6101 6201 6301 6401 6501 6601 6701 6801 6901 7001 7101 7201 7301 7401 7501 7601 7701 7801 7901 8001 8101 8201 8301 8401 8501 8601 8701 8801 8901 9001 9101 9201 9301 9401 9501 9601 9701 9801 9901
Case #44: 1 1601 3201 4801 6401 8001 9601 11201 12801 14401 16001 17601 19201 20801 22401 24001 25601 27201 28801 30401 32001 33601 35201 36801 38401 40001 41601 43201 44801 46401 48001 49601 51201 52801 54401 56001 57601 59201 60801 62401
Case #45: 1 433626201010 867252402019 1300878603028 1734504804037 2168131005046 2601757206055 3035383407064 3469009608073 3902635809082 4336262010091 4769888211100 5203514412109 5637140613118 6070766814127 6504393015136 6938019216145 7371645417154 7805271618163 8238897819172 8672524020181 9106150221190 9539776422199 9973402623208 10407028824217 10840655025226 11274281226235 11707907427244 12141533628253 12575159829262 13008786030271 13442412231280 13876038432289 14309664633298 14743290834307 15176917035316 15610543236325 16044169437334 16477795638343 16911421839352 17345048040361 17778674241370 18212300442379 18645926643388 19079552844397 19513179045406 19946805246415 20380431447424 20814057648433 21247683849442 21681310050451 22114936251460 22548562452469 22982188653478 23415814854487 23849441055496 24283067256505 24716693457514 25150319658523 25583945859532 26017572060541 26451198261550 26884824462559 27318450663568 27752076864577 28185703065586 28619329266595 29052955467604 29486581668613 29920207869622 30353834070631 30787460271640 31221086472649 31654712673658 32088338874667 32521965075676 32955591276685 33389217477694 33822843678703 34256469879712 34690096080721 35123722281730 35557348482739 35990974683748 36424600884757 36858227085766 37291853286775
Case #46: 1 2 3 4 5 6 7 8 9 10 11 12 13 14 15 16 17 18 19 20 21 22 23 24 25 26 27 28 29 30 31 32 33 34 35
Case #47: 1 98867482625 197734965249 296602447873 395469930497 494337413121 593204895745 692072378369 790939860993 889807343617 988674826241 1087542308865 1186409791489 1285277274113 1384144756737 1483012239361 1581879721985 1680747204609 1779614687233 1878482169857 1977349652481 2076217135105 2175084617729 2273952100353 2372819582977 2471687065601 2570554548225 2669422030849 2768289513473 2867156996097 2966024478721 3064891961345 3163759443969 3262626926593 3361494409217 3460361891841 3559229374465 3658096857089 3756964339713 3855831822337 3954699304961 4053566787585 4152434270209 4251301752833 4350169235457 4449036718081 4547904200705 4646771683329 4745639165953 4844506648577 4943374131201 5042241613825 5141109096449 5239976579073 5338844061697 5437711544321 5536579026945 5635446509569 5734313992193 5833181474817 5932048957441 6030916440065 6129783922689 6228651405313 6327518887937 6426386370561 6525253853185 6624121335809
Case #48: 1 75418890626 150837781251 226256671876 301675562501 377094453126 452513343751 527932234376 603351125001 678770015626 754188906251 829607796876 905026687501 980445578126 1055864468751 1131283359376 1206702250001 1282121140626 1357540031251 1432958921876 1508377812501 1583796703126 1659215593751 1734634484376 1810053375001 1885472265626 1960891156251 2036310046876 2111728937501 2187147828126 2262566718751 2337985609376 2413404500001 2488823390626 2564242281251 2639661171876 2715080062501 2790498953126 2865917843751 2941336734376 3016755625001 3092174515626 3167593406251 3243012296876 3318431187501 3393850078126 3469268968751 3544687859376 3620106750001 3695525640626 3770944531251 3846363421876 3921782312501 3997201203126 4072620093751 4148038984376 4223457875001 4298876765626 4374295656251 4449714546876 4525133437501 4600552328126 4675971218751 4751390109376 4826809000001
Case #49: 1 1000000000000001 2000000000000001 3000000000000001 4000000000000001 5000000000000001 6000000000000001 7000000000000001 8000000000000001 9000000000000001
Case #50: 1 205891132094650 411782264189299
Case #51: 1 32 63 94 125 156 187 218 249 280 311 342 373 404 435 466 497 528 559 590 621 652 683 714 745 776 807 838 869 900 931
Case #52: 1 1125899906842625
Case #53: 1 68719476737 137438953473 206158430209 274877906945 343597383681 412316860417 481036337153 549755813889 618475290625 687194767361 755914244097 824633720833 893353197569 962072674305 1030792151041 1099511627777 1168231104513 1236950581249 1305670057985 1374389534721 1443109011457 1511828488193 1580547964929 1649267441665 1717986918401 1786706395137 1855425871873 1924145348609 1992864825345 2061584302081 2130303778817 2199023255553 2267742732289 2336462209025 2405181685761 2473901162497 2542620639233 2611340115969 2680059592705 2748779069441 2817498546177 2886218022913 2954937499649 3023656976385 3092376453121 3161095929857 3229815406593 3298534883329 3367254360065 3435973836801 3504693313537 3573412790273 3642132267009 3710851743745 3779571220481 3848290697217 3917010173953 3985729650689 4054449127425 4123168604161 4191888080897 4260607557633 4329327034369
Case #54: 1 2 3 4
Case #55: 1 2 3 4 5 6 7 8 9 10 11 12 13 14 15 16 17 18 19 20 21 22 23 24 25 26 27 28 29 30 31 32 33 34 35 36 37 38 39 40 41 42 43 44
Case #56: 1 1370114370683137 2740228741366273 4110343112049409 5480457482732545 6850571853415681 8220686224098817 9590800594781953 10960914965465089 12331029336148225 13701143706831361 15071258077514497 16441372448197633 17811486818880769 19181601189563905 20551715560247041 21921829930930177 23291944301613313 24662058672296449 26032173042979585 27402287413662721 28772401784345857 30142516155028993 31512630525712129 32882744896395265 34252859267078401 35622973637761537 36993088008444673 38363202379127809 39733316749810945 41103431120494081 42473545491177217 43843659861860353 45213774232543489 46583888603226625 47954002973909761 49324117344592897 50694231715276033 52064346085959169 53434460456642305 54804574827325441 56174689198008577 57544803568691713 58914917939374849 60285032310057985 61655146680741121 63025261051424257 64395375422107393 65765489792790529 67135604163473665 68505718534156801 69875832904839937 71245947275523073 72616061646206209 73986176016889345 75356290387572481 76726404758255617 78096519128938753 79466633499621889 80836747870305025 82206862240988161 83576976611671297 84947090982354433 86317205353037569 87687319723720705 89057434094403841 90427548465086977 91797662835770113 93167777206453249 94537891577136385 95908005947819521 97278120318502657 98648234689185793 100018349059868929 101388463430552065 102758577801235201 104128692171918337 105498806542601473
Case #57: 1 3
Case #58: 1 86 171 256 341 426 511 596 681 766 851 936 1021 1106 1191 1276 1361 1446 1531 1616 1701 1786 1871 1956 2041 2126 2211 2296 2381 2466 2551 2636 2721 2806 2891 2976 3061 3146 3231 3316 3401 3486 3571 3656 3741 3826 3911 3996 4081 4166 4251 4336 4421 4506 4591 4676 4761 4846 4931 5016 5101 5186 5271 5356 5441 5526 5611 5696 5781 5866 5951 6036 6121 6206 6291 6376 6461 6546 6631 6716 6801 6886 6971 7056 7141
Case #59: 1 13492928513 26985857025 40478785537 53971714049 67464642561 80957571073 94450499585 107943428097 121436356609 134929285121 148422213633 161915142145 175408070657 188900999169 202393927681 215886856193 229379784705 242872713217 256365641729 269858570241 283351498753 296844427265 310337355777 323830284289 337323212801 350816141313 364309069825
Case #60: 1 7984925229122 15969850458243 23954775687364 31939700916485 39924626145606 47909551374727 55894476603848 63879401832969 71864327062090 79849252291211 87834177520332 95819102749453 103804027978574 111788953207695 119773878436816 127758803665937 135743728895058 143728654124179 151713579353300 159698504582421 167683429811542 175668355040663 183653280269784 191638205498905 199623130728026 207608055957147 215592981186268 223577906415389 231562831644510 239547756873631 247532682102752 255517607331873 263502532560994 271487457790115 279472383019236 287457308248357 295442233477478 303427158706599 311412083935720 319397009164841
Case #61: 1 60466177 120932353 181398529 241864705 302330881
Case #62: 1 9
Case #63: 1 1297 2593 3889 5185 6481
Case #64: 1 51676101935732 103352203871463 155028305807194 206704407742925 258380509678656 310056611614387 361732713550118 413408815485849 465084917421580 516761019357311 568437121293042 620113223228773 671789325164504 723465427100235 775141529035966 826817630971697 878493732907428 930169834843159 981845936778890 1033522038714621 1085198140650352 1136874242586083 1188550344521814 1240226446457545 1291902548393276 1343578650329007 1395254752264738 1446930854200469 1498606956136200 1550283058071931 1601959160007662 1653635261943393 1705311363879124 1756987465814855 1808663567750586 1860339669686317 1912015771622048 1963691873557779 2015367975493510 2067044077429241 2118720179364972 2170396281300703 2222072383236434 2273748485172165 2325424587107896 2377100689043627 2428776790979358 2480452892915089 2532128994850820 2583805096786551 2635481198722282 2687157300658013 2738833402593744 2790509504529475 2842185606465206 2893861708400937 2945537810336668 2997213912272399 3048890014208130 3100566116143861 3152242218079592 3203918320015323 3255594421951054 3307270523886785 3358946625822516 3410622727758247 3462298829693978 3513974931629709 3565651033565440 3617327135501171 3669003237436902 3720679339372633 3772355441308364 3824031543244095 3875707645179826 3927383747115557 3979059849051288 4030735950987019 4082412052922750 4134088154858481 4185764256794212 4237440358729943 4289116460665674 4340792562601405 4392468664537136 4444144766472867 4495820868408598 4547496970344329 4599173072280060 4650849174215791
Case #65: 1 513798374428642 1027596748857283 1541395123285924 2055193497714565 2568991872143206 3082790246571847 3596588621000488 4110386995429129 4624185369857770 5137983744286411 5651782118715052 6165580493143693 6679378867572334 7193177242000975 7706975616429616 8220773990858257 8734572365286898 9248370739715539 9762169114144180 10275967488572821 10789765863001462 11303564237430103 11817362611858744 12331160986287385 12844959360716026 13358757735144667 13872556109573308 14386354484001949 14900152858430590 15413951232859231 15927749607287872 16441547981716513 16955346356145154 17469144730573795 17982943105002436 18496741479431077 19010539853859718 19524338228288359 20038136602717000 20551934977145641 21065733351574282 21579531726002923 22093330100431564 22607128474860205 23120926849288846 23634725223717487 24148523598146128 24662321972574769 25176120347003410 25689918721432051 26203717095860692 26717515470289333 27231313844717974 27745112219146615 28258910593575256 28772708968003897 29286507342432538 29800305716861179 30314104091289820 30827902465718461 31341700840147102 31855499214575743 32369297589004384 32883095963433025 33396894337861666 33910692712290307 34424491086718948 34938289461147589
Case #66: 1 2758547353515626 5517094707031251 8275642060546876 11034189414062501 13792736767578126 16551284121093751 19309831474609376 22068378828125001 24826926181640626 27585473535156251 30344020888671876 33102568242187501 35861115595703126 38619662949218751 41378210302734376 44136757656250001 46895305009765626 49653852363281251 52412399716796876 55170947070312501 57929494423828126 60688041777343751 63446589130859376 66205136484375001 68963683837890626 71722231191406251 74480778544921876 77239325898437501 79997873251953126 82756420605468751 85514967958984376 88273515312500001 91032062666015626 93790610019531251
Case #67: 1 551369 1102737 1654105 2205473 2756841 3308209 3859577 4410945 4962313 5513681 6065049 6616417 7167785 7719153 8270521 8821889 9373257 9924625 10475993 11027361 11578729 12130097 12681465 13232833 13784201 14335569 14886937 15438305 15989673 16541041 17092409 17643777 18195145 18746513 19297881 19849249 20400617 20951985 21503353 22054721 22606089 23157457 23708825 24260193 24811561 25362929 25914297 26465665 27017033 27568401 28119769 28671137 29222505 29773873 30325241 30876609 31427977 31979345 32530713 33082081 33633449 34184817 34736185 35287553 35838921 36390289 36941657 37493025 38044393 38595761 39147129 39698497 40249865 40801233 41352601 41903969 42455337 43006705 43558073 44109441 44660809
Case #68: 1 288230376151711745
Case #69: 1 9039207969 18078415937 27117623905 36156831873 45196039841 54235247809 63274455777 72313663745 81352871713 90392079681 99431287649 108470495617 117509703585 126548911553 135588119521 144627327489 153666535457 162705743425 171744951393 180784159361 189823367329 198862575297 207901783265 216940991233 225980199201 235019407169 244058615137 253097823105 262137031073 271176239041 280215447009 289254654977 298293862945 307333070913 316372278881 325411486849 334450694817 343489902785 352529110753 361568318721 370607526689 379646734657 388685942625 397725150593 406764358561 415803566529 424842774497 433881982465 442921190433 451960398401 460999606369 470038814337 479078022305 488117230273 497156438241 506195646209 515234854177 524274062145 533313270113 542352478081 551391686049 560430894017 569470101985 578509309953 587548517921 596587725889 605626933857 614666141825 623705349793 632744557761 641783765729 650822973697 659862181665 668901389633 677940597601 686979805569 696019013537 705058221505 714097429473 723136637441 732175845409 741215053377 750254261345 759293469313 768332677281 777371885249 786411093217 795450301185 804489509153 813528717121 822567925089 831607133057 840646341025 849685548993 858724756961 867763964929 876803172897
Case #70: 1 15407021574586369 30814043149172737 46221064723759105 61628086298345473 77035107872931841 92442129447518209 107849151022104577 123256172596690945 138663194171277313 154070215745863681 169477237320450049
Case #71: 1 10000000000000001 20000000000000001 30000000000000001 40000000000000001 50000000000000001 60000000000000001 70000000000000001 80000000000000001 90000000000000001
Case #72: 1 10030613004289 20061226008577 30091839012865 40122452017153 50153065021441 60183678025729 70214291030017 80244904034305 90275517038593 100306130042881 110336743047169 120367356051457 130397969055745 140428582060033 150459195064321 160489808068609 170520421072897 180551034077185 190581647081473 200612260085761 210642873090049 220673486094337 230704099098625 240734712102913 250765325107201 260795938111489 270826551115777 280857164120065 290887777124353 300918390128641 310949003132929 320979616137217 331010229141505 341040842145793 351071455150081 361102068154369 371132681158657 381163294162945 391193907167233 401224520171521 411255133175809 421285746180097 431316359184385 441346972188673 451377585192961 461408198197249 471438811201537 481469424205825 491500037210113 501530650214401 511561263218689 521591876222977 531622489227265 541653102231553 551683715235841 561714328240129 571744941244417 581775554248705 591806167252993 601836780257281 611867393261569 621898006265857 631928619270145 641959232274433 651989845278721 662020458283009 672051071287297 682081684291585 692112297295873 702142910300161 712173523304449
Case #73: 1 4826810 9653619 14480428 19307237 24134046 28960855 33787664 38614473 43441282 48268091 53094900 57921709
Case #74: 1 100000000000000001 200000000000000001 300000000000000001 400000000000000001 500000000000000001 600000000000000001 700000000000000001 800000000000000001 900000000000000001
Case #75: 1 2 3
Case #76: 1 175617 351233 526849 702465 878081 1053697 1229313 1404929 1580545 1756161 1931777 2107393 2283009 2458625 2634241 2809857 2985473 3161089 3336705 3512321 3687937 3863553 4039169 4214785 4390401 4566017 4741633 4917249 5092865 5268481 5444097 5619713 5795329 5970945 6146561 6322177 6497793 6673409 6849025 7024641 7200257 7375873 7551489 7727105 7902721 8078337 8253953 8429569 8605185 8780801 8956417 9132033 9307649 9483265 9658881
Case #77: 1 2 3 4 5 6 7 8 9 10 11 12 13 14 15 16 17 18 19 20 21 22 23 24 25 26 27 28 29 30 31 32 33 34 35 36 37 38 39 40 41 42 43 44 45 46 47 48 49 50 51 52 53 54 55 56 57 58 59 60 61 62 63 64 65 66 67 68 69 70 71 72 73 74 75 76 77 78 79 80 81 82 83 84 85 86 87 88 89 90 91 92 93 94 95 96 97 98 99 100
Case #78: 1 2 3 4 5 6 7 8 9 10 11 12 13 14 15 16 17 18 19 20 21 22 23 24 25 26 27 28 29 30 31 32 33 34 35 36 37 38 39 40 41 42 43 44 45 46 47 48 49 50 51 52 53 54 55 56 57 58 59 60 61 62 63 64 65 66 67 68 69 70 71 72 73 74 75 76 77 78 79 80
Case #79: 1 562949953421313
Case #80: 1 274877906945
Case #81: 1 10001 20001 30001 40001 50001 60001 70001 80001 90001 100001 110001 120001 130001 140001 150001 160001 170001 180001 190001 200001 210001 220001 230001 240001 250001 260001 270001 280001 290001 300001 310001 320001 330001 340001 350001 360001 370001 380001 390001 400001 410001 420001 430001 440001 450001 460001 470001 480001 490001 500001 510001 520001 530001 540001 550001 560001 570001 580001 590001 600001 610001 620001 630001 640001 650001 660001 670001 680001 690001 700001 710001 720001 730001 740001 750001 760001 770001 780001 790001 800001 810001 820001 830001 840001 850001 860001 870001 880001 890001 900001 910001 920001 930001 940001 950001 960001 970001 980001 990001
Case #82: 1 3936588805702082 7873177611404163 11809766417106244 15746355222808325 19682944028510406 23619532834212487 27556121639914568 31492710445616649 35429299251318730 39365888057020811 43302476862722892 47239065668424973 51175654474127054 55112243279829135 59048832085531216 62985420891233297 66922009696935378 70858598502637459 74795187308339540 78731776114041621 82668364919743702 86604953725445783 90541542531147864 94478131336849945 98414720142552026 102351308948254107 106287897753956188 110224486559658269 114161075365360350 118097664171062431 122034252976764512 125970841782466593 129907430588168674 133844019393870755 137780608199572836 141717197005274917 145653785810976998 149590374616679079 153526963422381160 157463552228083241 161400141033785322 165336729839487403 169273318645189484 173209907450891565 177146496256593646 181083085062295727 185019673867997808 188956262673699889 192892851479401970 196829440285104051 200766029090806132 204702617896508213 208639206702210294 212575795507912375 216512384313614456 220448973119316537 224385561925018618 228322150730720699 232258739536422780 236195328342124861 240131917147826942 244068505953529023 248005094759231104 251941683564933185 255878272370635266 259814861176337347 263751449982039428 267688038787741509 271624627593443590 275561216399145671 279497805204847752 283434394010549833 287370982816251914 291307571621953995 295244160427656076 299180749233358157 303117338039060238 307053926844762319 310990515650464400 314927104456166481 318863693261868562 322800282067570643 326736870873272724 330673459678974805 334610048484676886 338546637290378967 342483226096081048 346419814901783129
Case #83: 1 71639297 143278593 214917889 286557185 358196481 429835777 501475073 573114369 644753665 716392961 788032257 859671553 931310849 1002950145 1074589441 1146228737 1217868033 1289507329 1361146625 1432785921 1504425217 1576064513 1647703809 1719343105 1790982401 1862621697 1934260993 2005900289 2077539585 2149178881 2220818177 2292457473 2364096769 2435736065 2507375361 2579014657 2650653953 2722293249 2793932545 2865571841 2937211137 3008850433 3080489729 3152129025 3223768321 3295407617 3367046913 3438686209 3510325505 3581964801 3653604097 3725243393 3796882689 3868521985 3940161281 4011800577 4083439873 4155079169 4226718465 4298357761 4369997057 4441636353 4513275649 4584914945 4656554241 4728193537 4799832833 4871472129 4943111425 5014750721 5086390017 5158029313 5229668609 5301307905 5372947201 5444586497 5516225793 5587865089 5659504385 5731143681 5802782977 5874422273 5946061569 6017700865 6089340161 6160979457 6232618753 6304258049 6375897345 6447536641 6519175937
Case #84: 1 10001 20001 30001 40001 50001 60001 70001 80001 90001
Case #85: 1 17 33 49
Case #86: 1 20971520000001 41943040000001 62914560000001 83886080000001 104857600000001 125829120000001 146800640000001 167772160000001 188743680000001 209715200000001 230686720000001 251658240000001 272629760000001 293601280000001 314572800000001 335544320000001 356515840000001 377487360000001 398458880000001 419430400000001 440401920000001 461373440000001 482344960000001 503316480000001 524288000000001 545259520000001 566231040000001 587202560000001 608174080000001 629145600000001 650117120000001 671088640000001 692060160000001 713031680000001 734003200000001 754974720000001 775946240000001 796917760000001 817889280000001 838860800000001 859832320000001 880803840000001 901775360000001 922746880000001 943718400000001 964689920000001 985661440000001 1006632960000001 1027604480000001 1048576000000001 1069547520000001 1090519040000001 1111490560000001 1132462080000001 1153433600000001 1174405120000001 1195376640000001 1216348160000001 1237319680000001 1258291200000001 1279262720000001 1300234240000001 1321205760000001 1342177280000001 1363148800000001 1384120320000001 1405091840000001 1426063360000001 1447034880000001 1468006400000001 1488977920000001 1509949440000001 1530920960000001 1551892480000001 1572864000000001 1593835520000001 1614807040000001 1635778560000001 1656750080000001
Case #87: 1
Case #88: 1 3250 6499 9748 12997 16246 19495 22744 25993 29242 32491 35740 38989 42238 45487 48736 51985 55234 58483 61732 64981 68230 71479 74728 77977 81226 84475 87724 90973 94222 97471 100720 103969 107218 110467 113716 116965 120214 123463 126712 129961 133210 136459 139708 142957 146206 149455 152704 155953 159202 162451 165700 168949 172198 175447 178696 181945
Case #89: 1 72 143 214 285 356 427 498 569 640 711 782 853 924 995 1066 1137 1208 1279 1350 1421 1492 1563 1634 1705 1776 1847 1918 1989 2060 2131 2202 2273 2344 2415 2486 2557 2628 2699 2770 2841 2912 2983 3054 3125 3196 3267 3338 3409 3480 3551 3622 3693 3764 3835 3906 3977 4048 4119 4190 4261 4332 4403 4474 4545 4616 4687 4758 4829 4900 4971
Case #90: 1 62259690411362 124519380822723 186779071234084 249038761645445 311298452056806 373558142468167 435817832879528 498077523290889 560337213702250 622596904113611 684856594524972 747116284936333 809375975347694 871635665759055 933895356170416 996155046581777 1058414736993138 1120674427404499 1182934117815860 1245193808227221 1307453498638582 1369713189049943 1431972879461304 1494232569872665 1556492260284026 1618751950695387 1681011641106748 1743271331518109 1805531021929470 1867790712340831 1930050402752192 1992310093163553 2054569783574914 2116829473986275 2179089164397636 2241348854808997 2303608545220358 2365868235631719 2428127926043080 2490387616454441 2552647306865802 2614906997277163 2677166687688524 2739426378099885 2801686068511246 2863945758922607 2926205449333968 2988465139745329 3050724830156690 3112984520568051 3175244210979412 3237503901390773
Case #91: 1 2 3 4 5 6 7 8 9 10 11 12 13 14 15 16 17 18 19 20 21 22 23 24 25 26 27 28 29 30 31 32 33 34 35 36 37 38 39 40 41 42 43 44 45 46 47 48 49 50 51
Case #92: 1 100000000000001 200000000000001 300000000000001 400000000000001 500000000000001 600000000000001 700000000000001 800000000000001 900000000000001 1000000000000001 1100000000000001 1200000000000001 1300000000000001 1400000000000001 1500000000000001 1600000000000001 1700000000000001 1800000000000001 1900000000000001 2000000000000001 2100000000000001 2200000000000001 2300000000000001 2400000000000001 2500000000000001 2600000000000001 2700000000000001 2800000000000001 2900000000000001 3000000000000001 3100000000000001 3200000000000001 3300000000000001 3400000000000001 3500000000000001 3600000000000001 3700000000000001 3800000000000001 3900000000000001 4000000000000001 4100000000000001 4200000000000001 4300000000000001 4400000000000001 4500000000000001 4600000000000001 4700000000000001 4800000000000001 4900000000000001 5000000000000001 5100000000000001 5200000000000001 5300000000000001 5400000000000001 5500000000000001 5600000000000001 5700000000000001 5800000000000001 5900000000000001 6000000000000001 6100000000000001 6200000000000001 6300000000000001 6400000000000001 6500000000000001 6600000000000001 6700000000000001 6800000000000001 6900000000000001 7000000000000001 7100000000000001 7200000000000001 7300000000000001 7400000000000001 7500000000000001 7600000000000001 7700000000000001 7800000000000001 7900000000000001 8000000000000001 8100000000000001 8200000000000001 8300000000000001 8400000000000001 8500000000000001 8600000000000001 8700000000000001 8800000000000001 8900000000000001 9000000000000001 9100000000000001 9200000000000001 9300000000000001 9400000000000001 9500000000000001 9600000000000001 9700000000000001 9800000000000001 9900000000000001
Case #93: 1
Case #94: 1 191707312997282 383414625994563 575121938991844 766829251989125 958536564986406 1150243877983687 1341951190980968 1533658503978249 1725365816975530 1917073129972811 2108780442970092 2300487755967373 2492195068964654 2683902381961935 2875609694959216 3067317007956497 3259024320953778 3450731633951059 3642438946948340 3834146259945621 4025853572942902 4217560885940183 4409268198937464 4600975511934745 4792682824932026 4984390137929307 5176097450926588 5367804763923869 5559512076921150 5751219389918431 5942926702915712 6134634015912993 6326341328910274 6518048641907555 6709755954904836 6901463267902117 7093170580899398 7284877893896679 7476585206893960 7668292519891241 7859999832888522 8051707145885803 8243414458883084 8435121771880365 8626829084877646 8818536397874927 9010243710872208 9201951023869489 9393658336866770 9585365649864051 9777072962861332 9968780275858613 10160487588855894 10352194901853175 10543902214850456 10735609527847737 10927316840845018 11119024153842299 11310731466839580 11502438779836861
Case #95: 1
Case #96: 1
Case #97: 1 65
Case #98: 1 62742242 125484483 188226724 250968965 313711206 376453447 439195688 501937929 564680170 627422411 690164652 752906893 815649134 878391375 941133616 1003875857 1066618098 1129360339 1192102580 1254844821 1317587062 1380329303 1443071544 1505813785 1568556026 1631298267 1694040508 1756782749 1819524990 1882267231 1945009472 2007751713 2070493954 2133236195 2195978436 2258720677 2321462918 2384205159 2446947400 2509689641 2572431882 2635174123 2697916364 2760658605 2823400846 2886143087 2948885328 3011627569 3074369810 3137112051 3199854292 3262596533 3325338774 3388081015 3450823256 3513565497 3576307738 3639049979 3701792220 3764534461 3827276702 3890018943 3952761184 4015503425 4078245666 4140987907 4203730148 4266472389 4329214630 4391956871 4454699112 4517441353 4580183594 4642925835 4705668076 4768410317 4831152558 4893894799 4956637040 5019379281 5082121522 5144863763 5207606004 5270348245 5333090486 5395832727 5458574968 5521317209
Case #99: 1 43046722 86093443 129140164 172186885 215233606 258280327 301327048 344373769
Case #100: 1 2 3 4 5 6 7 8 9 10 11 12 13 14 15 16 17 18 19 20 21 22 23 24 25 26 27 28 29 30 31 32 33 34 35 36 37 38