30 33
-1 -1 -2 -1 -1 -1 318889733 -2 -2 -2 192230396 -2 -1 -2 -1 205485395 -2 -2 -2 -2 -2 -2 -2 -1 -2 -1 -2 -2 -1 -2 985807194 -1 -2
-2 -1 -1 -2 -2 -1 145682486 -2 -2 -2 -2 -1 154649961 -2 -1 -1 47692226 -2 -1 -2 -2 702711933 -2 -1 -1 -2 -2 -2 -2 -2 -1 -2 -1
-2 -1 -1 -2 -2 -2 -1 -2 239732427 -2 -2 -2 -1 -1 -2 -2 -2 -1 -1 72422746 -1 -2 -2 -1 -2 -2 -1 -2 -1 -1 108391086 -2 -2
-1 -1 138417111 -1 -2 -2 -2 -2 -1 -2 -1 -2 306450452 663698054 -1 274705654 -1 -1 -2 -2 -1 -1 -2 -2 -2 -1 -2 -1 -2 -2 -1 -1 -1
202849151 -1 -2 861244875 108026877 -2 -2 -2 -2 -1 -2 -2 -1 -1 -1 -2 -1 -2 -2 357840652 32115016 -2 -1 -2 -2 -2 -2 -2 -2 -2 -2 213941585 -1
-2 -2 -2 801745795 -1 -2 -2 -2 -2 -2 -2 -2 -2 -1 -2 -2 -2 -2 325327291 -2 -2 -2 -1 -2 -2 -2 -2 -2 971752497 -1 -2 31500756 118992192
-2 -2 -1 -1 -2 -1 -2 747796920 -2 -1 -2 -2 -2 -1 -2 -2 -1 -2 493900739 -2 52527478 -1 -2 533960626 -1 -1 -1 -1 134490082 -1 -2 -2 -2
-2 -2 -1 -1 -2 -2 -2 -2 -2 -1 658339341 -2 -2 -2 -1 -2 -2 -2 -2 -2 -2 -2 -2 -1 -2 -1 -2 -1 -1 -2 -2 -1 -2
-2 -2 666843666 -2 -2 -1 -2 -2 -2 -2 -1 -2 -1 -1 -2 -1 -2 -2 -2 -2 -2 -2 -2 -2 -1 830328043 -2 -1 -2 -2 -2 -2 -2
-2 -1 -1 -2 -2 -2 -1 -1 -2 -2 507057321 -2 -2 -2 -2 623393844 -1 -1 -2 -1 -1 -2 -2 -1 -2 -1 -2 979560779 -2 -2 -1 -2 -2
-1 -2 -2 -1 662335089 -2 -2 -1 -2 -2 -2 147307709 -1 -2 -2 -2 -2 -1 -2 -1 -1 979187777 -1 -1 47949721 -2 827569225 -2 -2 -1 -2 -2 -1
-1 265194075 -1 -2 39526191 -2 -2 -1 -2 -1 -2 -1 685742258 -1 -2 -2 -2 -2 -2 -2 407340737 -2 -1 -1 -1 -2 -2 -2 -1 -2 902134634 -2 -1
-1 -2 -1 -1 -2 -2 -1 -1 -2 -1 -2 -2 -2 -2 312552244 -2 -2 -1 -1 -1 -2 -2 -2 -1 -1 -2 -1 -2 -1 -2 -2 -2 -1
-1 -2 -2 -1 -1 -2 -2 -2 -1 -1 -1 -2 -2 -1 -2 -2 -2 -2 -2 -2 -1 -1 -1 -1 -2 -1 -1 -1 -2 -1 -2 -1 -1
-1 -1 -2 -2 -2 -2 -2 -1 -2 -2 -1 -2 -1 -1 -2 -2 -1 -1 -1 -1 -2 -2 -2 623607993 -2 437088009 -1 -1 -1 -1 -2 -1 -1
-2 -1 -2 -1 -2 -2 425975005 -1 -1 -1 -2 -1 807483158 -2 67352763 -2 239972449 -2 -2 -1 -2 -2 -1 -1 -2 -2 -1 -2 -2 -2 -1 -2 -2
-1 -2 -2 -2 111705307 -1 -2 -2 -1 -2 -1 -1 198242950 -1 -1 -1 472678358 -2 128605680 -1 -1 29379515 -2 -2 -2 -2 -2 -1 -2 -2 -2 -1 -2
-1 -1 -2 -1 -2 -2 -1 -2 -1 987234004 -2 -2 -2 -2 -2 -1 -1 -2 -2 -1 -2 -1 -1 -1 -1 -2 -1 -2 -2 -1 -2 -1 -2
884591041 -2 -2 -2 -2 -1 -2 -1 338267603 -2 -1 427707810 -2 -2 -2 -1 -1 -1 -2 -2 -2 394057983 39333562 -2 -1 -2 -1 -1 -1 -1 -1 -2 -1
-2 -2 -1 -2 -2 -2 -2 -2 -1 -2 -1 333268234 -2 -2 -2 741767408 -2 -2 -2 -2 -2 -1 -1 -2 -2 -2 -2 -2 -2 -2 -1 -2 -1
-2 -1 -1 -2 -2 -2 -2 -1 -2 -1 -2 -2 -2 -2 -2 -2 -1 -2 -1 -2 500418128 -2 -1 -2 -2 -2 -2 -2 -1 -2 -1 -1 -2
-1 -2 -1 -1 -2 -1 -2 563152756 -1 -2 -1 -1 -2 -2 -2 -2 -1 -2 -1 -2 -2 248228823 -1 -2 893680780 -2 -2 -1 -2 -2 -1 -2 -2
-1 -2 -2 -2 -2 -2 -1 125991725 -2 -2 -2 -2 -2 -1 -2 -2 -1 -2 -1 -2 808708497 -2 358453679 -2 -1 -2 -1 -2 -1 -2 -1 -1 150844984
-2 -2 -1 -1 -1 -2 -2 -2 -2 -1 -1 -2 -2 -1 -2 -1 -1 -2 -1 -1 -1 575766372 -2 -1 -2 -1 704796792 -2 -2 -2 741178127 -2 -2
-2 -2 -1 -2 -2 -2 -2 -2 -2 -2 -2 -2 -1 -1 -2 382751912 118571272 -2 -2 -2 -1 -1 -1 136738572 -2 -2 5154107 -2 -2 -1 -2 -2 -2
270372321 -1 -1 -2 -2 -2 -2 -2 -1 -2 -2 -2 -2 -1 -2 516502773 -2 -2 -2 930811066 -2 -2 -2 -2 -2 -1 -2 -2 -2 -2 -2 -2 -1
-2 -2 -2 -1 -2 -1 -2 -2 -2 -2 -2 -2 -1 447115052 -2 -2 -2 -1 663684446 -1 -2 -2 -2 590062830 -2 -1 -2 -1 -1 -2 -2 367474417 -2
-1 -2 -2 -2 -1 -2 -2 -2 790430967 -1 -1 -1 -2 -2 -1 -1 -2 -2 -2 -2 -1 -1 -1 -2 -2 -1 -1 -2 -2 -2 -1 -2 -2
-2 -2 -2 -1 -2 -2 -1 -2 -1 -2 -2 -2 -2 -2 -2 -2 -2 -2 269194360 -1 -2 561324764 -2 -1 -2 -1 -1 662612788 -2 -2 -2 -2 -1
-2 -1 -2 -2 652161860 -1 -2 -2 -1 176615568 -1 769512169 -2 -1 -2 -1 -2 -2 -2 -1 -2 -2 -2 -2 -2 -2 -2 -2 -2 -2 -1 -1 -1
