57 87
-1 900644726 -1 -2 -1 -2 -2 -1 -1 -2 -2 -2 -1 -1 -2 -1 -1 273410411 -2 -2 159760951 -2 -2 -2 -2 -1 -2 -1 -1 -1 -1 -1 -2 -2 -2 -1 -1 -1 -2 -1 -2 -2 -1 521459214 -2 -2 -2 -2 -2 -1 -2 848091779 -1 -1 -1 -1 -2 -2 -1 -2 -2 371018468 -2 -1 -1 -1 -2 395934653 -2 -2 -2 -2 -1 23379362 -2 -1 -2 -2 -2 -2 -1 -2 -2 -1 -2 -2 905087573
-2 -2 -1 634504669 560730601 -2 -2 -2 -2 -2 -2 -2 -1 -2 -2 -1 -1 -2 -1 -1 -2 -2 -1 -1 -2 -2 -1 -2 -1 -1 -1 72988333 -2 -2 -1 150470266 -1 -1 -2 -2 725896001 -2 -1 -2 -2 584359013 -2 -1 -2 -2 -1 -2 -2 184130198 -1 -2 -2 -1 -1 -1 -2 -1 144859393 -2 -1 -1 -1 -2 -2 -1 -2 -1 -1 -2 -2 -2 -1 -1 -2 -2 -2 -2 -1 -2 479780289 -2 -1
-2 -2 -1 -1 -1 -2 -2 -1 -2 -1 -1 624786212 -1 -2 -2 -1 11376362 -1 -1 -1 -1 -2 -2 -1 -2 -1 947030869 -1 -2 -2 763461877 -2 -2 -1 -2 -2 -2 -1 -2 -1 -2 -2 -2 -2 -1 -1 -1 -1 -1 368723885 883950301 -2 -2 -2 -1 -2 424263750 875081309 -2 -2 -2 -1 -2 -2 -2 -2 -2 -2 -1 -2 -2 -1 205354941 -2 -1 -2 -2 -1 -1 -2 -2 -1 -1 -2 -2 -2 50540252
-2 -2 -2 -2 -1 -1 -2 -2 -1 328390318 -1 -2 -2 -1 -1 -1 -2 -1 -2 -2 -2 792819416 -2 -2 -2 -1 -2 -2 -2 645577755 -2 640150192 -1 -1 -2 -1 -2 -1 -1 -1 -1 -1 -2 86372227 -1 -2 332797007 -2 502761228 -2 -2 -2 -2 -2 500943257 -2 -1 -2 283777725 -2 709525452 -1 -2 -2 -2 -2 -2 -1 844385613 -1 -1 -2 -2 -1 -1 -1 -1 -1 692321228 -1 -2 -2 -1 -1 -1 -1 -1
-1 -2 -1 -2 -2 -1 -2 -2 -1 -2 -1 -2 -1 -1 -2 -1 -2 -1 -2 -1 -1 -1 73106794 -2 -2 -2 -1 -2 603201577 -1 -2 -2 -1 -2 -1 -1 -1 -2 -2 -2 -1 -2 -2 -1 -1 -2 -1 -1 -2 -1 -2 -2 -1 -1 -2 620349403 -2 -1 -1 -1 -2 -1 -2 -2 115772914 -2 -2 -2 -1 -1 -2 -1 -1 -1 33873884 668977451 -1 -2 -2 -1 -2 -2 -1 -2 -1 593927047 -2
-2 -2 -2 -1 -1 -2 -1 -2 915076229 618938544 -2 -2 -2 -1 -1 -1 926530899 -1 993315961 -1 -2 -2 900620330 -2 -2 -1 -1 -2 -1 -1 -2 -2 -2 900319682 -1 -2 -2 -1 -2 -1 -1 -2 -2 -1 -2 354130512 563686520 -2 -1 -2 57723230 -2 -1 -2 -2 -2 -2 -2 -2 -2 -2 -2 -2 -1 -1 -2 -1 -2 705369317 987285904 -2 -1 -1 -1 -2 -1 -2 -1 443421584 -2 89303575 -1 -1 -1 -1 -1 -1
-1 -2 -1 -2 -2 -2 -2 -1 -1 -2 -2 -1 -1 -1 -2 -2 622046940 -2 -1 200957103 -1 -1 -1 -2 -2 -1 -2 -1 -1 45488818 -2 -2 -1 -2 942177636 -2 879970002 -2 -2 -2 -1 -1 -2 -1 -1 -2 -2 -1 -2 -1 -2 -1 -2 -1 -1 895997763 -1 272764699 -1 -2 -1 206802266 -1 -1 -2 -1 -2 -1 -1 -2 -1 -2 -2 -2 -2 -1 -1 -2 210542278 507339931 -2 -2 -1 -2 -2 -2 -2
-1 -2 -2 -2 -1 -2 -2 -1 -1 -2 -2 -2 -2 -1 -2 -2 -1 -1 -2 -1 -1 -2 756951068 -2 -2 260371911 -2 -1 -1 -2 -2 -2 -1 -2 -2 -1 -2 -1 42256180 -2 -2 -1 -2 -1 115864893 -1 421818411 -2 -1 -2 -2 -1 553405189 -1 297959615 -2 -1 -2 -1 -2 -2 -1 -2 -2 774336843 301336822 -1 -2 -1 287785379 -2 -2 -1 -1 612870702 -2 -1 -1 -1 -2 384783587 -1 -2 -2 -1 -1 -1
-1 -1 -1 -1 -2 -2 -2 -2 -2 897824200 -2 -2 -2 -2 -2 -2 -2 -2 -2 -2 -2 -2 -1 -2 -1 -1 882214601 -2 -2 -1 -2 -2 -2 -2 -1 -2 -1 -2 -2 -2 -2 -1 -2 -2 -1 -1 -1 -1 789039017 -2 -2 -1 -2 -1 -2 -2 -2 -1 567482667 -2 360785176 405980040 -2 -2 -2 -2 -1 -2 -1 -1 -2 -2 -2 973480112 -2 -1 -2 -1 -2 -2 -2 -1 -1 -2 -2 -1 -2
-1 -2 -1 -1 -2 -2 -2 -1 -1 -2 736538287 -2 -1 -1 -1 -1 -1 -2 -2 -1 -1 -2 -1 -1 -2 48639330 -1 -1 -2 -2 -1 -2 -1 -1 -2 -1 705268042 -2 -1 -2 -2 -2 -2 -2 -1 -2 -1 -1 -1 502186976 -1 -2 537785870 -1 -2 -1 -1 -2 -1 -2 -2 -2 -2 -2 -2 -1 -1 -2 -1 -1 145453810 -1 -2 -2 -1 902500111 -2 -2 -2 -2 630633420 -2 -2 -2 -2 -2 -2
-1 -2 -2 -2 260289319 -1 -2 -2 883742883 -1 -1 -1 -1 -1 -1 -1 -2 -1 -2 -2 -2 -1 -1 -1 -1 -2 -2 -2 -2 -1 -1 -1 -2 -1 -1 -2 -2 -2 -2 -2 -2 -2 -2 -2 -2 -1 -1 -2 -2 -1 -2 -1 -2 -2 -2 -2 -2 -2 -1 -2 -1 -2 -2 -1 -1 -1 133867354 -2 -1 -1 417890315 -1 -1 -1 -2 744724499 -1 28840062 -1 -2 -2 -1 -2 -1 -1 -1 -2
-1 803706230 -1 -1 -1 -2 -2 -1 -2 -2 -1 -2 -1 -2 -2 -2 -1 -1 -1 -2 -2 -2 -2 -2 -2 119843953 381089285 -1 -2 -1 -2 -1 -1 -2 -2 -1 -2 968437930 -1 -1 -1 -1 -2 -1 -2 -2 -1 -2 -1 -1 465458769 -2 -1 -1 -1 -1 -2 -2 -2 -1 -1 -2 -2 -2 -1 -2 -1 -2 -2 -1 -2 -2 -2 -1 -2 -1 -1 -2 -1 -2 383907572 -1 -2 -2 -2 -2 -2
-2 -1 401835876 -2 190787026 -2 -2 -2 -2 -1 -2 549664669 -2 -2 -2 -2 -1 -2 -1 144034089 -1 485144669 -2 -1 -2 -2 -2 -2 -2 66937724 -1 932925684 -2 -2 -2 -2 -1 93588434 -1 -1 -1 -2 -1 -1 -1 -1 609203014 -2 -2 -2 -2 -2 -1 -1 -2 797877263 826230017 -1 -1 -2 340243709 -1 -1 -2 -1 -2 983811946 6805509 -1 -1 -1 -2 -2 -2 -2 -1 -2 -1 -2 -1 -1 -2 -1 -2 -2 895174677 -1
-1 -1 -2 -1 -1 -1 -1 -2 -2 -2 -1 878250615 -2 -2 -2 689895973 724340947 -1 -1 -1 -1 -1 -1 -1 -1 -2 -1 -2 -2 -2 -1 -1 -2 -2 207791695 -2 814538431 -2 -2 -2 -1 -2 -2 -2 -2 -2 -2 -2 751841967 -1 -1 -2 -1 -1 -2 -1 -1 -2 -2 -2 -2 -1 -2 -2 -2 -2 -1 -2 -1 -1 -1 -1 -1 308443515 875547280 -1 -2 -1 -2 -1 -1 -2 -2 -1 -2 -2 -1
-1 -2 772185708 -2 -1 -1 -2 -2 -2 -2 -2 -1 -2 -1 -2 -2 -2 -2 -2 -1 -1 -2 -2 -2 -2 -1 -2 -1 82308437 -1 -2 -2 -1 -1 -2 -2 -2 -2 -1 -2 -1 -2 -2 -2 -2 -2 -2 205590484 -2 -2 -2 -1 -2 -2 527893077 -2 -1 -2 -1 -1 -1 -2 -1 -1 454995537 -1 -2 -2 -2 -2 -1 -2 -1 -1 -2 -2 -1 -1 -2 -1 892159421 -1 619287051 -2 -2 -2 -2
-2 -1 -2 -1 -1 238216084 -2 -1 -2 -1 -1 -1 -2 -2 888292549 -2 483035758 -2 -2 -1 -1 -2 144889696 293294214 -2 -1 -1 -2 -2 -1 -2 -1 -1 -2 -1 -2 111992035 -2 -1 -2 -2 -2 -1 -1 -1 -2 -2 -2 752336996 -1 -1 -2 -2 -2 -2 -2 -1 -1 -2 -2 -1 674200413 -1 -2 620071474 -1 -2 -2 -2 -2 -1 -1 -2 -2 -1 -1 -1 -2 -1 -1 -2 -2 -2 -2 -2 -2 -2
-1 -2 -2 -1 -2 -2 -1 -2 -1 368064430 -1 -1 -2 -2 -2 -2 -2 -1 954935229 -1 -1 -2 -2 -2 -2 -2 509840689 -2 -2 -1 -2 -1 -2 -1 909618556 -2 -2 -1 -2 912747546 -1 -2 -2 -1 -1 -2 -1 -1 -2 -1 -2 -1 -1 508015585 -2 -1 -1 -1 286879807 -2 -1 -2 -2 -2 -1 -1 -2 270828664 -1 -1 -2 -1 497902938 -2 -1 -1 -2 -1 -2 -2 -1 -2 -1 -1 -2 868622311 -2
-2 -1 -1 -2 -1 -2 -2 -2 -2 -1 646473779 -2 -1 -1 -2 -2 -1 -1 -2 -2 -1 -2 -2 -2 -2 -1 -1 -2 -1 -2 -1 -2 -2 -1 -2 -1 -2 -2 -1 -2 -1 -1 -1 -2 -1 -2 553508126 -1 169291022 -1 -1 -2 -2 -2 -2 -1 -2 -2 -1 -1 -2 -2 -2 -2 -2 -1 -1 -1 -1 -2 -2 -2 453327641 -2 -2 -1 -2 -1 -1 -2 -1 -2 281911697 468651190 -1 -2 -1
-1 502707179 -2 -1 -2 -1 -1 -2 -1 -1 -2 -1 -2 -1 -1 -2 -2 -2 -1 -2 -2 -2 -1 -1 -2 -2 -2 -2 -1 -1 448651350 -1 -2 -2 -2 -1 -2 -2 -2 -2 -2 -2 -2 -2 -2 -1 -2 -1 -1 327755441 -1 -1 -2 -2 -1 -1 -2 -2 -2 -2 -1 252286899 -2 -1 -2 -2 975746688 -1 -2 -1 -1 -2 -2 -1 -2 -2 -1 -2 -1 -2 -1 -1 -2 -2 -2 -1 -2
-2 238904616 -2 -2 -2 467814397 -1 789615591 -1 -1 -2 -1 -2 -1 -1 -1 -2 217372347 -2 -1 -2 -1 -2 -2 -2 -2 -1 -1 -2 -1 716312817 -2 -2 -1 -2 -1 -1 -1 -1 -2 -2 -2 -2 -2 -2 -1 -1 -2 -1 -1 -1 -2 412270107 -1 -1 -1 91669275 -1 -2 -1 -2 -2 -2 -1 -1 -1 -1 -1 -1 -1 -2 -2 -1 -2 -2 -1 -2 -2 -1 -2 -1 -1 -2 -2 -1 -1 -2
-2 -2 -1 -2 -2 -1 -2 -2 -1 590496963 -1 -1 940885927 -1 -2 -1 -2 -2 -2 -2 -1 -2 -1 -1 -2 -2 -2 -2 -1 -1 -2 -1 -2 5249339 -1 -1 -2 -2 -1 -2 -1 -1 -1 -1 475513227 -1 -2 -2 -2 -2 -2 -1 -1 -1 -2 -1 -2 -2 -1 -1 -2 -2 -2 -1 -2 -2 -1 834847601 -1 -1 554210640 -1 -1 -1 -2 -2 848521138 778993855 -1 -2 -2 -1 -1 -1 -1 -1 -1
-2 -2 -1 -1 -2 -2 -1 -2 -2 -2 -1 -1 -1 -1 -2 -2 -1 -1 -2 -2 -2 -2 -2 -2 -2 -1 -1 -1 -2 -2 -2 -2 -1 -2 -2 -1 -2 -1 -1 -1 -2 -1 -1 -2 -2 -2 -2 -1 -2 -2 -2 -2 -2 -1 -1 -2 -2 940751326 -2 691432722 96325385 -2 -2 -1 -2 -2 -2 -2 -2 -1 -1 -2 -2 -1 -1 123660630 -2 -1 -2 -1 -1 -1 -2 -1 -1 -2 -1
-1 -1 -1 -1 -1 -1 -2 434124369 -1 -1 -1 -2 -1 -2 -1 176364006 -2 -1 -1 -1 -2 -2 -1 -2 963561141 -1 -2 -1 -2 -1 -1 -2 -1 -1 -1 -2 -1 572559648 -2 -2 -2 -1 -1 -2 -2 -1 -2 -1 -2 -2 -2 -2 -2 -1 -2 72828810 -2 -1 -2 -2 -1 -2 31880057 -2 -1 -2 -1 -2 -1 -2 -1 591105587 -2 -2 -2 -1 485196616 -2 -1 848254247 -2 -1 -2 -2 -2 -2 -2
-2 -1 974862759 -2 -2 -1 -2 56985516 -2 -1 -1 -1 -2 -1 -1 -1 -1 -2 -1 -1 -1 -2 -1 -2 -2 -2 -2 -1 -1 -1 -1 -1 -1 -1 -1 -2 -1 -1 -2 -2 -1 -1 -2 -1 -2 -2 -2 -1 -2 -1 -1 -2 -1 -1 -1 -1 -2 -2 -1 -2 -1 -2 -2 -2 -2 -1 -1 -2 -1 282962115 -2 576806101 -1 -2 -1 -2 -2 -2 -2 588260006 -1 -1 -1 -2 -2 -2 -1
-2 -2 -1 -2 -1 -2 -2 -2 -1 -2 -2 -2 -1 -2 -2 -2 -2 -2 -2 -2 -2 -2 -1 -2 -2 -2 809630009 -2 -1 -2 -2 -1 -2 495074841 489571870 129020747 470938362 -1 -2 -2 -2 -2 -1 -2 -1 -2 -2 -1 -1 -2 -2 -2 -2 -1 -2 790203827 -1 -2 -1 -1 -1 -1 611210547 -2 -1 -1 -2 -1 -1 -1 -1 -2 -2 -2 -1 -1 -2 -1 344809315 -2 -1 746299731 -2 -2 -2 -1 -1
-1 -2 678779603 -2 -1 -1 -2 -2 -1 -2 94603919 -1 -1 -2 -1 978777767 -1 -1 -2 -1 -2 -2 -2 -1 -1 -2 -2 -2 -2 -2 -2 -1 -1 -1 103891739 -2 -2 385137981 630997327 -1 -1 -2 -2 -1 -2 -1 -1 -1 -1 805127681 -1 -2 -1 -2 -2 624150930 -1 623525248 -1 -2 -1 -2 -2 -1 -1 -1 -1 -1 -2 -2 -2 -1 -2 -1 -2 -2 -2 -2 -1 -1 -2 -1 663407806 -1 -2 -2 -2
870726481 -2 -2 -1 -2 -2 -1 134196523 -2 -2 -2 -1 -2 -2 -2 -1 -2 -1 -2 -1 -1 -1 -2 -2 -2 513716164 -1 -1 -2 -1 -2 -1 -1 -2 -1 -1 -2 -1 -2 -2 -2 -2 -2 -1 -1 -1 -2 -2 -1 -1 -1 -2 -1 -2 -1 -2 -1 -2 -2 -1 -2 -1 437573423 -2 -1 397596458 -2 -1 -2 -1 -1 -1 -2 -1 -2 -2 -2 -2 -2 -1 -2 -1 -1 -1 -2 -1 -1
-1 -1 -1 -1 -2 -2 -1 -1 -1 -1 -2 -2 -2 -1 -1 -1 -1 -1 -1 -2 471512889 -2 -1 -2 479465938 -2 -1 -1 -2 -2 -2 250593989 75232648 -2 497412021 -2 -2 -2 -2 -2 -1 -1 -1 -2 906086919 -1 -1 -2 -2 -2 -1 -1 -2 -2 -2 -2 -2 -2 -2 -1 304158494 -1 -2 -2 -2 -2 -2 676590390 -2 -1 -2 -2 -1 -1 -1 -1 -2 -2 -2 -1 -1 -1 -1 -2 -1 -2 -1
-2 -1 -2 -1 -1 -2 -1 -1 -2 -2 -2 -1 -1 -1 -2 -1 -2 -2 -2 -2 -2 -1 -2 -2 -2 -2 -2 -2 -1 -1 -2 -2 -2 -1 -2 -2 -2 -1 -2 -1 921307620 -2 -2 812883489 346088049 -1 -2 -2 -1 -2 -2 -1 -2 -2 -1 -1 -2 -2 -1 -2 -1 -1 -1 -1 -2 -1 -2 -2 -2 -1 -2 -2 -2 -1 -1 -1 -2 -2 -1 -1 465344362 -2 665771720 -1 -1 -1 -2
-2 -2 139699551 -2 -2 -2 -1 -2 -2 -1 -2 -1 -2 61460164 -1 -2 -2 -2 -1 -2 -1 -1 -2 -2 -1 -1 -1 -1 -2 -2 -2 -2 969543345 -1 -2 -1 -1 -2 -1 -2 -1 -2 -1 -2 -1 -1 -1 -2 -2 -1 672479079 -1 -1 642333136 -1 -1 -2 783864130 -1 -2 -1 -2 -2 -2 -1 -2 -1 697462466 -1 -1 -1 -2 -2 -1 89567775 -2 -1 -2 -1 -1 -1 -2 -2 15529549 -2 -2 -2
-1 148740958 -2 -2 -2 -1 -1 -2 728839888 -1 -2 -1 -2 803749900 -2 -2 -2 -2 -1 -1 -2 -1 -1 -1 377819337 -1 -1 -2 -2 306826606 -1 -2 -1 -1 -2 296673732 -2 -2 -2 -1 -2 -1 -2 -2 530410625 -2 -2 -2 -2 -2 -1 -1 -1 -1 -2 -2 -2 -2 -2 -2 -2 -1 -1 -1 -2 -1 225317661 -1 -1 -2 -2 -2 -1 -2 -2 -2 -2 -1 -2 -2 -2 274588707 -2 -2 -2 -2 -2
-2 -1 -1 -2 -1 -1 -1 407585707 -2 -1 -2 -1 -1 -2 -1 -2 -2 -2 -2 -1 -2 -1 -2 -1 -2 809671197 -1 881746392 -1 -2 -2 -2 -1 -1 -1 -2 -2 -2 -1 -2 -2 -1 -1 -2 -1 -2 -2 -1 -2 -1 -1 -2 -2 -1 -1 -2 430510783 -1 -2 -2 -1 -2 -2 -1 -2 -2 422248507 -2 -1 780564751 823345279 -1 -1 -1 -2 -2 -2 -2 -2 -2 -1 -2 -1 -2 859841080 -1 -2
500340308 -1 -2 417188504 -1 -2 -1 -2 -1 -2 -2 694824995 -2 -2 -2 -1 -2 -2 -1 -2 -1 -2 -1 -2 -2 -1 -2 -2 -2 -2 -1 247424055 -1 -2 -2 -2 -2 -2 -1 -2 -1 -1 -1 -1 -2 -2 651994522 -1 -2 -2 -2 -1 -1 -2 -2 -1 -2 -2 -2 -2 -2 486121967 -1 -2 -1 -2 -2 257206109 756504971 -2 -2 -2 -1 -2 -2 -1 -1 -2 -2 -2 -2 -1 -1 -2 -2 -1 -2
-1 -2 447459198 -2 -2 -1 -1 -2 -1 -1 -2 -1 -2 587544119 -1 -1 -1 295057391 -1 -1 -2 -1 -2 -1 -1 476371918 -1 -2 -2 575386290 -1 -1 -2 -2 -2 -2 -2 291227802 -1 -1 -2 -2 -2 838730836 -1 -1 244820912 -2 616059594 -1 33739886 -1 -2 -2 -2 -1 -1 336208662 -1 -2 -2 -1 -2 -1 -2 -2 -1 -2 -1 -2 -1 -1 -1 -1 -1 -2 -2 -1 -2 -2 79647158 -2 -2 -1 -1 -1 -2
-1 -2 -1 -2 -2 -2 -2 -2 -2 -1 -2 -2 -2 -2 -1 -2 -1 -2 -1 -1 -2 -2 -1 -1 -1 820947462 -1 137532389 -1 639157428 -2 -1 -1 -1 -2 -1 -1 -1 -2 -2 -1 -2 -2 -1 393430273 -2 -1 -1 -1 -2 -1 -1 -2 -1 -2 -1 -2 -2 -2 -2 -1 -1 -2 -1 -1 -2 -1 -1 -1 -2 -2 -1 -1 -1 840678997 -2 -1 -2 417240002 -2 -2 -1 -2 -1 -2 -2 -1
-1 -1 -1 -1 999916135 -1 -1 -1 -2 -1 -2 -1 -2 -2 -2 -1 -1 -2 -2 -2 -1 -2 291377135 -1 -2 -1 -2 551128478 -2 -2 -2 -2 -2 -2 -2 -1 -2 646440849 -1 -2 -1 -2 -2 -2 -1 -2 -2 -1 -2 -2 -1 700025870 -1 -2 -1 -2 -1 -1 -1 -1 -1 -1 -2 -1 595247686 -1 -2 -2 -2 -1 -2 -1 -2 -2 -1 -2 -1 -2 -2 -2 -1 135122525 -2 -2 -2 -2 -1
-1 -1 -2 -1 -1 -1 -2 -2 -1 -2 -2 -2 -2 -2 -1 -2 -2 -2 -1 92589397 -2 -2 -1 429188612 -2 -2 -2 -2 273227639 -2 -1 -2 775644033 -1 -1 -2 -2 -1 -2 -1 -1 -2 -1 513914538 -2 -1 -2 -2 -2 -2 434225256 -1 -2 -2 -2 -1 -1 -1 -1 -1 -2 -2 -2 -2 -2 -2 -1 -2 -2 -2 -1 -2 -2 -2 -1 -2 -1 -1 -2 -2 -2 -1 776939526 -1 -2 -2 -2
-1 -1 -1 -1 -2 -1 -1 -1 356537059 -2 -2 313422279 -2 -2 -1 -1 -2 -1 -2 -2 -1 -1 -2 -1 -2 -1 -2 88635890 -1 -2 213546502 -2 -2 -2 -1 -2 -1 -2 -2 672680700 868864943 -1 -1 -1 -2 -2 -2 -2 -1 -1 -2 -2 -2 -2 42921561 -1 -2 -1 -2 -2 243517116 54731854 -1 -1 -2 -2 -1 -2 -1 -2 -1 -2 -2 -1 -1 -2 -1 -2 -2 -1 -2 -1 170573430 -1 -2 -2 -2
-1 -2 -1 -1 -2 -1 -2 -2 -1 -1 -2 -2 -2 -2 -2 -2 155838487 -1 -1 -2 -2 374842726 -1 -1 404228049 -2 -2 -1 778269964 -1 939042250 -2 -1 648498499 -2 19890794 -2 -2 -1 -2 -1 -2 -2 -2 690606633 -2 -2 -1 -2 -2 -2 -2 -2 -2 -1 -2 998675761 755137453 -1 -2 -2 -2 -2 -2 -2 228630858 -2 -2 -1 -2 -2 -2 185088391 -1 -2 -1 -1 -1 -2 -2 -2 -1 -2 -2 -2 -1 -2
-1 -1 -2 -2 -2 -2 447416983 -2 -1 -2 -1 879347508 -1 641609671 -1 -2 -2 -2 -1 -2 -2 -2 -2 -2 -1 -2 -1 -1 -2 -1 -1 -1 -1 544014727 -1 -2 -2 -2 -2 -2 42323666 191673831 -2 -1 -1 -2 -2 -1 -2 -2 -1 887207957 -2 -2 955701540 -1 -1 -2 -2 -2 -2 -2 -2 -2 -1 -2 -2 -2 -2 -1 -1 -2 -2 716260317 -1 -1 -1 -2 -2 -1 -2 -1 -2 -2 -1 477724170 426637670
-1 -1 -1 502584030 -2 -2 -2 -2 -1 -1 -2 450714015 -2 -2 -1 362571930 -2 -1 -2 -2 228268233 -2 -2 -2 -2 -1 -2 -1 523071929 -1 -2 -2 -1 -2 -1 -2 -1 -2 962348123 -1 -1 -2 -1 -1 238942106 -1 -1 -1 -1 -1 -1 -2 -1 -2 -2 -2 -2 -2 -2 -2 -2 -1 -1 5233897 -1 -2 -1 -2 -1 -2 -2 -2 -2 -1 -1 -2 -2 484500975 -2 -1 -2 -2 -2 -1 -2 671701053 -2
-2 -1 -2 -1 -2 -2 -2 807241171 -2 -1 -2 -2 -2 -1 -2 -1 -1 -1 912052055 -2 -2 -2 -1 -2 922230634 -1 -2 -2 -1 -2 -1 -2 -2 60796407 -1 -2 -1 -1 997661016 -1 -2 -2 -2 -1 -2 -1 -1 -2 -2 -1 -1 962996510 -2 -2 -1 -2 -2 -2 -2 -2 -2 -2 -1 -1 -2 -2 -1 -1 -2 -2 -2 -2 131482451 -1 -1 -1 -2 -2 -1 -2 -1 -1 -1 -2 -2 -2 -2
107467822 -2 -2 -2 -2 -2 -2 -1 -2 644185175 -1 -1 -2 28202279 -2 -1 948500412 -1 -2 -1 -2 -1 -1 -1 -2 -2 -2 -1 -2 -1 -1 -1 -1 -2 -1 -2 -1 -2 -2 -1 -1 -2 139539119 -1 -1 -2 -1 -1 -2 -2 -1 -2 -2 -1 -2 -2 -1 390024980 -2 -2 -2 -2 281017074 -2 -1 -2 -2 419685096 -1 -2 -2 -2 288163283 -2 -2 -1 -1 -2 -1 -2 936256755 -1 -2 -2 -1 -2 -2
-1 313722209 -2 -1 -1 -1 -2 -2 -2 -2 -2 -1 -2 -2 -1 -2 -1 -1 -2 -1 -2 -2 638857413 -1 -1 -2 -1 -2 -1 -1 -1 -2 -1 -1 -2 -2 -1 -2 -1 -2 -2 -2 -1 -2 -2 525630179 -2 -2 -1 -1 -2 -2 -2 -1 -2 -2 -2 572398645 -1 -2 -2 -2 -2 -2 -2 -2 -1 -2 -2 -1 -1 -2 -2 -2 -2 -2 -1 -2 -2 -2 -1 -2 -1 -2 -2 -2 -2
-1 -2 -1 -1 -2 -2 -2 -2 -1 -2 -1 -1 -1 -1 -1 844901124 -2 -1 -1 -2 -2 -2 -1 -1 678707738 400527804 -1 -2 -1 120284857 -2 -2 -1 -2 -1 -1 839346631 -2 -2 -1 -2 -1 271263484 -1 -2 -1 -2 -2 -2 -2 -1 -1 -1 -2 -2 -1 821443425 -2 -2 -1 -2 -1 -2 -1 -2 -1 -2 -2 -1 -2 282208399 -1 -1 -1 -1 -2 -2 -2 -1 -1 -2 811703837 -1 -1 -2 -1 -2
-1 -2 -1 -2 -2 -2 -1 635204179 -2 -2 -2 -2 -1 -2 -1 -2 -2 -2 383505385 -1 -2 -1 -1 -1 -1 -1 -2 -2 -1 -2 -2 -2 -2 -2 -1 -2 -2 -2 -2 -2 -1 -1 254998927 796285705 -2 891626879 408364366 -1 -1 -2 167288756 -1 228402576 -2 -2 154283067 -2 -2 -1 -2 -1 -2 -2 -2 -1 -1 -2 -2 -1 -1 -2 -2 -1 -2 993009290 -2 -2 -1 -2 -2 -2 -2 -2 -2 368486259 -2 -2
-2 -1 -1 -1 -2 -2 -2 -2 -2 -1 -2 -2 -2 -2 -1 -2 -2 -2 -2 -2 -1 -2 -1 -1 -2 -2 -2 -2 -2 -2 -1 -1 -2 -2 -2 -1 -1 -1 -1 -2 -1 -1 -1 -2 -1 -1 -1 -1 -1 185755055 -1 811028005 -1 -2 -2 -2 -2 -2 -2 -1 -2 760842372 -2 781824207 -2 53997573 -2 -1 -2 -2 -2 -2 -2 -2 -2 -1 -2 -2 -1 -2 -1 -2 -1 -1 -1 820900456 -2
-2 -1 -2 -2 -1 -1 666656225 -1 -2 -1 -2 -2 -1 -2 -1 -1 -2 -2 -1 -1 -2 -1 -2 -1 -1 577707629 836654984 -2 -2 -2 -1 -2 -1 -2 844176769 -2 -1 -2 -1 -2 -2 -2 -1 -1 -1 -1 -2 -1 -1 -1 216906917 -1 -2 -2 -2 -1 887677902 -1 -2 677785970 -1 -2 -2 -2 -2 -2 -2 -2 -2 -2 382794903 -2 -1 468928766 -2 -1 -2 -2 810215143 -2 -2 -2 -1 -1 -2 -1 -1
-1 -1 -1 -2 -2 -2 -1 417695843 -2 -2 -1 -1 -1 -2 -1 -1 -2 -2 -1 -2 -2 -1 -2 -2 813974047 -2 -1 -2 -2 -2 -2 -2 -2 -2 -2 -2 -1 -1 -2 -1 -1 -1 -2 -2 419102285 -2 -1 -2 -1 -2 -2 -2 -2 -2 -2 -2 -2 -1 -2 -2 951581915 -2 -1 -2 -1 -2 -2 -2 -2 838822550 -1 -2 -2 -1 -2 -2 -1 -2 -2 -2 -2 -2 -2 -2 -1 -1 -2
-2 -1 -1 -1 -2 -2 -2 7994004 -2 -2 -1 801977260 -2 -2 -1 -2 -1 -1 -2 -2 -1 -2 -2 -2 -1 -1 -2 -2 -1 -1 -2 -1 -1 -2 -1 -2 -2 -2 -2 -1 -2 -1 -1 -2 -1 -2 -2 -2 954232122 -2 -2 211915736 707246659 -1 -1 -2 -1 121499904 -2 -2 -2 -2 -1 -2 -1 653385819 -2 -1 -2 -1 -2 -2 -2 -2 -1 -2 -2 -2 -2 -2 -2 -2 -1 -2 -2 -1 58731250
-1 588840601 -2 -2 -2 -2 -1 -1 -2 -2 -2 -2 -2 -1 -2 -2 -2 -2 -1 -2 671334131 -1 -2 -1 -2 167580207 -1 -2 103742658 -1 124119946 -1 -2 -2 -2 -1 -2 -1 -2 -1 -1 -2 -2 -1 -2 -2 -1 -2 336051180 -1 -1 -1 -1 -1 -2 69328158 -2 -1 -1 -2 -2 258355100 -1 -2 -2 -2 -2 -2 -1 -2 -2 -2 -1 -2 -2 241843213 -1 -1 -2 -1 -1 -2 -1 -2 -2 -1 656523517
-2 -2 -2 -1 188068439 -1 -1 -1 482728076 -2 -2 -2 -2 143398021 -1 -1 535177731 -2 855129136 578495663 -2 -1 326617790 -2 -2 -2 -2 -1 -1 -1 -2 -1 21789753 -2 -1 -1 -1 -2 -2 -2 -2 715982508 -2 -2 -1 -2 -2 -1 -2 -2 815690511 -2 -2 -2 -1 -1 -2 -2 -1 -1 -1 -2 -2 -2 -2 -1 -2 -1 -1 -2 -2 -2 -2 -1 -1 -2 -1 -1 -1 -1 -1 342966130 -2 -2 -1 301467201 -2
-2 -1 -1 -2 -2 -2 -1 -2 -2 -2 -2 -1 -1 -1 -2 848980937 -1 -2 -1 789399555 -2 -1 -1 -1 -1 -2 -2 -1 -2 -2 -1 -1 -1 -2 -2 -2 -2 -2 -2 961814413 -2 -2 -2 -2 -1 -2 -1 -2 -1 -2 -2 -2 -1 -1 833539708 423753513 -1 968545492 -2 -2 -1 -2 -2 -2 -2 -1 -2 -2 -2 -1 -1 -2 506379707 -1 -1 -1 -1 -1 -2 -1 -1 551181993 -1 -1 -1 -2 -1
-2 -1 -2 -2 -2 -2 -2 -1 -1 -2 -1 -2 -2 -1 -1 -2 -2 -1 -2 -1 -2 -1 959546271 -2 -1 -1 -1 -1 -2 -2 -2 782867085 -2 -2 583179649 564217598 -1 -2 -2 -2 -1 -2 -1 -2 -2 124587980 -1 -2 665665461 -2 -1 83477841 518857543 -1 -2 9051130 -2 -2 -1 -2 -2 -2 -2 -2 -2 -2 -2 -2 -2 -1 -2 -2 -2 -2 -1 -1 988966663 -2 -1 -1 -2 -1 -1 -1 -2 -1 -2
-2 -1 -1 -2 -1 -1 -2 -2 -2 18984872 -2 -2 -2 -2 -1 -1 -1 -2 -2 -2 -1 -1 -1 -2 -2 -2 -1 -2 -1 -1 -2 -2 -2 -2 -2 -1 -2 -2 -2 -2 -2 -2 -1 -2 -2 -2 -1 -1 -1 -2 -2 -2 -2 604854508 -2 -1 -1 -2 -1 -2 404296677 -1 -1 -1 503689729 -2 -2 -2 -2 -2 -1 -2 -2 -1 -2 -1 -1 -2 -2 -2 -2 -2 -2 -2 -1 -1 -2
-1 -2 -2 -2 -1 -1 -2 -2 -2 -2 619595696 -2 -1 -2 -2 -1 20682345 -2 -1 -1 359773400 -2 -1 -2 -1 -2 -1 -1 -1 -2 -2 -2 73155069 545575077 921176687 -1 233131288 -2 -2 -2 -2 -2 -1 -1 -1 -2 -1 -2 -1 -1 -1 419997857 -2 -2 953622918 -1 -1 -1 -1 -2 -1 -2 -2 -2 -2 -1 -1 -2 -2 -2 -1 -2 -2 -2 -1 70154683 -1 -2 -1 -2 -2 -1 -2 -1 -2 -1 -2
-2 -2 -1 -1 -2 -1 -2 -1 -2 -1 -2 -2 -2 -1 -2 -2 -2 -2 -1 -2 -1 -1 -1 -1 -2 637757044 -2 -1 -1 -2 -2 -2 -2 337440581 712942844 -2 -1 -1 -2 -2 -1 -1 -1 -1 634341427 -2 -1 -2 -1 -2 -2 -1 -1 897362768 -2 -2 -2 -1 -1 -2 -2 -2 -1 -2 -2 213610995 -1 -2 -1 -1 -2 -2 -2 -1 -1 -2 -1 -2 -1 -2 -1 -2 -2 -1 -2 864312167 -1
