104 147
-1 -2 -2 -1 -1 -1 -1 912862066 -1 -1 -1 -2 -1 -1 -1 984372678 -1 -1 -2 -2 -1 -1 -2 -2 -1 -1 -1 -2 -1 -1 -1 -2 -1 -1 -2 -1 -2 -2 -2 -2 -1 -1 -1 39418448 -1 -2 -1 -2 -2 -2 -1 -1 -1 -2 -2 -2 -1 653665508 -1 -2 -1 -1 -2 -1 -2 -2 -1 699354941 449469979 -1 -1 -1 -1 -2 -2 -2 -2 -2 -2 -2 432055196 -1 -1 -1 277028050 -2 -1 -1 -2 -2 -1 -2 111403242 -1 -2 -2 -1 -1 -2 444232267 -2 -1 -2 -1 -1 -1 345157462 -2 -1 32215791 74278805 -1 -2 -1 585116139 877106121 -1 -2 -1 -2 -1 -1 -2 -1 -1 -1 -1 -1 -2 -2 438767538 -1 -2 -2 185540397 -2 977919764 -1 -1 -2 -2 -1 -1 -2 -2 -1 -2
-2 -2 -1 -1 -2 -2 -1 -2 299323353 -1 254265023 -1 -1 -2 -2 -1 370714360 -2 -2 -2 -2 -1 12637883 -2 408917062 -2 -1 -1 -2 -2 -1 -2 -1 -2 -1 -1 -2 -1 -2 289071106 -1 -1 -2 -2 -2 -2 -2 723732777 -2 -2 -2 -1 -2 -1 -1 -1 475511298 807466714 -2 -2 -1 -1 -2 430443649 -2 -1 -1 -2 -2 38639272 -1 -2 -2 -1 901639961 675591731 -1 -2 -1 -1 -2 -1 -2 -2 -1 -1 -1 247832200 206501511 -1 -2 -2 -1 -2 175087184 -2 -2 -1 -2 -2 -1 -2 365511332 -2 -2 -1 -2 -2 -1 -1 -2 -2 -1 182794306 -2 -1 -2 -2 -2 -2 -2 -1 -2 -2 -1 -2 -2 -1 -2 -1 -1 694964581 -2 -1 462917282 -2 -1 -2 -1 -2 -2 -2 -1 -2 -1 -1 -2
-2 -2 -2 -1 -1 -2 -2 -1 -1 -1 20423605 -1 -1 -2 -2 -1 -2 -2 -2 -1 -2 -1 -1 -1 871564732 -1 -1 669211143 -2 -2 -1 -2 758000127 -2 398811561 -1 -2 140116313 -1 -1 -1 -2 -2 -2 -2 -2 -1 -1 -2 133943396 -1 -2 -1 -2 -2 -1 -2 -1 -2 -1 -2 -1 -1 -1 -1 -1 891869055 -1 415309427 -2 -1 -1 -1 -1 -2 -1 -1 -1 -1 -2 -1 -1 -1 -2 -1 -1 -1 -2 623662136 -1 -2 44533648 -2 -2 -2 -2 -2 -2 -2 -1 -2 -1 -2 963570146 -2 343992348 -2 296780567 745294410 444241524 -1 -2 263738641 -1 -2 -2 -2 -1 -2 -1 -1 -2 -1 -2 -1 -2 -2 -1 -1 -2 -2 865662946 -1 -1 -1 -1 -1 141028317 -1 -2 -2 -2 -1 -2 -2 -2 -1
-1 -2 -2 -1 -1 -2 -1 -1 -1 -1 -1 -1 -1 -1 -2 -2 -2 -2 -1 -2 -2 -1 -2 -1 -2 -1 -2 -1 -1 -2 -1 499603813 -1 -1 -1 542445769 -2 -2 -2 -2 -1 -2 -1 -2 -2 -2 -2 -1 -2 -1 -1 -1 -2 -1 -2 -1 -1 -1 -1 -1 -1 -1 -1 -2 -2 -1 -1 92750523 -1 -2 -2 -1 -2 -1 585020517 -1 -1 -2 -1 832276072 364430737 471437466 -2 -2 -1 -1 -2 -1 -2 495038046 -2 -1 -1 -1 -2 -2 -2 -2 753696646 -2 -1 -2 -1 -2 -1 -1 -2 -1 -2 -2 -2 -2 -2 -2 -1 -2 -2 -2 -2 -2 -1 -1 -1 -2 -1 -2 -1 -2 -1 -1 -2 -2 -1 -1 -1 -1 -1 85830319 -1 -1 -1 -1 -2 -1 -1 -2 -2
-2 -2 -2 -2 -2 -2 -2 -2 -1 -2 -2 -1 140568506 -1 -2 -2 930106037 -2 -1 -2 -1 -1 -1 -2 -2 -2 -2 -1 54939256 -2 -1 844848928 -1 379976548 -2 -2 -1 -2 -1 -2 -1 -2 -2 -1 -1 -2 -2 -1 -1 -1 -2 -1 411157536 -1 -2 -2 -1 -1 -2 -1 -1 -1 -2 -1 -1 -1 -2 -2 96887103 -1 -2 -1 -1 512316329 602638389 -2 -2 -2 -2 -2 -2 -2 -1 -1 -1 613213986 -2 -1 -2 -1 -1 -2 -1 -2 -2 -1 98959205 -1 -1 -2 -1 -2 -2 -1 -2 -2 -2 -1 -1 -2 -1 -1 -2 -2 -1 551299997 -1 116692283 -1 -1 131159504 -1 -1 -2 -1 -1 -1 -1 -2 -1 -2 859337521 -1 -2 -1 -2 -1 -2 -1 -1 -1 -1 -2 -2 609602248 -1 -1
-1 -1 -2 -2 -1 -1 -2 182165104 -2 -1 -2 -1 -2 331092135 -1 -2 687228629 -2 -1 -2 -2 -2 -2 395623866 -2 1471678 192522243 -1 -2 -1 -2 -2 -2 -1 -2 -2 -2 -1 -2 -1 13791205 -2 -2 -2 -1 -1 -1 -1 -1 475922894 -2 -1 -1 -2 -2 -1 -1 -1 -1 -2 -2 -1 -2 -2 -2 378727359 -2 -2 -2 -1 -2 545634595 -1 52417694 -2 -2 -2 -1 -2 -2 -2 -1 -1 -2 -2 -1 -1 -2 -2 -2 -1 -2 -2 -1 -1 -2 -2 -2 -2 -2 -1 -1 -2 -1 -1 -2 -2 -2 -1 -2 -2 -2 -1 -2 -1 -1 -1 -2 -2 -1 -1 -1 -1 -2 -1 -1 -1 -1 -2 714846461 -1 -2 -2 -2 -1 -1 -1 -1 -2 -1 769307180 -2 -1 -1 -2 -1 -1
-2 -2 23512735 -2 -2 -1 -2 -2 -2 -2 107616989 -1 -2 433908500 744143992 -2 -1 -1 -1 -2 -2 -1 -2 -1 -1 -1 867703821 -2 926853224 -2 -1 -1 -2 -1 -1 -2 -2 -2 -2 -2 -1 -1 -1 -1 -1 -1 -2 737557967 -1 -2 -2 -2 -1 -2 -1 -1 -1 -1 -1 -1 192999669 -2 -2 -1 -2 747882276 116011228 -1 -2 -1 -2 -1 -1 -1 -1 -1 -2 -1 -2 -2 -1 -1 -1 -2 -2 235570047 -1 -2 -2 222807430 -2 -1 -2 -1 951511367 -1 -1 -1 -1 -1 -1 -1 -2 -1 -2 -2 -2 -1 -1 -2 -2 -1 -2 -2 -1 -1 -2 -1 -2 -1 456617070 -2 -2 -1 -2 -2 -2 -1 -2 -2 -1 -1 558492811 -1 -1 -2 -1 -2 -2 -2 -2 -2 -2 682786208 -2 -2 640295812
863613370 -1 -2 -1 -2 -1 -2 -1 -1 -2 -1 -2 -1 -2 -1 -1 931178635 -1 -1 -2 -1 -2 96728613 -1 -1 -1 -1 557387548 -1 124017611 -1 -2 -2 -1 -1 -2 -2 -2 -1 -1 -1 -1 -2 -1 -2 -1 -1 -1 -2 -2 -2 -1 -2 -1 -1 -1 -1 -2 -2 -2 -1 -1 -2 -2 -2 -1 -1 -1 -1 -2 -2 -2 -2 -2 -1 -1 -2 -1 524374510 -1 -1 -1 -1 -2 -2 -1 -1 664544127 -2 418012158 460872424 -1 -2 -1 -2 -2 -1 72656904 -2 184652537 -1 -1 -1 -1 -1 -1 -1 179664781 -2 -2 925773569 -1 -2 -1 -2 -1 -2 725198465 -1 -2 -1 -2 -1 -2 -1 -2 -2 -1 -1 -2 -1 -1 970717775 74637332 211582705 -2 -1 40283041 -2 -1 -2 -1 447259536 -1 -1 -2 861073611
-1 -2 -2 -1 500687073 -2 -2 -2 482182694 -1 -2 -2 -2 -1 -1 -1 -2 -2 -2 416023331 -1 -2 -2 -1 -2 -1 -1 -1 -1 -1 -2 -2 -1 -1 -1 944151895 -2 -1 -2 -1 -1 -1 -1 -1 -1 -1 108795378 -1 -2 -1 -2 -1 -2 -2 976243254 -1 -2 343439969 -1 -1 -1 -2 -1 -2 -2 -1 -1 -1 -2 -2 -2 606408689 -1 -1 -1 -2 -2 -1 -2 -2 -1 -2 -2 -1 -1 -1 -1 -2 -1 249876206 -2 -2 -2 -1 -1 -1 -1 374150962 -1 -1 -2 -2 -1 -2 -2 -2 -1 -1 -1 608400941 -2 -1 -1 -1 -2 -2 -1 -2 810121518 -2 -1 -2 -1 -2 -1 31525446 -2 -1 -1 -1 -2 -2 -1 -2 -1 -1 -2 -1 -2 -1 98442951 -1 -2 -2 -1 -1 -2
-1 -2 -2 -1 -2 -2 -1 -2 -1 -1 -2 -2 -2 -2 -1 -1 -2 -1 -2 130574454 -2 -1 -1 58407765 -2 -1 81990546 -1 -1 259014282 -1 -2 -1 897528940 -1 -2 -1 -1 -1 -2 -2 -2 129125920 -2 -2 -2 -2 -2 -2 -2 -1 -1 -2 -2 -1 -1 -1 -1 -2 -1 -2 -2 -1 -1 -2 -2 -1 -1 -1 -2 -1 -1 -2 -1 -2 -1 -1 -1 -1 -2 -1 -1 -2 -2 -1 -2 -1 -1 -1 -1 -2 -1 -1 -2 -1 -2 -1 -2 -1 -2 -2 -1 -2 -2 -2 -1 -1 -1 -1 -1 -1 -2 -1 -1 810581226 -2 938396762 -1 -1 -2 -1 -2 -1 -2 -2 -1 -2 -2 -2 233677672 -1 -2 -1 -2 -1 -2 -1 -1 -2 -2 -2 -1 -2 -1 -2 -2 -2
926990911 -2 -1 -1 -1 -1 -1 -1 -1 -2 -1 -2 434075231 -1 -2 -2 -2 826647759 -2 -1 -1 -1 -1 -2 -1 -1 -2 -2 -1 -2 -1 -1 -2 -2 -1 -2 -2 -1 -1 -1 -2 -2 -1 828402351 -1 -1 -1 -2 -1 -1 -2 -1 -1 -2 797312510 -1 -1 -1 544108960 -1 -1 -1 -1 -1 -1 -2 -2 -1 -1 -2 -2 -2 -1 -2 -1 -2 -1 -1 -1 -1 -1 -2 -2 -2 -2 -2 -2 -1 -2 -2 -2 928516460 172717057 708416464 -2 -2 -1 -2 -2 -2 -2 -1 -2 347633999 -1 -2 -2 -1 -1 -1 -1 -2 -1 -1 -2 -2 -1 -2 -1 -2 -2 -1 -1 -2 -2 -2 -1 -1 -2 -1 -2 -2 -2 -2 -2 -1 -2 -1 -2 -1 -1 -2 -2 -1 462160733 -2 -2
-2 -1 -2 673001174 -1 -2 514829673 -2 -2 -1 -1 639170214 422096994 -1 -1 -1 -2 -1 -2 -2 -1 -1 -2 -1 -1 -1 -2 704355209 556150119 -2 -1 -2 -2 -1 -2 -2 -2 -2 -1 -2 -1 -2 -1 197595082 -2 -1 751993082 -2 -1 -2 -1 -2 -1 -2 -2 -2 -1 -1 -1 -1 -2 980204886 -1 -1 -1 -2 -1 -2 -2 -2 -1 367024351 -2 -2 -1 -2 -1 -1 -2 -1 -1 -2 986358199 -1 -1 39889792 -2 293030283 -2 857096732 -1 -1 -1 -2 -1 -1 -2 -2 -1 -1 -1 -2 -1 -2 -2 -1 -2 557645133 -2 -2 -2 -2 248761148 -1 -1 -1 -1 -2 -1 371894643 -1 -2 -1 -2 -2 -1 -2 -1 -2 -1 555268693 -1 -2 -1 -2 -2 -1 -2 -2 -1 -2 -1 -2 -2 -1 75297281 -1
580711691 -1 -2 -2 -1 -2 -2 -2 -1 -2 -2 -1 -1 644631106 -2 -2 -2 -1 -1 -2 -2 -2 -2 -1 -2 -2 -2 -1 -2 -1 -2 629365705 -2 -1 -1 -2 -1 -1 -2 -2 -1 -2 -1 -1 -1 -2 -2 -2 -1 -2 -2 -1 -1 -1 -2 -1 -2 -1 -1 -2 -1 -2 -2 -1 -2 -2 -1 -1 -2 -1 -1 -1 -2 -1 396080713 -1 -1 -1 -1 -2 -1 -2 -1 -1 -1 -2 -2 -1 -1 -1 -1 -2 -1 -2 -2 -1 -2 -2 -1 -2 -2 -2 -2 -2 -2 -2 -1 -1 -2 -1 -1 -2 -2 -2 -1 -1 -1 -2 -1 -2 -2 -1 -2 -1 -1 -1 482511855 -1 417764740 -2 -1 -2 782803059 -1 -1 -1 -2 -2 -1 -1 -1 -1 -1 -2 -1 868537670 -2
-1 -2 -1 -1 -1 -2 -1 -1 -1 193473355 696866680 -1 -1 -1 -1 -1 -2 -1 -2 -1 -1 -2 -1 -1 -1 -1 -1 -1 -2 307801344 -2 -1 -2 -1 788709211 -2 -2 -1 -1 -2 -1 -2 -2 -1 -2 -2 -2 -2 -1 -1 -2 -1 -1 -1 -1 -2 -1 -1 -2 -1 -2 -2 -2 -1 -1 -1 -2 -2 -1 383606362 -2 -1 -1 -1 -2 -1 -2 -2 -1 -2 -2 -1 157974980 -1 -1 -2 -1 -2 -2 -2 -2 -1 -1 -1 -1 -1 -1 962327021 -2 -2 -2 -1 -1 -2 -2 298699341 671016323 -1 -2 -1 -1 -1 -1 -1 -1 -1 -2 -1 -1 -1 -1 -2 -1 -2 -2 -2 -1 -1 -2 -1 -2 -1 -2 -1 -2 -1 -1 -1 -2 -1 -2 -2 -2 961053731 -1 -2 -2
-2 -2 -2 -2 -1 -2 -1 -2 -2 -1 -2 -2 -2 -2 937762316 -2 -2 -1 -2 -1 -2 -1 -1 -1 811109028 -2 -2 -1 -2 -2 -1 -1 -2 -2 -1 450249344 -2 -2 -1 -1 -1 -1 -2 -2 -1 -2 -2 -1 -2 -1 934867053 -1 -1 -2 -1 -1 -2 -2 -1 -2 -1 -1 -2 -2 -2 -2 -1 -2 -1 -1 -2 -1 -2 -2 -1 -1 -1 -1 -2 -2 -2 -2 863332586 -1 -1 -2 741875528 -2 -1 -2 -1 -1 -2 -1 -1 -1 -1 -1 -1 -1 -2 -1 -2 -2 -2 -1 -1 59288972 126343576 -1 -1 -1 778384795 -2 -2 -2 -1 -1 -1 14212479 -2 -2 -1 -2 -2 -2 -1 -2 -1 -2 -1 -2 -2 -1 -2 -2 -1 -1 892508691 242005566 -1 -2 658091480 -2 -2 -2 -2
-1 -2 -2 -1 -2 -1 -2 -1 -1 -2 -2 -2 -1 -1 -1 -1 -2 -2 -1 -1 -2 -1 -1 -1 -1 -1 -2 492618176 -1 697892509 -1 -2 -1 -2 -1 -2 -1 -2 -1 -2 -1 -1 -2 -1 -1 -2 -2 -2 -2 -2 -2 -1 -1 628499712 -1 -1 -2 -1 -1 -1 -1 -1 -1 -1 -2 -2 -2 -2 -1 -1 -2 -1 -2 -2 -1 573535237 -1 -1 -2 -2 -2 -1 -2 -2 -1 -1 119560081 -2 -1 -2 127013312 -1 -1 -1 -2 -1 -2 191958104 894031528 -1 -1 -2 -2 -1 -2 -2 -2 80317053 -2 -2 -1 -1 -2 -2 -1 -1 -1 -2 -1 -2 -2 -2 -2 -1 -1 -1 -2 -1 125850662 -2 -1 -1 -2 -1 -1 -1 -1 -1 -2 -1 -1 140221270 -2 -1 -1 -1 -1
560987344 -1 -1 -2 -1 -2 -1 -1 -2 -1 -1 -1 -1 -2 -2 -2 860556918 -2 -1 -2 -1 -1 14406249 -1 -2 -1 -2 -2 -1 -2 -1 -2 -1 -2 -1 -1 -2 -1 -1 -2 -2 -1 -2 -2 -2 595670510 -2 -1 -1 -2 -1 -2 253311056 -2 -2 -2 -1 -1 -1 667985282 -1 -2 -2 -2 -2 -2 -1 -1 -2 -1 -2 118317957 -1 -1 -1 -1 -1 -2 -2 -2 868594922 -1 -1 -2 -2 498774903 -1 -1 -2 -1 -1 -2 -1 -1 -2 -1 -1 34192394 -1 -1 -2 -2 -1 -1 -1 -1 -2 -1 -2 -1 -2 -1 -1 -1 -2 -2 -2 -2 363952845 -2 -2 -1 -2 -2 -2 -1 -2 -2 -2 -2 -1 -1 -1 776062911 -2 -1 -1 -1 -2 731498677 312241191 -1 -1 -1 -2 -2 -1
-2 -1 -1 -1 -1 -2 -1 -2 -2 -1 -2 944352567 -1 -1 -1 -1 454197381 -1 -2 -2 -2 -2 -1 -2 -2 -2 -2 -2 -2 -2 -2 -2 -1 -2 -1 -1 -1 -1 -1 760978306 -2 609013078 -1 -1 -2 -2 -2 -2 -2 -2 -2 -1 109601009 -1 -2 -1 -1 -1 -2 -2 700892188 292797036 -1 555917922 -2 -1 -2 -2 -1 -2 -2 -1 773984782 -1 -2 -2 -1 -2 -2 -1 -1 -2 -2 -2 559062540 -1 -2 -2 -2 -1 -2 -2 -1 126644612 -1 -1 985656443 -2 -2 -2 -2 -2 -1 -2 -2 -2 -1 -2 897097585 -2 -1 -1 -2 576588341 -1 -2 -2 -2 -2 -1 -2 -1 461724947 -2 -1 833731197 -1 -1 -1 -1 -1 -1 -1 843034714 -1 -1 -2 -1 -1 -1 -1 463204225 -2 -2 -1 -2 -2
-2 -1 -2 -1 -2 -2 -1 -1 -1 -1 -2 -1 774794397 -2 -2 -1 -1 586310534 -1 -2 483175227 -1 -2 136323455 -2 -1 -1 -1 -1 -1 -1 -1 888575975 -1 -1 174390410 -2 -2 -1 -1 -2 -2 664002068 -1 -1 -2 -2 -1 -2 -1 -1 -2 -1 -2 -2 -1 -1 -1 -2 -1 -2 -1 -2 -1 848193136 -2 -2 -2 -1 -1 -2 -2 -1 -1 -2 -2 -2 802917473 -1 -1 -2 -1 -2 -2 -1 271986988 -2 -1 -1 -1 -1 -2 -2 -2 -1 -1 -2 -1 -2 -1 -1 -1 -1 -1 -1 -1 795334381 -2 -1 486819248 -2 -1 -2 -2 -2 -1 777873575 403774796 -1 -2 -1 -2 -1 -2 -2 -2 -1 -2 -2 -2 -1 -2 804376728 671007491 -2 -1 -2 -1 -1 -2 -2 -1 -2 -2 -1 -1 -1
-1 -1 -1 -2 -2 -2 517046843 -2 -1 -1 -2 -1 91636350 -1 -1 18490015 -1 -1 -1 -1 -1 -2 -1 -2 -2 -1 -1 -2 926630657 -2 -2 -1 -1 -1 -1 -1 448973251 -1 -1 556279674 -2 -1 -2 -1 -1 -1 -1 -2 -2 288280824 -2 -1 -2 -2 -2 -2 -2 -1 -1 -1 -1 -2 -1 -1 -2 -1 -2 -2 -2 -1 901940515 -1 -1 -1 -1 -2 -2 -1 -2 -2 590072133 -1 -1 -2 -1 -2 -2 -1 -2 -1 877700984 -2 -2 -1 -2 340232935 -2 -2 -2 -1 -1 -2 -1 -2 -1 -2 -2 -1 -1 97974377 -1 -1 -2 -1 -1 -2 -1 -1 -2 -2 -1 201752620 -2 -2 -2 -1 -2 -1 -2 361761897 -1 -1 -2 885157629 -1 -1 -1 -2 -1 -2 -2 -1 -1 -2 -1 -1 -2
-1 -1 -1 -1 -1 -2 -1 -2 -2 -2 -1 13341022 -1 486879697 -2 -2 -1 -2 -2 47951172 -2 -2 -1 -2 -1 -1 -2 -1 -2 -2 -1 -2 -2 -2 -1 354684643 -2 -2 486664464 -1 -2 -2 -2 -1 -2 -1 -2 -2 -2 -1 -2 372662489 -1 -1 -1 -2 -1 -2 -1 -2 -2 -2 -2 -2 -2 -2 -2 -2 -1 -1 -2 -1 -2 -1 -2 -2 -2 -2 -1 -2 -2 -2 -1 -2 -2 -1 -2 -1 -2 -2 -2 262838746 -2 -2 -1 -1 -2 -1 -1 -1 -1 -2 -1 -1 -2 -1 -1 -1 -1 -1 -1 -1 -1 190284239 -1 -1 -1 -1 -2 -2 -1 -2 -2 -2 -2 -1 -1 -1 -2 -2 -1 -2 -2 -1 -2 -2 -2 -2 -1 -1 -2 92080737 -2 -2 -1 -2 -1
-2 -2 -1 -2 -1 -1 -1 -2 -1 -2 -2 -1 500758915 462220159 -1 -1 -1 -2 -1 -2 -2 -2 -1 -2 -1 -1 -1 -2 -1 -2 -1 -1 -2 -2 -1 -2 -2 -1 -2 -2 -2 -1 -2 -1 199512881 -1 -1 -1 -1 -1 -2 -1 -2 115376645 -2 -2 -1 -2 -2 -1 -1 -1 -2 -2 -1 842700007 -2 -2 -2 -1 -2 348074050 -2 -2 -2 -1 -2 -2 -1 -2 -1 -1 -2 -2 -1 -2 -2 -1 -1 -1 -1 -1 -2 -2 -1 -1 -1 -1 -1 -2 -1 -2 -2 -1 -1 -1 -1 -2 -1 -1 -1 -1 -1 -1 198093003 -2 -1 -2 -1 -2 -2 -2 709168079 -2 -2 -1 -2 -1 -2 -1 -1 -2 -1 -1 -1 -2 -2 -1 -1 -2 -2 -1 -1 -1 -2 698889071 -2
-1 -2 -2 -1 -2 -1 -1 -2 -1 -2 -1 -1 -2 -1 -2 449884593 -2 -2 -2 646922653 -2 -2 -2 -2 99170548 -2 -2 -1 -1 -1 -1 -1 -1 -2 -2 -1 -2 -1 -1 -1 -1 -1 -2 -1 -1 -1 -2 -2 -2 -1 -1 -2 -1 -1 321721451 -1 -1 -2 166803188 -2 -1 -1 -1 -2 -2 -2 -1 -1 -1 -1 -2 -2 -1 -2 -1 -2 -1 668187850 -1 -1 185724385 -1 -1 -2 -1 -2 -1 -1 -2 436598092 -2 -1 -2 -1 -2 -1 -2 -1 -2 -2 -1 -1 -2 -1 -2 -2 -1 -1 -1 -2 -2 -2 -1 -2 -2 -2 -2 -2 -1 502465885 -1 -2 -1 -2 -1 -1 -2 -2 -2 -2 -1 -2 -2 -1 -1 -2 -2 73667455 -1 151533128 -2 -2 -2 106648445 -1 -2 -1
-1 -2 -1 -2 106918836 -2 126350701 -1 -1 -2 -2 -1 -1 -2 -1 -1 -2 -2 -1 -2 -2 178017555 -2 -1 183480765 -2 -2 -1 -1 -2 369722206 -2 -1 -2 -1 -2 -2 494906948 901451861 -2 -2 -2 -2 -2 -2 -1 -2 -1 -1 -1 -1 -1 -2 -1 -1 -1 -2 868680759 -1 -2 -1 -2 -1 -1 -2 -1 -1 -2 -1 -2 -2 -1 123508622 -1 -2 333333953 -1 -2 -1 -2 -1 -1 -1 -2 -2 -2 -2 -1 -1 -2 469816315 -2 -1 -2 -2 -2 955555592 -1 -2 -1 -2 -2 -2 -1 -2 -1 479729042 -2 -2 -2 -1 -2 -1 -1 -1 -2 -2 -2 -1 -2 17585556 -1 -1 -1 -1 -2 -2 -1 -1 -2 557946881 -2 -2 -2 -2 -1 -1 -2 -2 -2 -2 -2 -1 -2 -2 -2 -2
-2 -2 -2 -1 -1 -2 -2 -2 -1 -1 -2 402330575 -2 -2 -1 -2 -2 -2 -1 842435732 -1 -2 -1 -1 -2 -2 468739278 -2 -1 322531363 -1 -1 -2 -2 -1 -2 628068001 -1 -1 -1 -1 982839346 -2 -2 -1 -1 -2 -2 -1 -1 -1 -1 912597081 -2 -2 -1 -1 -2 -1 -1 -2 -1 -1 -2 -1 -1 -2 -2 -1 -1 -2 -1 -2 -1 -1 -1 -1 -2 -2 -1 -1 -1 -2 -2 -1 -1 -2 -1 -2 -2 -1 -1 -1 -1 -1 -2 -2 -2 -1 -1 -2 -1 -2 -2 -1 -2 -1 -1 -2 -2 249178557 -1 -1 -1 -1 -1 -2 -2 -1 -2 -1 -2 -2 303093261 -1 -1 -1 -2 -2 -1 -2 -1 -1 -1 -1 -1 -1 -1 -1 -2 -1 -1 -2 -1 -1 -2 -2
-2 -2 -2 530932348 -1 -2 -2 -2 518473109 -1 -2 -2 -1 -1 -2 -2 -1 -1 -1 -1 9616286 -1 -1 -2 -1 43996072 -1 -1 -1 -1 -1 -1 -1 -2 908101031 -2 -1 -2 -1 -2 -2 356401716 887058713 -2 -2 -2 -1 -2 -2 -1 -1 -1 -2 -1 -1 -2 -1 -1 -1 -1 -2 402127473 751663951 -2 -1 -2 -1 -2 -2 -2 -1 -1 680912598 -1 -2 -2 -2 -2 -2 -1 -2 -1 -1 -2 -2 -2 -2 -2 -1 -1 -2 -2 -1 -2 945171056 -1 -1 -1 -1 -1 -1 -2 -2 -2 -2 59677516 -2 204109097 -1 -2 -1 -2 -2 288300370 -1 -2 -1 -1 -2 -1 -1 -1 -2 -1 -1 -1 -1 -2 -1 -2 -1 -1 -2 -2 170584461 -1 -1 -2 -1 -2 -2 -1 -2 -1 -2 -2 -2
-2 -2 -2 -1 -2 -2 -2 -1 -1 -2 35545848 -2 -2 -2 -2 -2 -1 -2 -2 -2 -2 -2 -2 -1 -2 -2 -1 -1 -2 -1 -1 -1 -2 -1 -1 -2 -2 -2 -1 383044939 -2 -2 -1 -1 -2 -1 -2 -1 -2 -2 -1 -1 -2 577263217 -1 -2 -2 -1 -2 -1 -1 -2 -2 -2 -1 -1 -2 -1 116002541 -2 -2 -2 -1 -1 966845335 -2 -2 -1 285171404 -1 -1 -2 -2 -2 -1 -1 -1 -1 -1 -1 -1 -2 -2 -2 -2 -1 -1 -1 -2 -1 -2 -2 -2 -2 -2 -2 -2 -1 -2 221518709 -1 -1 -1 -1 -1 -2 -1 823785693 -1 -2 491533438 -2 -2 -2 -1 73651427 -2 -1 -1 -2 -2 -2 -1 -2 -2 524655270 -1 -1 -2 -2 -2 -2 -2 -2 -1 -2 996586758
-1 -1 -1 -1 -2 -2 -2 -1 -2 249284177 -1 -1 -2 -2 -2 -2 -2 654230974 -1 -2 -1 -1 -1 -1 -2 -1 -1 -2 -1 -1 -1 -2 -2 -1 -2 -2 -2 -2 -2 -2 -1 -2 835004573 -1 -1 -2 -2 -1 -2 -2 -2 -2 -2 -1 -1 834709176 -1 869665183 -1 -2 794501660 -1 -1 -2 -1 -1 -1 -2 -1 -2 -1 -2 -1 -1 -2 -2 792265919 -1 -1 -2 -2 -1 -1 -1 -1 -1 -1 -1 -1 -2 -2 -1 -2 -1 415631419 -1 -2 -2 -1 -2 -1 -2 -2 -2 -1 -2 122136304 -2 -1 -1 -1 -1 -1 -2 707312048 -1 -2 -1 -1 -1 -2 -1 -1 -1 -2 -1 665945016 -1 -1 -2 -1 366569997 -1 -1 -1 331176062 -1 -2 -2 -1 -1 -1 -1 -2 -1 -1 -1
-2 -2 -2 -1 -2 -1 -1 -2 -1 -2 -2 -1 -2 -1 -1 214997193 -2 -2 -2 -2 -2 -1 -1 -2 -1 -2 132137378 -2 -2 -2 -2 -1 -1 -1 -1 -2 -2 -1 -1 -2 -2 -1 -1 -1 -1 -2 1977384 -1 567987430 -1 -1 504013617 -1 -2 -1 -1 -1 -1 -2 -1 -1 487213618 -2 -2 -1 -2 -1 -1 -1 -2 -1 -2 -2 -1 -2 -1 115886874 -1 -2 -2 -2 -2 -2 -1 -2 -2 -1 -1 -1 -2 -1 -2 -2 338818469 -1 932808651 -2 -1 -2 -1 -1 -1 -2 -1 -1 200471855 -1 -2 -1 -1 -2 492001281 -1 -1 -1 -2 -2 -2 -1 -2 -2 -1 -1 -1 -2 -1 -1 -1 -2 -1 -1 -1 -2 -2 -2 -1 -2 -2 -1 -2 -1 -1 -1 -2 -2 -2 -1
-1 -2 -1 -2 -1 -1 -2 814267526 9348135 -2 -1 -2 -2 -1 -1 -2 -2 677796158 934705213 -1 -1 541135311 -2 -1 -1 -1 -1 -1 -2 -2 -1 -1 -1 -1 -1 -2 -2 -1 -1 -2 -1 -2 -2 -2 -1 -1 -2 -1 -2 -2 -1 -2 534264255 -2 -1 -1 -2 -2 -1 -1 -2 -1 -2 -1 -1 -1 327456605 -1 -1 -1 -1 -2 -2 -2 461515915 -2 -2 478825921 -1 -1 -1 -2 -2 -2 -1 -2 612811647 584664731 -1 -1 -1 -1 -2 211584896 -2 -2 -1 -2 -1 -1 -2 -2 -2 -2 -1 -2 881442040 -1 -2 994742291 -2 -2 -1 -2 -2 -1 -1 -1 -1 407421676 -1 -1 -2 -2 -2 -1 -2 7174506 -2 -2 -2 -2 -2 -2 -1 -1 696694281 885275405 -1 -1 -2 -2 -2 -1 -2 -2 -2
-2 -1 -2 -1 -2 -2 -1 -1 -2 878131038 -2 -1 -1 -2 -1 -2 -2 -2 -2 818892901 983589429 -2 -1 628803491 -2 -2 -1 664724624 -1 -1 -1 -2 282128125 -1 -1 -2 -1 -1 -2 -2 -2 -2 -2 -1 -1 -2 -1 -1 -2 -2 -2 -2 -1 -2 -1 -2 -2 -2 -1 -2 -2 456621086 -1 -2 -1 -1 -1 -1 -2 -2 -2 -2 -1 895282644 -2 -1 509302554 271292553 -1 -2 -1 -1 -2 -2 105543161 -2 -1 538173490 406719124 -2 -2 -2 91666253 -2 -1 -2 -1 -1 -2 -2 -1 896450300 -1 -2 -1 -2 -1 -1 -2 -2 -1 -2 213821086 -1 -1 -1 -2 -2 -1 881593879 -1 -1 -2 -2 601497280 -1 -2 -1 -1 -2 -1 -2 -1 -2 -1 -1 -2 -2 -1 -2 157579849 -2 -2 -1 -1 -2 -1
235957269 -1 -1 -1 -2 -1 -2 -2 287061777 -1 -1 -1 -2 -2 -1 -1 -1 -1 -2 -2 -1 -1 -2 238795647 -1 -2 -1 -1 -2 -1 -1 -2 -1 -1 -1 -1 77093331 -2 -2 -1 -1 762727119 -1 -1 612636531 -2 -1 -2 -2 -1 491116562 921533360 -1 850986663 -1 -1 -1 -1 -1 -2 -2 -2 -2 -1 -2 -1 -1 -2 -1 -1 -1 -2 -1 -1 -2 -1 -1 -2 -2 -1 -1 -2 -1 -1 -2 585473397 -1 -1 -1 639967742 570492931 -2 -2 138609872 -2 -2 -2 253044654 -1 -2 -2 -1 -2 -2 -2 -2 -2 -1 -2 -2 -1 -1 -1 -1 -2 -2 -2 -1 -2 -1 -1 -1 -1 -1 -1 -1 -1 -1 -1 -2 -2 -1 -1 -1 -2 -2 -2 -1 -1 -1 -1 -2 -1 712903730 -2 708804712 -1
-1 -2 479911405 -2 -2 -2 -2 -1 -2 -1 -1 -1 -2 -1 -2 -1 -1 -1 -2 -2 -2 373181777 -2 -2 -1 -1 -2 -1 -2 452627256 -2 -2 -1 362366210 -2 -1 -1 -2 -1 -1 -2 -1 -2 -2 339763176 -2 -1 -1 -2 205184476 -1 -1 953121562 515838308 -1 -1 -2 -1 -2 -1 -1 -1 -1 -1 -2 -2 -1 782288323 -1 -2 -1 -2 -1 -1 -2 -2 183746321 -2 174712827 -1 12063544 -1 -1 -1 -2 -1 -1 -1 -1 -1 -1 -1 -1 497021747 -2 -2 -2 -2 -1 -1 -2 -2 -2 -2 -1 -2 -1 531086324 -2 -1 -1 -1 -2 621357712 -1 -2 -2 -2 -2 -1 -1 -2 -1 -2 -1 -1 -2 -2 -2 -1 796090479 -1 -2 -1 -1 -1 -2 -1 -2 -1 -2 -1 -1 -1 -2 -1 397167435
140791157 -1 -1 -1 -2 -2 -2 -2 -2 -1 -1 -1 -1 -2 -2 -1 -1 -2 175427029 805708120 -2 -2 -1 -1 -2 -1 -1 -2 74125295 -2 -1 -2 996111409 -1 -1 -1 -1 -2 25669830 -1 -1 -1 -1 -2 -1 -1 -2 -2 243804764 -1 -2 -1 254572590 -2 -2 -2 -1 -2 -1 -1 -1 -2 -1 -1 -2 -2 -1 -2 -1 -1 -1 -1 -1 -2 -2 -1 -2 -1 -2 -1 -2 -1 -2 -2 -2 -1 -1 435150509 -2 -1 -2 -2 -2 -1 -1 -1 -2 477320732 -1 -2 -2 -2 -1 -2 -1 -1 -1 -1 -1 -1 -1 -1 -2 -1 -2 168755247 -2 678338817 -2 -1 -1 -1 -2 -1 -2 -1 -1 -2 -2 -2 180072709 -1 -2 -2 -2 -1 -2 312104326 -1 -1 -2 -1 -1 -2 -2 577263354 -2
-1 -1 -2 -1 -2 -1 -1 -1 -1 -1 -2 -1 -1 -1 -2 -1 -2 -1 -2 -1 300696061 -2 -1 -1 -2 -2 689968074 -1 -2 -2 -2 866488130 -2 -2 -1 -1 949375215 -1 -2 133983717 -1 -1 -2 -1 -1 -1 -1 -1 -1 -2 -2 -1 -1 -2 -1 -2 -1 715859992 -1 -1 488138819 -1 721060470 -2 -1 -2 45504196 629369717 -2 -1 569110345 -1 -1 -1 -1 -1 101752809 -1 -2 -2 -1 -2 595117458 -2 -1 -1 -1 801701778 -1 579865684 -1 -1 -1 -2 -1 -1 -2 -1 -1 -2 -2 -1 -1 -1 -2 426205756 -2 -1 -2 -1 -2 -2 -2 -1 -2 -2 -1 -1 -1 343622895 -2 -1 101182664 -1 -2 -1 -1 674926777 177556012 -1 -1 -2 -2 -2 407892038 -1 -2 -2 -1 -2 -1 -1 -2 -2 -1 -2 -1
-1 -2 -1 -2 -1 -1 -2 -1 -2 -1 -1 -2 -2 -1 -1 -1 -1 583981183 -1 -1 -1 -2 -1 -2 -1 -1 -2 -2 -2 -1 -2 -1 -1 -1 -1 -2 -1 -1 -1 -2 -2 -1 -1 -1 -2 -2 -2 -2 -1 -2 -1 -2 -1 -2 -2 720992909 417196141 -2 -2 -2 -2 -2 -1 -2 33273275 -2 -2 -1 -2 -1 -2 -1 698954956 -2 -1 -1 -1 -2 -1 -1 -1 -1 -1 -2 -2 -2 -1 -2 -2 -2 -1 -1 -1 -2 -1 -1 -2 -1 -1 -1 -1 -1 -1 -2 -1 -2 -2 456312393 -1 -2 -2 -1 -2 -2 -1 81480643 -1 506903676 -1 -2 -1 -2 -2 -2 -2 104751551 -1 -2 -1 -1 -2 -2 -2 -2 -2 -2 -2 -2 -1 -2 -1 -2 -2 -1 -1 -2 -2
-1 -2 -2 -1 -2 136267003 -2 935741301 324087486 157452117 -1 -2 -2 -1 -1 894262370 -1 -2 -1 -2 -2 -2 -1 -1 743475782 -2 -1 -1 -1 -2 780167204 -1 -1 62438698 -1 953769522 -2 -1 28592573 -1 -1 -2 274267548 -1 -2 -2 -1 -2 -2 685451177 -1 -1 -1 -2 -1 -2 -2 -2 -1 -2 -2 -2 -2 -2 -2 -1 -1 -1 -2 230713587 -1 -2 -2 -1 -2 795360472 -2 517742021 -2 -1 -1 -1 91888333 -2 -2 -2 -2 -2 -1 -1 -2 -1 -2 -2 -2 -1 -2 -1 -1 -2 -1 -2 -2 -2 292159648 -1 -1 -2 -2 -2 -1 -2 -1 -1 -2 66795148 -1 -1 784895839 -1 -1 222299802 -1 -1 -2 -1 -1 -1 310554832 499915503 -1 -1 -2 -1 -2 -2 -1 -1 -2 -2 -1 -1 -2 -2 -1 -1 -1
417555054 -2 658993421 -2 -1 -2 -2 -1 -1 -2 762943869 -1 -1 358708820 -1 -1 -2 -2 764309663 -1 -1 -1 -1 -2 -2 -1 -1 -2 -1 -1 -1 -1 -1 -2 217053328 -2 -2 -1 -1 -2 -2 -2 -2 -2 -1 -1 -2 -1 -2 -1 -2 -1 -1 -1 -2 -1 -1 -2 -1 816515990 -1 506130201 -1 -2 -2 -2 -1 -1 -2 -2 -1 -2 -2 -1 -2 -1 -2 -2 -2 296386363 -2 663205388 -1 -1 -1 -2 -2 -1 -1 -1 -2 -2 -2 -1 -1 -1 -1 -2 -2 -1 -2 -1 -2 -2 -1 -2 -2 122932095 -1 538128120 -2 -1 -1 860159543 -1 -1 -2 868296170 -2 49253147 340669217 -1 -1 -1 -2 -2 -2 -1 -1 -2 -2 -2 -2 -1 -1 -2 -1 -1 -2 -1 -1 -1 -1 -2 -1 -1 -1
-2 -2 -1 -2 -1 -2 -1 -2 -2 216014648 -1 -2 -1 -2 -1 -2 -1 784715891 -1 -1 -2 -2 687565819 -2 420449163 992146643 -2 -1 -1 97443429 -1 -1 -2 899380729 -2 -2 -2 -1 -1 -2 -2 -2 -2 -1 -2 -1 -1 -2 -1 -1 -1 -2 -1 -2 -2 -1 -2 -1 -1 -2 -2 -1 953780621 -1 -2 -1 -2 -2 -1 -1 -2 -1 -2 -1 -1 -2 -1 -1 -1 -2 -1 -2 -1 -2 -2 -2 -1 522368361 -1 -1 307249035 323254753 -2 -2 -1 -2 46510568 -2 -2 320049278 -2 764110055 -2 -2 -1 -1 -1 -1 -2 -2 -1 -2 -1 -1 -1 -1 -2 -1 -2 -1 -1 -1 -2 -2 -2 -2 -1 57392809 -1 281655859 -2 -2 -2 -1 -1 -2 92375274 -1 -1 -1 -2 -2 593454879 -2 -2 -1 -2
-1 -2 -2 -1 -1 -1 -1 -1 -2 -1 -2 -1 -1 -1 67789365 -2 -2 -1 -1 -1 -2 -2 -2 -2 -1 216992359 -1 -1 -1 -2 -1 -2 -2 -1 -2 -2 -2 -1 -2 -1 -2 -1 -2 148527458 -2 -2 -2 -2 -2 16638801 -1 -1 -1 -1 -2 476312590 188294622 -1 -1 -2 -1 -1 948603360 -2 5217971 -2 -1 -1 -1 -2 -2 -1 -1 -2 -1 362214078 -2 656700765 -2 -1 -1 -2 -2 -1 -2 -2 -2 -2 -2 -1 -1 -1 -1 -1 -1 -1 -1 724885169 -2 -1 -2 -1 -2 -1 -1 -2 -2 -1 -1 -2 -1 -1 -2 -2 -1 -1 -2 -1 -1 -1 -2 -1 -2 -2 -2 31082264 -1 -2 -2 -1 -2 -1 -2 -1 -2 -2 -1 -1 -1 596387802 -2 -1 -1 -2 -2 -2 -1
-2 -1 -1 -1 -2 -1 -2 -2 -1 -1 -2 359395420 -1 -2 544325824 -1 -2 955046618 -1 -1 -1 -1 -2 772187393 -2 -1 -1 -1 -1 -1 -1 -1 -2 -1 -1 -1 -1 -2 -1 -1 -1 -1 -2 -2 -1 -1 -1 -1 -1 -2 -2 -1 -1 -1 -2 -1 -1 -1 -2 -2 -2 -1 934870511 -1 -2 -1 -2 -2 -1 -2 -2 -1 -1 -1 -2 -2 -2 -1 -2 -1 744373945 -1 -2 -2 -2 -2 208148538 -2 -1 -1 -2 -1 644894724 -1 -2 -2 -1 73698200 -2 -1 -1 -2 -2 -2 -2 -1 -1 -1 -1 581663850 -1 -2 -2 -2 -1 -2 -2 -2 -1 -1 -2 -1 -2 -2 -2 -1 -2 -2 -2 -1 32697877 511591819 -2 -2 -1 81184411 -2 -1 -2 -2 -2 -1 120162855 -2 -1 -1 639754846
-2 -1 -1 -2 -2 -2 -1 -2 -2 -2 -1 -1 -1 -2 -2 -1 -1 294261700 -2 -2 -2 -1 -2 -1 -2 -1 -2 -2 547269248 -1 411985038 -2 -2 -1 -2 -2 -2 -2 -2 -2 -2 830070455 -1 -1 -2 -2 -2 -1 -2 -1 -1 -1 -2 105418397 -1 -1 -1 -1 -1 -1 -2 -1 -1 -1 -1 -2 15140882 -1 -1 -1 -1 -1 -1 -1 -1 -1 -1 -2 -1 -1 -2 -2 -1 -2 -1 -1 -2 -2 -1 -1 -1 -2 -1 -1 -1 -2 -2 -2 13152923 -2 -2 -1 -2 -2 -2 -1 -2 -2 -2 -1 -1 -2 -2 -2 -2 -1 -1 -1 -1 -1 620888078 -2 -1 -2 -2 -1 -1 -2 -2 -1 -2 -1 -2 -2 -2 53203736 87457198 -1 -2 -2 -2 -1 -1 -2 -1 -1 -1
65986770 966403703 -1 -2 -1 -1 -1 -1 -2 -1 -1 -1 -1 -2 -2 -2 -1 -1 -1 -1 -1 -2 -2 -1 -1 -2 -1 -1 -1 -1 -2 -1 -2 -2 -1 -1 -2 -1 208826887 -2 -2 -2 -1 -1 80196516 -1 -2 52480846 -2 -2 -2 -2 -2 -2 -1 -1 -1 -1 -2 -1 -2 -1 -1 -2 -1 -1 -2 -2 676220099 -2 -2 -2 -2 -2 -1 -1 -1 -1 -2 -1 317852912 306039409 -2 -2 -2 -2 -1 -1 -2 -2 -2 -2 -1 -2 -1 -1 -2 -2 -2 -2 -1 -1 -1 -2 -2 -1 -2 -1 -2 -2 -1 -1 -2 -1 -1 -1 -1 -1 176041495 -1 -1 -1 -2 -1 -2 -1 -1 647770057 -1 -2 48446268 -2 -2 -1 -2 -1 -1 -1 -1 -1 -2 -2 839260513 -1 -2 -1 -1
-2 -1 -2 885712914 -2 -1 -1 598224847 708305136 -2 -1 -2 -2 -2 -1 -1 -1 -1 -1 -1 -1 -1 -2 -1 -2 -2 -1 -1 -1 -1 -1 -1 -2 -2 -1 -2 -2 -1 -1 -1 -1 -2 -2 384196852 -1 -1 -1 -1 -2 -1 -2 -1 445022072 -2 -1 -1 -2 -1 -2 -1 -2 505233105 -2 -2 -2 -2 -1 -1 -1 -1 -2 -1 -2 -2 -1 872438846 -1 -2 -2 -1 363501270 -1 -2 944552125 -1 -1 -2 -1 577259492 -2 -2 -1 -1 140133086 -2 -1 488850254 -2 -2 -2 -2 -2 -1 -1 -2 -1 -1 895883135 -1 -2 -1 -2 -2 -2 -1 406894734 -2 671956826 -2 -1 -1 -2 -2 -1 -1 -2 -1 -1 -1 -2 -1 -1 -1 -1 -2 -2 -1 -1 -1 -2 -2 -1 75959256 -1 -2 -1 831447600
-2 -2 -2 -2 -2 -1 -2 -1 -2 -2 54299735 -2 -1 -2 -1 -1 -2 68966601 -2 -1 -1 671766790 -1 -1 -1 -2 -1 -2 -1 -2 -2 -1 -2 -2 -2 -1 -2 -1 803638815 -1 -2 -1 -1 777734991 -2 -1 -2 -1 -2 -1 -1 -1 -2 -2 -1 -2 -2 -1 -2 -2 -2 -2 -1 -2 -1 -1 832263941 -2 -2 -2 -1 -1 -1 148893571 303318586 -2 -2 -1 255519345 -2 -2 -2 161825105 -2 -1 -2 -1 -1 -1 53702900 -2 -1 35584618 -1 -1 -1 -1 -1 -2 338821377 -2 -2 -1 -2 -1 -2 -1 -1 -2 -1 48752131 -2 -1 -2 -2 -2 -2 -2 -2 -2 -2 -2 -1 -1 -1 -1 -2 -1 -1 -2 -2 -2 -2 -2 -2 813296557 -2 -1 -1 -2 -2 -2 -1 -2 -1 -2 -2
-1 -2 -2 -2 -2 -1 -1 -1 -2 -1 -2 -2 -2 -2 -2 -2 -1 -2 -1 -1 -2 -1 866174456 -1 -1 -1 -1 223201494 -2 -2 -1 -2 102634369 -1 -1 -1 391226668 -2 -2 -2 -1 -1 -2 -1 -2 -2 -1 -2 493302253 -1 -1 -1 -2 -2 -1 -2 -2 797859848 -1 104923795 -1 -1 -1 -2 -2 -1 -2 -1 -2 -1 -1 -1 -2 -2 -1 -1 -2 -2 -2 -1 382555738 -1 -2 -1 -2 -1 -2 -2 -2 -2 -2 317896775 -2 -2 -2 -1 -2 -1 -2 -1 -2 278498303 -2 -2 -2 -1 -1 -2 -2 -1 742333732 -1 -1 -1 -1 -1 -1 -2 -2 541124933 -1 -1 -1 -1 -1 -1 -2 -1 -2 -2 -1 -2 -2 -2 69614721 -1 -2 -2 -2 693202827 -2 948850356 -2 -1 -1 897673926 -1
-1 -2 -1 -2 -2 -1 -1 -2 -1 23347608 -1 -1 -1 -1 -2 -2 632374875 -1 -1 -2 -2 -2 -2 -2 -2 -2 -1 -2 -1 157388252 -1 -1 -2 -1 -1 -1 -1 -1 -1 -2 -1 -2 -1 -2 -1 -2 -1 -1 -1 -2 -2 -2 -2 -1 -1 -2 -2 -2 -1 -2 309071153 -1 -2 -1 -2 -1 -2 -1 817499038 -2 -1 -2 -2 -1 -1 87339320 552033621 -2 -2 -2 -2 -1 -2 -1 -2 866574048 -2 -1 -1 -2 -1 -1 -2 -2 -1 -1 -2 -2 -1 -1 -1 -2 -1 635909479 -2 -1 933558180 215091654 -2 -2 -1 -2 -1 -1 -2 -1 -2 -1 -1 -2 -2 -2 -2 -1 -1 -2 912526319 -2 -1 -2 84881148 -2 -2 -1 -2 -1 -2 -2 -2 -2 -2 -2 -2 -2 54146128 -2 -2
-2 837095261 -1 268891521 -1 -2 -2 -2 -1 -1 -2 -2 -1 -1 -2 -2 -2 -1 -2 -1 -1 -2 927649296 -1 -2 -2 -2 -1 -2 464874616 -1 425213736 -1 -2 -1 -2 -1 41334385 -1 -1 -1 -2 -1 -2 -2 -1 -2 -2 -1 -2 -1 -2 -1 -2 -2 -1 -1 -1 -1 -1 -1 -1 -2 -2 -2 -1 124188168 -1 181499669 -1 -2 -1 524744351 582314382 -1 -2 -2 -2 -2 -2 -1 -2 -2 -1 506315949 -2 -2 -2 -1 -1 -1 -1 -1 -2 -1 -2 -2 26724771 -1 -1 434998521 -2 -2 -1 -1 160012836 -2 -2 -2 -1 -1 -1 19530113 -2 -2 -2 635366163 -1 -1 -1 -2 -2 -2 -2 -2 756876869 -2 -2 -1 -2 -1 -1 -1 -1 -2 -1 -2 -1 -1 123101380 -1 -2 -1 -2 -1 -1 -1
418952748 -1 -2 -1 -2 -1 -1 -1 -2 -1 -2 -2 -1 -2 -1 -1 -1 -2 568796243 -1 -2 -1 -1 189179282 -2 -1 -1 -1 -1 -2 -1 339223122 -1 847858894 -1 -1 -2 -2 -1 -2 -2 -1 -1 573924751 659615575 -2 -1 -2 -2 -1 -1 -1 -1 9500851 -2 -2 -2 -2 -1 -1 -1 -1 -1 207063828 17726273 -1 -2 -2 -1 -2 298866286 -1 -1 -2 -2 725413646 -2 -2 -2 -1 16200016 -2 -2 -2 -2 -1 -2 -2 -2 -1 -2 -1 -1 -1 -2 -1 -1 -1 -2 -1 -2 -1 -1 218129870 -1 -2 -2 -2 -1 -1 940755076 892998797 -2 -1 -2 -2 -1 -2 -2 -2 -1 -1 -1 -2 -2 -1 -1 -2 -1 -2 -2 -2 -2 -2 -2 -2 -1 -2 -2 -1 -2 -1 -2 -2 -1 -1 -1
-2 -2 -2 389101729 -1 -1 -1 -2 -1 -1 -2 -1 -1 -1 -1 -1 -1 -1 -2 -1 213159522 405231938 -2 -2 768012597 -2 -1 -2 -1 -1 -2 -2 -2 -2 -1 -2 -1 -1 -2 -1 111012664 -2 -2 -2 -1 -2 -1 -2 -1 -1 635401552 -2 -1 -1 -1 -2 -1 -2 -1 -1 -1 -1 -1 -1 -1 -1 -2 454481033 -1 -2 429375415 -1 -1 -1 -1 -2 -1 -2 1537491 355258273 966327088 -1 -2 -2 -2 -2 -2 -2 -2 -2 -2 -1 -2 -1 -2 -2 -2 -1 -2 -2 -1 -2 -2 -2 -2 -2 -1 -1 -2 -1 -1 361994724 -2 -1 -1 -1 -2 -2 -1 -2 -1 -1 -1 256646271 -2 -2 -1 -1 -1 -1 -1 -2 -1 -2 -2 880388753 -1 -2 -1 684818189 -1 -1 -2 -2 -2 -2 -1
-1 -2 -2 -2 -2 -1 -2 -1 -1 -1 728251446 -2 -1 -2 57633163 685161701 746152575 -1 -2 -2 37010449 -2 -2 -1 -2 -2 -2 -1 -1 -2 -1 -1 -1 -1 347456885 -2 -1 -2 591903382 -1 -2 -1 -1 -1 -1 -1 -2 -2 -2 -1 -1 -1 -2 -1 -2 -2 -1 74994983 -1 -1 -1 -2 -1 -1 -1 -2 -1 635385278 -1 -1 -1 -2 -1 645682648 -2 -1 -1 -2 -1 -2 -2 -2 -2 852579162 -1 -1 -1 -1 270891831 -1 -1 37068663 -1 -1 -1 -2 -2 973650561 -1 -2 -1 -2 -2 -2 -1 -1 -2 -2 -2 -1 -1 -2 -2 690655269 -1 -2 -2 -1 -2 -1 -1 -2 -2 -1 -2 -2 -2 -2 -1 -2 865029677 146635507 -1 -1 -1 -1 -2 -1 -1 -2 -1 124851027 -2 36624271 -2 -1 -1
-2 -1 -1 -1 -1 -2 -1 -1 300633970 -2 642013141 436995037 -1 -2 -2 -1 -2 -2 -2 -1 -1 -1 -1 -1 -2 -2 -2 -1 -1 -2 237267583 -2 -1 -2 -2 -1 -1 -1 -1 -1 -1 -1 -2 -2 -1 -2 -1 -1 -1 -1 -1 -2 -1 -1 -1 -1 -2 -2 -1 -2 -1 -1 -1 -2 -2 -2 -2 -1 -2 -1 -2 -1 -1 -1 -2 -1 -2 -1 -1 -1 -2 -2 -1 -1 -1 -1 -2 -2 -1 -1 -1 -2 -2 -1 -2 -1 -2 174465621 -2 -1 -2 -2 -1 -1 -1 -1 -2 -2 -2 -2 -1 -1 -2 330811001 -1 -1 -2 -1 -1 -1 139863226 -2 -2 -1 -1 52851444 -1 -2 -1 483813435 -1 -2 -1 -1 133570108 -1 -2 -1 -1 -1 -2 180022473 -1 -2 -1 -1 -1
-2 -1 -2 -1 -2 -1 -1 -1 709105141 -2 -1 -1 -1 48353015 -1 -1 -1 -1 -1 -1 -1 -1 -1 -1 -2 -1 672709375 -1 -1 -1 -2 -1 256810410 -2 -2 -1 -1 -2 -2 -1 -1 -2 -2 -2 -1 -2 986940737 -1 -1 -2 -1 -1 -1 -1 -1 -1 -1 -2 -1 -2 -2 -2 628414450 -1 -1 -1 908161551 -1 -1 209172649 -1 -1 -2 -1 -2 -1 -1 -1 -1 -1 -1 -2 -1 -1 -1 -2 -2 -2 -1 -2 85252332 -1 112632497 -2 -1 -1 -2 -2 -1 -1 -1 459498231 -2 -2 -1 -2 -1 -1 -2 -2 330508463 -2 445901208 661834830 -2 -2 -2 -2 -2 -2 -1 -2 -1 -1 -2 -1 -1 -1 -1 -1 90597959 -2 -2 490877259 -2 -1 -1 -1 -1 -2 -2 -2 -2 -2 -1 151029389 -2
-1 -2 -2 -2 -2 -1 -1 -1 -2 -2 -2 -1 -1 -1 -2 -2 -1 -1 -1 -2 -1 -2 -2 -1 -2 353698021 -1 -2 -2 -1 455494513 -2 -2 -2 746060299 -1 -2 -2 -1 -2 -2 390127111 -2 -1 -1 -2 -2 -2 -2 340018003 -2 -2 2094227 -1 -1 -1 -1 -2 -1 -2 -1 106773193 -1 -2 -2 -1 251497928 -1 -1 837546245 -2 -1 -2 -1 -1 -2 -1 -2 -2 -1 -1 17698143 -2 -1 -1 -2 -1 -1 -2 646034559 -2 -1 -2 -2 -2 -2 -2 -1 -2 -2 -1 -2 -2 -1 -2 -1 -1 -1 -2 -1 -2 258728855 -1 -1 -1 -1 -2 -2 -1 -1 -2 -2 -1 -1 -1 -1 -2 -2 -2 -1 -2 -1 -2 -1 -2 -1 -1 -2 -1 -2 -1 -1 -2 -1 -2 -1 -1
-1 -2 -2 -1 314881254 -1 -1 -2 -2 -2 -1 -1 -2 -2 -2 401968960 -2 -2 -1 625241337 -1 -2 -2 -2 -2 51025790 -2 -2 -1 -1 -2 -2 -1 -1 653745065 -1 -1 -1 -1 -2 471110665 -2 -2 237472870 -2 -2 165762995 -2 -1 -2 -1 92011130 -2 555234103 47499356 -1 -1 -2 72272055 -1 -2 -2 -2 -2 -1 -1 87054974 -1 -2 -1 -1 -1 -1 -1 -2 -1 -2 -1 -1 -1 -2 -2 -1 -2 -1 -1 -1 -1 -2 -2 402059148 -1 -1 -1 -2 -1 133161414 -1 -2 -1 -1 -2 -1 -2 -1 -1 -1 -2 -2 -2 -2 -1 -2 -2 -1 -1 -2 793223927 -2 -2 -2 -2 -2 -2 -1 -2 -1 -1 -2 -2 -2 -2 -2 -2 -1 -2 -2 -1 -1 -2 -1 -2 -2 -1 -1 -2 -1
-1 -2 -2 -1 -2 -2 -1 -1 -1 -1 -1 -1 -2 -2 -2 984955207 -1 -1 -1 -2 -2 -2 -2 -1 -2 -2 -1 -2 -1 -2 -1 -2 -1 -1 -2 -1 -2 -1 -1 -2 433024910 -2 -1 -1 -1 -2 -1 -2 1551475 -2 -1 -2 -2 -2 172400164 -1 -2 -1 -1 62356713 -2 -2 -1 -1 -2 -1 -1 -2 -1 -1 667417518 -1 -1 293151036 -1 -2 -2 -1 -2 -1 -2 -1 -2 -1 -1 -1 -2 -1 -1 709201685 -2 -2 -1 -1 -2 -1 -2 -1 -1 -2 -1 -1 -2 -2 -2 -2 -2 -2 -2 -2 -2 -2 -1 -2 -2 -1 -1 -1 -2 -2 -1 -1 -1 -2 -1 -2 404621688 -2 -2 -2 -1 -1 -1 -1 -1 -1 -1 517483057 -1 -2 -1 -1 -1 -2 -1 -2 -1
-2 -1 -2 -1 -2 -1 -1 5534593 -2 -1 -1 389742262 -2 388486223 -2 -2 -2 -1 -2 -1 401139812 610208531 -1 862826418 -1 -2 -2 -1 -2 -1 -1 -2 -1 -2 -2 -2 -1 -2 -1 -2 -1 -1 906550021 -2 -2 -1 -1 -2 -2 -2 -1 -2 -2 -2 -2 -2 -1 560916205 -1 -1 -1 -1 -2 -1 -2 -1 -2 -1 -1 -1 209818561 -2 -2 -2 103669006 -2 -2 433195003 -1 -2 -1 -2 -2 -2 -1 -2 -1 -2 -2 -1 -2 329634450 -2 -2 -1 606406055 -2 -1 -2 -1 -2 -2 -1 -1 -2 -2 189280324 -1 -1 -1 -1 -1 428495116 -1 -1 34987701 -2 -1 -2 -1 -2 -1 291834574 -1 -1 -1 -2 -1 -1 -1 -2 -1 -1 -1 -2 -1 -2 -2 -1 -2 -1 923412177 -2 -1 719639414 -1 19513851
-1 -1 -1 -1 -2 -1 -2 -1 -1 -1 630904720 -1 912681518 336870106 -2 -1 -2 589920895 827300836 -1 -2 -2 -2 -2 -1 -2 -2 -2 -1 -2 -2 -2 -1 -1 -1 -1 -1 68968860 -2 -2 419613804 -2 -2 -2 179528292 -1 -1 -2 -1 -1 -2 119033443 -1 -2 -2 -2 -2 -2 -2 -1 -2 -2 -1 -1 -1 -1 -2 -1 -2 -1 -2 845840802 -2 -1 745145547 -2 -2 931408285 -2 -1 -1 937580804 658886025 -2 -1 -2 663004361 376267720 -2 -2 -1 -2 -2 -2 -2 -2 -2 -1 -1 -2 -1 -2 -1 129894784 -2 -1 -1 -2 -2 -2 -1 599306777 -2 -2 -1 -2 -2 -1 -1 -1 -2 -1 -1 -2 -2 -1 -2 -2 -1 417701224 -2 -2 -2 -2 -1 125766633 -2 373135302 -1 -1 -1 -2 -2 -2 -1 -2 -1
-2 -2 -1 -2 -2 -2 -1 -2 -1 3017732 -1 -2 -1 -2 -1 -1 -2 -1 -1 -2 -1 -1 -2 -2 -2 -1 -1 -2 -2 -1 127763443 -1 -2 790663493 -1 -1 -1 -2 -2 -1 -1 -1 -1 -1 -1 -2 -1 -2 -1 -1 -2 -2 -1 -2 -1 -2 -2 -2 -1 -1 -2 -2 -1 -2 216752230 -2 -2 -2 -2 -1 -1 -2 -1 -2 -1 -2 766470783 -2 -1 -1 -1 -2 -1 56113985 625927070 9100480 -1 -1 -2 -1 -2 -1 -1 -1 -1 -2 -2 -2 -2 -2 -2 340136205 -1 -2 -1 -2 -2 943524649 -2 -2 -2 -1 -2 -2 -1 -2 -2 -1 -1 -2 -1 -2 -1 -1 -2 -2 488367382 -1 -2 -2 -1 -2 584866024 -2 -2 -1 -2 559041692 -1 -2 -1 -1 -1 -1 -1 -1 -1
-2 -2 -1 -1 -1 -1 -1 -1 -1 -1 -1 -2 -1 -2 -1 -2 -2 -1 -1 -1 -2 -2 -1 -1 -1 -2 -1 -1 -1 -2 -1 -1 -1 -2 -1 -1 -1 -2 19967672 -2 -2 -2 -2 459531849 -2 -1 -1 -1 -2 -1 -2 -1 -2 -2 -1 48571181 5527335 -2 -2 -1 -2 -1 -2 -2 716601599 -1 -2 -1 -2 -2 -1 -2 975132365 -1 -1 -1 455792778 -2 -2 -2 -1 -1 675049620 -2 -1 -2 351187913 -1 -2 -1 475786232 -1 -2 -1 -2 -1 -2 -1 -2 -1 -2 -2 -2 -2 -1 -2 -2 -2 637454991 -2 -1 -2 -2 -1 -1 -2 -2 -1 -1 -1 -2 -1 280629530 -2 -1 -1 -1 -1 -1 -1 -1 -2 -1 -1 129147902 -2 -2 458242918 -2 -1 -1 -1 -2 -1 -2 -2 -2
-2 -2 60318008 -2 -2 -2 -1 -1 -2 -1 -1 -1 -1 -2 -2 920484309 -1 155586802 -1 -1 -1 -2 -2 -2 -1 -1 -1 -2 -1 -1 -2 774398746 -2 -1 -1 -2 -2 -1 -1 -2 -1 -2 -1 -1 -2 -1 739182612 -1 924702537 -2 -2 91882762 -1 -2 -2 -2 -2 -1 -2 764271681 293570651 514227065 -1 -1 -2 -2 -2 -1 -2 -2 -1 -2 -2 -2 -1 -2 -1 -1 -1 638003112 -2 -2 -1 -2 -1 -1 -1 -2 -1 830764668 -2 -1 -2 -1 -2 -1 -2 -2 -1 -1 -2 -2 985146367 -1 -2 -2 -2 -1 -2 806652804 -2 -1 -1 -1 -1 -1 -2 -1 -1 -1 -2 -2 -2 -2 -2 -1 -2 -1 -2 -2 -2 -2 -1 -2 -2 -2 -2 -1 -1 -1 -1 -1 -2 -1 -2 -1 4413363
-1 -1 -2 -2 502252532 -2 -2 -1 -2 -1 -2 -2 -2 -1 -2 217623460 -1 -2 -2 -1 562302335 195727344 -2 -2 -1 634386529 -1 -1 -1 -1 -1 -1 -2 -2 -1 -2 -1 -2 -1 -2 -1 -1 -1 -1 -2 -2 -2 -1 -2 -2 -2 277992205 -2 -1 -2 56855378 -2 -1 -1 -2 -2 -2 -2 -2 -2 -2 -1 -2 18115036 -1 -2 -2 -2 -2 -1 -1 -2 -1 -1 -2 -1 -2 -2 -1 877078811 -2 -2 -1 -2 -1 -2 -2 -1 765076548 -2 -1 278153207 -2 696189956 178014519 -1 113958988 -2 504285810 84578610 -1 -1 -1 -2 -2 -1 -2 682889615 -2 -2 -1 -2 -1 -1 -1 -1 703157386 889352029 -2 -2 -2 -2 -1 -1 -1 -1 -1 -1 -2 -1 -1 -2 -1 -2 -2 -1 -2 994484081 -2 948836705 -2 -2
-1 -1 -2 -2 -2 -2 -1 -2 -1 -2 -1 -1 -1 323475545 -2 -1 -1 30890566 -2 -1 -2 -2 -1 -1 -1 -2 -1 558422609 -2 265875658 -2 -2 -1 -2 -1 -2 -1 -2 -2 -1 -1 612437548 944343492 -2 -2 -1 -1 -2 -1 -1 -1 -2 -1 -1 457582812 -1 -1 28244093 -2 -2 -2 -2 -1 -1 -2 -2 -2 -2 -1 -2 -1 -1 -1 -2 -1 -2 -1 479147915 162513120 -1 -2 -2 -1 -1 -1 -2 681383794 -2 -1 -2 -1 -1 179315903 -2 -2 -2 -1 -2 -1 -2 -2 -1 -2 -2 -1 -1 -1 -2 -1 -1 -2 -2 -2 -1 -2 -2 -1 -1 -2 -1 -1 -1 -2 -1 -2 -2 -1 404492047 -1 -1 -1 -2 -2 -2 -2 -2 -1 -2 -2 -1 -2 -2 -1 -1 665465736 -2 -1
-2 -2 -2 -2 -1 -1 -2 -2 -1 -2 -2 -2 -2 805837726 -1 -1 -1 -1 -2 -2 -2 -1 -1 -2 -2 -1 -2 -2 -2 -1 -2 -1 -2 -2 -1 -2 -1 -2 -2 -1 -2 -2 -1 -1 -1 -1 -2 -2 -2 -2 -2 -1 -1 -1 -1 -1 -2 -1 -1 -2 -1 513185782 440534384 321858834 -1 -1 -2 -2 -1 -2 -2 60671544 -1 23480617 -2 -1 -2 -2 -1 -1 -2 -2 -1 -1 -2 -2 -2 -2 -1 -2 -1 -2 -2 396703232 -1 -2 -1 -2 916508152 585032627 -1 -2 -2 -1 -1 -1 -2 757181401 -2 -2 -1 -1 -2 351364316 -2 -1 -1 -2 -2 -2 -2 -2 -2 356485806 -1 -1 -1 -1 745958116 -1 254516934 -2 -2 -1 -1 -2 -1 -1 -2 -2 -2 194201912 -2 -2 -2 -1 67961798
-2 -1 -1 -1 -1 -2 -2 693974202 -1 -2 -1 -1 -2 -1 -2 -1 -2 -2 -1 -2 -1 -1 -2 676538980 -2 -2 -1 -1 -1 -2 232102819 -2 -2 -1 -1 -1 -1 -2 -1 -2 -1 411726547 -1 -1 -2 -1 -1 -2 -1 -1 -2 -1 -1 356144800 -1 -1 -1 -2 -1 -2 -2 -1 -1 -1 -1 -2 -2 -1 -2 -1 -1 -2 -2 -1 -2 -2 -2 -2 490011913 736560800 -1 -1 -1 -1 -2 -1 -2 257998112 -1 -1 -1 832784333 -1 -2 -2 -1 -2 -2 -1 -1 -2 -2 -1 -1 -1 -1 -2 -1 -2 -2 -1 -2 -1 -1 -1 -2 -2 -1 -1 -1 -1 -2 -2 -2 -2 -1 -2 -2 -1 -1 -2 -2 -1 -1 -1 -1 -1 -2 -2 -1 -2 -1 -2 -1 -1 -2 -2
-1 -2 -1 -1 209596892 235580691 -1 -1 -2 -1 -2 -1 -1 -1 -1 943163673 -1 -2 -1 -1 -2 -1 -1 -1 725256997 -2 -1 -2 -2 -1 -1 704009372 -1 -1 -1 -1 -1 -1 854871783 -2 -1 -2 -1 748643224 -2 -1 -2 -1 -1 -1 -2 -2 -2 509050103 -2 -1 -2 -2 -1 -1 -1 -1 -2 -2 -1 -2 -1 -2 -1 -2 -1 -2 -1 -1 -2 -1 -2 -2 -2 868479528 -2 -1 -2 -2 -1 -2 -2 -2 -1 -1 -1 -1 -1 -1 -2 -1 -2 -2 -2 -2 -1 -2 -1 -2 -1 -2 -1 -1 -1 -1 -2 -2 -2 -1 -2 -1 -2 -1 -1 -2 -2 -1 -1 -1 -2 -1 -1 -2 -1 -1 689111550 -2 -2 -1 -1 -2 -2 -2 -1 -2 153449164 -1 -2 -2 -2 -2 522482485
-1 -1 -2 -2 -2 -2 -2 -1 -2 -2 -1 116718434 -2 -2 -2 -2 -1 776654814 -2 -1 -2 -2 -1 -2 -2 -1 -1 -1 -2 -1 -1 -1 -1 -1 -2 -1 -1 -2 -2 -1 -1 -1 -2 -1 -2 -2 -1 -1 -1 -1 -2 -2 -1 -1 -2 -2 -2 -1 -1 -2 -2 -1 -2 -1 -2 -2 -1 -2 -2 -1 -2 -2 650013014 577671372 -2 -2 -1 -1 -1 -1 -1 -1 -1 -2 -2 -2 -2 -2 -1 -2 -2 -1 -2 -1 -1 -1 5649082 -1 -2 -1 -1 -1 -1 -1 -1 -1 -2 -1 -2 461159527 -1 -2 -2 442580621 -2 -2 -1 -2 -2 -2 -1 -2 708196875 -1 -1 -2 -2 95423483 -1 -1 -1 -1 -2 -2 -1 -2 -1 -2 -1 -2 -2 -2 -1 -2 44828976 -2 -2
-1 -2 -2 -1 -2 -1 -1 -2 -2 -2 -1 -1 -1 -2 -1 -2 -1 -2 -1 -1 -1 -1 -1 -1 -2 -2 -2 -1 -1 -2 -2 -1 -1 -1 -1 -2 -2 -2 348047007 -2 125166540 -2 -2 -1 -2 618993019 -1 -1 -1 -2 -2 -1 -1 -2 -2 -2 -1 830729530 -2 -2 -1 -1 -1 -2 381396691 -1 260947700 -1 -2 -1 -2 -2 -1 -1 -1 -1 -2 -1 -2 544920319 -2 -1 -2 -2 -2 -1 -2 -2 -1 -1 -1 34004001 -1 -2 -2 -2 -1 -1 815128927 -2 -1 -1 -2 -2 -1 513316510 -1 989815388 -1 -2 -1 -1 -2 -2 -1 744712797 256174975 -2 -2 -1 -2 -1 -2 -1 -2 -2 -2 -1 -2 -1 -1 -2 -2 -1 603620382 149420452 -1 -2 -1 -1 -2 -2 -1 -1 -1 -2 -2
-2 -1 445282257 -1 -1 -2 -2 -2 -2 -1 -2 -2 -1 -2 -1 -1 -2 -2 -2 -2 -1 -1 -2 -1 -2 -2 -1 -1 -1 -1 -1 -1 -1 -1 -1 -1 -1 -1 -2 760932155 -1 -1 -2 -1 94530165 -2 -2 -2 582689086 -2 216677100 -2 -2 -1 -1 -1 -1 -2 -1 -2 -1 -1 -2 -2 -1 -2 -2 878272618 -1 -2 -1 -1 -1 -2 -2 264275228 -1 -2 -2 -1 -1 -2 -1 -2 -2 -2 -1 -2 -1 -1 -1 -1 -1 -1 -1 -2 -1 -1 -2 -1 -1 -2 330514769 -2 -1 -1 -2 -2 -1 167466877 -1 186658660 896216955 -1 -2 -2 -2 -1 487970766 -2 -1 -2 -2 -2 -2 651255304 -2 -1 -2 -1 -1 -1 -2 -2 -1 -1 -1 447190623 -2 -1 -2 -1 -1 -1 -1 992296675 -1
-2 -2 385557185 989499896 -1 565584019 -2 214512188 -2 -1 -2 -1 -1 -1 656619579 -2 -1 -1 -1 -2 -1 -1 -2 -1 -1 -2 -2 -2 -2 -1 206481463 -2 -1 -2 330007564 -2 971500101 309039135 -2 -1 -2 -1 -2 -2 -1 84409992 -2 -2 -2 -2 -1 -1 -2 -2 -2 -2 -2 -1 -2 -2 -1 -2 -2 648817266 -1 -1 -1 -1 -2 -1 -2 -2 -2 958827678 -1 -1 -1 -2 -2 -1 41439225 -2 -1 -1 -2 -2 937056076 -1 -1 -2 -1 -1 -2 -2 -1 -2 869375143 -2 -2 -2 -1 -1 -2 -1 -2 -2 -2 -1 -1 -2 -1 -2 790478936 -2 -1 -2 -2 -2 -2 -1 -1 -1 -1 -2 632388156 -2 -2 -2 -2 -1 -1 734734187 -2 205816537 -1 -1 819085039 18734677 -1 -1 2238748 -1 -1 -1 -2 -1 -2
-1 -1 -2 -1 -1 -1 -2 -1 -2 -1 -1 -1 -2 -1 -1 603963542 -2 -2 -2 -1 -1 -2 -2 -1 246229774 -1 -2 -2 -2 -1 -2 -2 48318402 -1 -1 -1 -2 -2 -2 -2 -1 -1 -1 -1 -1 -1 -2 -2 -1 -1 -1 -2 -1 770862554 -2 -1 -2 -2 -2 -1 -2 -2 -1 -2 -2 -2 -1 -2 -1 -1 -1 -1 -1 -1 -2 -1 -2 -2 -1 -2 -2 -2 -1 -1 -2 -2 -1 -1 -2 -1 156537753 -1 625457896 -1 -2 -2 -2 -1 -1 33142529 -1 -1 -2 60885293 -1 -1 -1 -2 -1 -1 -2 -1 -1 -1 -1 -1 169850655 -2 -1 693710815 -1 -2 -2 10379032 119214087 -1 -2 -2 -1 -2 -1 -2 -2 -1 -2 -1 -1 271727800 -2 -1 -2 -1 -2 -2 -2 -1 -2
-2 -1 47364643 -1 -1 -1 -2 -2 -1 -2 -1 583473610 213263174 -1 -1 -2 -1 -2 -1 -1 278843773 -2 -2 420759979 -2 -1 -1 -2 -1 -2 -2 -1 -1 -2 -1 -2 -1 -2 -2 -1 -1 343384593 -2 -1 -2 -2 -2 -1 -2 -1 -2 -2 -1 -1 -1 -2 645138684 -2 -2 -1 -2 -2 -2 116951722 -1 -2 -1 -1 -2 -2 -1 -2 -1 -1 -1 -2 -1 -2 -2 -2 -1 -2 -1 -1 -1 -2 579955304 -2 -1 -2 -1 -1 -2 -2 -1 314266542 -1 -1 -2 -2 -2 -2 984993475 -2 -2 -1 -2 -2 -1 -2 -1 -2 -2 -1 -1 -1 -1 -2 -1 -1 -2 -2 -1 -2 -1 -2 -1 -2 -1 -1 -2 -1 -1 -2 -2 8045575 -1 623026462 -2 -1 -1 135496018 -1 -1 -1 -2 -2
-2 -2 -1 -2 -1 -1 543929867 -1 -1 -2 -1 -2 -2 -1 -1 107600837 -2 654710812 -2 98423098 -1 -1 -1 -2 -1 -1 -1 -1 -1 193975206 -1 -1 -1 -2 -1 -2 -1 -1 -1 88176403 651488412 -1 -2 -2 -1 -1 -1 -2 -1 -1 -1 -1 -2 -1 -1 700845797 -1 958321189 -1 -1 -1 -1 -1 -2 373091968 -1 -2 -1 -2 143701596 194310474 -2 -1 -2 -1 -2 -1 968295144 405946573 987594683 -2 -1 -1 -2 454468360 -1 -1 -2 -2 681743686 -2 -2 -1 -1 -1 -1 -2 -1 336541314 -2 -2 -2 -1 -1 -2 810547811 -1 -2 -2 -2 83760067 -1 -1 -1 -2 -1 -1 -2 -2 -1 -1 -2 -1 -1 -2 -1 -2 -2 -2 -2 -1 -2 984172348 -1 -1 363053861 -2 -1 -1 -2 -1 -2 -2 -2 -1 -1 -1
-1 -1 -1 -2 -1 -1 -2 -1 -1 -2 -1 -1 -2 -2 -2 -2 -1 -2 -1 331658359 -1 -1 -1 -2 913860980 -1 503303200 489017117 -2 -2 -1 -1 -1 -1 -1 733651166 -1 -1 -2 -2 469104496 -1 -2 -1 -2 -1 -2 -1 -1 -1 -2 -2 -1 -1 -2 -1 -1 -2 -1 -2 -1 -2 -2 -1 -1 -2 -2 -2 -1 -1 878641784 -1 -2 -1 -1 -2 -2 -1 -2 -1 -1 -1 -1 -1 -2 -1 -2 -2 -2 -2 -2 -1 -1 -1 -1 -1 -2 -1 -2 -1 -1 -1 -1 -1 -2 -2 -2 -2 -1 -1 -2 -2 -1 -1 -2 -1 -1 -1 -2 -2 -1 -2 -1 -1 -2 -1 -2 -1 -2 -2 -2 -1 -2 -2 -1 -1 -2 -2 -2 483981654 -2 -2 -2 -1 338364725 -1 -1
-2 666400817 -2 -2 -1 -1 -1 -2 -2 -1 -2 -2 -1 -2 -1 -2 -2 -2 -1 -2 -2 -2 -1 -2 -1 -2 -2 -2 57130955 -2 -2 -2 -1 -1 -2 268071207 -2 -1 -1 707904439 -1 -1 -1 -2 -2 -1 -1 986627335 -1 -1 -1 -1 -1 -2 -1 -1 -1 -2 -2 -2 -1 -2 -2 -2 -1 -2 -2 -2 -2 -1 -1 -1 -2 -2 -2 -2 -2 -2 -2 -1 -1 -2 959675060 -2 -2 709597552 -1 -1 -1 -1 -2 -2 208845330 -1 -1 -1 96360897 -1 760336665 -1 -2 -1 -1 786500579 -1 -2 -2 -2 -1 -1 -1 -1 -1 -1 -1 -2 -1 -1 -1 -1 -1 153075906 -2 -2 -1 -2 -2 -2 -1 -2 -2 -2 -1 452590621 -1 -2 -2 -2 -2 -2 -1 -2 -1 871718619 56855598 -1 956449030
-2 -2 -2 -1 -1 -2 -2 955445654 -1 -1 -1 -1 -1 -1 -1 -1 -1 -1 -2 -2 -1 -1 -2 -2 200708660 -1 -2 -2 -1 -1 -2 -1 -2 -2 -1 -2 -1 -2 -1 -1 321155401 -1 949860629 -1 -2 -2 -1 -1 -2 -1 -2 -1 -1 -2 -2 -1 -1 766861761 -2 -2 -1 -2 -2 -1 -1 -2 -1 -2 -1 -2 -1 -1 -2 -2 815770159 -1 -1 -1 -2 -2 -1 -1 -1 -1 -2 -2 -2 -2 -1 -1 -1 -2 -1 530414728 -1 -2 -2 -1 556875497 -1 -2 -1 -2 -1 76485250 -1 -1 -1 -1 -2 -1 -2 -1 -1 -1 -2 -1 -1 -1 -1 -1 496594591 -2 -2 -1 -2 -2 348473958 -1 -2 -2 962250911 -2 -1 -1 67988818 -1 -2 -2 -2 -1 -2 898549183 -1 -2 -2 -1
-2 -2 -1 -2 7590661 -1 826602932 -2 -1 -2 -1 578881827 -2 -1 -1 -1 -2 -1 976866998 -2 -2 -2 -2 -1 -2 -2 -2 -2 -2 -1 -2 -2 -2 -1 -2 -1 -2 -2 -2 -2 -1 -1 -1 258581683 366137553 -2 -1 -2 -1 -2 -2 -2 -1 432556022 -2 -1 -2 -2 -2 -1 -2 -2 -2 -2 -1 388527554 -1 -2 -1 -2 -1 -2 -1 -1 -2 -1 -1 -2 -2 -1 -1 -2 -1 -1 -2 -2 -2 -1 -1 -2 -2 -1 -1 -1 -2 -2 520543191 -1 -1 -2 -2 -1 -1 -1 -1 -1 -2 -1 -1 -1 -1 530782839 -2 -1 -2 -1 -2 -2 -2 -1 -2 -2 -1 116989973 -1 -2 -1 -1 -1 -1 -1 -2 -2 -2 -2 -1 -2 -1 -1 -2 -1 -2 -1 -1 -1 -1 266813716
-1 -1 -1 -1 -1 -1 -1 -1 -1 -1 -2 -1 -2 94498533 -1 -2 -1 -1 -2 -2 -2 -1 -2 -1 -2 -1 547652158 -2 -1 -1 -2 -2 -1 -1 241383960 -2 -1 -2 -2 -2 -1 -1 -1 -2 -2 -1 -1 13908159 -2 -1 -2 -1 -1 -1 -2 -1 -2 -2 -2 -1 -2 -1 -2 -2 -1 -1 -1 -1 -1 -1 936086972 -2 -1 -1 -1 -1 -1 -1 -2 -1 -1 -2 458691626 -1 -1 -2 -2 -2 -1 -2 -2 409255934 -2 -2 -1 -1 -1 -1 -1 -2 -2 -2 -2 -2 -1 -1 -2 73135822 -1 -1 -2 -2 -1 -1 -1 -1 -1 -1 711778509 -2 -2 114087293 378947827 -1 -1 -1 -2 -1 -1 -1 -1 -2 -1 -1 -1 -2 -2 -1 -2 -2 -2 416215284 -1 -1 -2 -1 -1
-2 -2 -1 -1 -2 -1 -1 -1 -1 -2 -2 -1 554538272 -2 887788879 -2 328555539 -2 -1 658268135 -2 -2 -1 -1 -2 -1 -2 -1 -2 -2 137390113 -2 706842015 779375454 756421065 -1 -2 -1 -2 -2 502117274 -1 -2 -1 -1 -1 -1 -1 -2 -2 -2 893405522 -2 -2 -1 -1 -1 -2 -1 -2 -2 -1 -2 -2 -2 -2 140154229 -2 -2 332469197 -1 -1 -1 -1 -1 -2 -1 -1 -2 -2 -2 -2 -1 -1 567040514 -1 -2 185497930 -1 -1 -2 -2 -2 300471055 -1 -2 -2 921289099 -1 -1 544974936 -2 -2 -2 -2 898060854 -1 -1 -2 -1 -2 919487608 -2 -1 -2 608215256 -1 -2 -1 -1 -1 -1 -2 -1 -1 -1 -1 -1 -1 -2 -1 -2 -2 -1 -1 -1 -2 9351870 -2 -2 -2 -1 -2 -2 -2 -1 -2
135881067 -2 -2 -2 -1 863398895 -2 -2 -2 -2 -2 -2 -2 -2 -2 -1 -1 -1 -2 -2 -1 -1 -1 -2 -1 -2 -2 -1 -1 -1 -2 -1 -1 -1 -2 -2 -1 -2 847310631 -1 -2 -1 231567262 -2 -1 -1 -1 -1 -1 -2 -2 -1 -1 -2 -1 96815108 -2 -1 -1 -1 -1 -2 -1 -1 178966877 -2 -2 437583555 -1 -1 -2 -2 -1 -1 -2 -1 -1 -2 -1 -2 -2 -1 -2 -1 -2 -1 936490913 -2 -2 -2 -2 -2 -2 -1 -1 -1 -1 -1 -1 -2 -2 -2 -2 -1 -2 -1 -2 -2 -1 -1 -2 -1 -2 -1 84024809 -1 -1 -2 668990776 -1 -1 -1 -2 -2 -1 -2 -1 -1 -2 -2 -2 -1 -2 550060136 -2 -1 -2 -1 -1 -1 -1 -1 -1 -2 -2 -1 -2
-1 -2 -1 -1 -2 -1 -1 -2 -1 -1 -2 -1 -2 -2 409489683 670943782 -2 -1 273842818 242559016 -2 -1 -2 -2 -2 -2 264904370 91107349 -1 -2 -1 -1 -2 -2 -2 -1 -1 -1 -2 -2 -1 -2 -2 -1 -1 -1 -2 -1 -2 -2 -2 -2 -1 -2 -2 -2 -1 -1 -2 51958476 -2 416131067 -2 52775235 -1 -1 -1 -1 -2 -1 -2 -1 -1 -1 -1 -2 -2 -2 832090819 -2 -2 -2 -2 -2 -1 -1 -2 -2 -1 -1 -1 -1 -2 -2 -1 -2 -1 -2 -2 -1 -1 -1 -2 -2 -1 -1 -1 -2 -1 -1 238781488 -2 -1 -2 -2 -1 -1 -1 -1 -1 -1 -1 -2 -2 -2 -2 -2 -1 -1 -2 -1 -2 -1 504556146 -1 -2 -2 -2 -2 -1 -1 -2 -2 -1 -1 -1 -2
-1 -1 497933032 -2 -2 -1 616487739 -2 -1 -1 -2 -2 -2 -2 -1 -2 -2 -1 -1 -1 -1 -1 -1 -1 -2 -2 -2 -1 886815885 -2 -2 -1 -2 998267230 -2 -1 412626724 -1 -2 -2 -1 -2 -2 -2 -2 -1 -2 -1 -2 -2 -1 -1 -1 -2 -1 -1 -2 705964914 -1 -1 -1 -2 -1 -2 708446456 -2 -1 -1 -2 -2 -1 -1 -2 -2 -1 -1 -2 -1 -1 -1 -1 586808880 603732610 -1 -2 -1 -1 -2 -2 -1 -1 -1 -2 -2 -2 -1 -2 -2 -1 -2 -1 -2 -2 -2 -1 -2 -2 -2 -1 -1 -1 -2 994773780 -2 -2 -1 -1 669473339 -1 -1 -1 -2 941067827 -1 -2 -2 -1 -2 -1 -1 -2 -1 436426912 -1 979990017 -2 -1 -2 -2 571896672 -1 -1 -1 -1 629112032 -1 -1
12386604 -2 -2 -2 -1 -2 -1 -2 -1 -1 -2 -1 -1 -1 -2 -2 551881193 -1 -2 930523083 -2 -2 -1 -2 -2 144483253 431331632 -2 -1 -2 -1 -2 -1 -1 -1 -1 -1 -1 -1 -1 -2 -1 -1 -1 -1 962743808 -1 -2 -2 -1 365453587 -2 -2 -1 -2 -2 -1 -1 -2 -1 -1 -2 -1 -2 -1 479463016 -2 -1 -2 -1 -2 -2 -1 -2 851970554 -1 -2 -2 767947175 -2 695811557 -1 -2 -2 -2 -2 -1 -2 -2 391387208 -2 -1 -2 -2 -1 -2 -1 -1 -2 796621391 -2 -1 -2 -1 -2 305337395 -2 -2 -2 -1 -2 671154768 -2 -1 734525306 -2 -2 -2 -1 -1 -2 -1 -1 -2 -2 -2 -2 270689452 -2 -1 -1 -1 -2 -1 127859811 -2 -1 -1 -2 -1 -2 -1 -2 -2 -1 -1 -2
-1 -2 -1 -1 -2 -1 -2 695064714 -1 -2 492251674 -1 -2 -2 -1 -2 -1 -1 -1 -1 -1 -1 -1 -1 837453780 -1 -2 453398198 -2 -1 -1 -1 -1 -1 -1 -1 -1 -2 -2 374729624 -2 -2 -1 -1 -1 -2 -1 -2 -2 -2 -2 -2 -1 -2 -1 -2 -1 -1 -2 -1 -2 -1 187681004 -1 -1 -1 -1 543677186 -2 -1 -1 -1 -1 -2 -1 -1 -1 -1 -1 -2 644223463 -2 -1 -2 -2 -1 691547805 -1 -1 -1 -2 -1 632823521 509620447 -2 -2 -1 -2 -1 -1 -1 121601542 -1 -2 -1 -1 748917315 -2 -1 -2 -2 -2 -1 -2 -2 -1 -2 -1 -1 408257386 -2 -1 -2 -2 -2 -1 -2 -1 -1 -2 -2 -1 -2 804369753 -2 814979267 -2 -2 -1 -1 -2 801262506 -2 -1 -1 377400677 -1
-1 -2 -1 -1 -1 -2 -1 -1 -2 -1 -1 972211995 -2 -1 476951433 -1 -1 -2 -1 -1 -2 -1 -1 -1 948036046 -1 398075970 -2 -2 -1 -2 -2 -2 -1 -1 -2 -2 -1 -1 -1 -1 582144964 -2 -2 -1 -1 -2 -1 -2 -2 -1 -2 -1 -2 -1 -2 -1 -2 -1 -1 -1 -1 -2 -2 -2 -2 -2 -2 -2 -2 -2 -1 -1 -1 -1 -1 -2 -2 -1 -1 -1 -1 -2 -1 -1 -2 -2 -2 -1 -1 -2 -2 301306265 -2 -1 -2 -1 -2 -2 -2 -2 -2 263171634 -1 65574059 -2 -2 -2 -2 -1 -1 -1 -2 -2 -1 -2 600504976 -1 -1 -2 -1 -1 -2 -1 -2 -1 -1 -2 -2 -2 -1 -2 836015736 -2 -2 -1 -1 -1 -2 -2 -2 -1 -1 -1 -2 -2 -1
-2 -2 -2 -2 -1 -1 -1 -2 -1 549603438 -2 -1 -1 -1 -1 -1 -2 -2 -2 -2 -1 -2 -2 -1 -1 -2 -1 -1 -2 -2 -1 751941753 -1 -2 -2 -1 -1 -2 -2 103065827 -2 -1 -2 -1 -2 -1 -2 816079806 -1 -1 -2 -2 -1 48290745 -1 -2 -1 -1 -2 -1 718210557 -2 -1 375062300 -2 -2 -1 -1 -1 -2 -2 -2 614298639 -2 -2 -1 -2 -2 -1 -1 -2 -2 -2 -2 371493381 -2 -1 -1 -2 -1 -2 -1 -2 -2 831574139 -2 -2 195029026 -1 -1 -2 -2 368100871 -1 -2 -2 -1 431260563 -1 -2 -2 -1 -1 -2 142043701 -1 -1 -2 -2 -2 -1 -1 -1 -2 875244217 -2 -2 -1 -1 -1 -1 -1 -1 -2 -1 -2 -1 -1 -2 -2 -2 -2 -1 -1 -2 -1 -1
-2 -2 -1 -1 -1 -1 -2 -1 -2 -1 -1 550047206 136176634 -1 -2 138657154 360900889 -2 -1 -1 -2 -2 -1 -2 -1 -1 -1 -1 -1 -2 -1 -1 -2 -1 -2 -1 -1 -2 -1 -1 -2 -2 -1 -1 -2 -1 -2 -2 855300904 -1 301985987 -2 -1 -2 66952630 -1 -2 -2 -1 -1 -2 447834774 -1 -2 -2 -2 -1 -2 -1 -1 -1 -2 -2 -2 654485837 -2 -1 -2 -2 714637822 -2 -1 725390919 -2 -2 -2 60520465 -2 -2 -1 -1 -1 -1 -2 -2 -2 -1 -2 -2 -1 218195884 68677175 -1 -1 -1 -1 28975063 -1 -2 -1 -2 -2 -2 -2 -1 -1 -1 -2 546368365 -1 -1 -2 924392342 -2 -1 -2 -2 -2 -2 131879061 -1 -1 -1 -1 -1 -2 590437132 -2 -1 40032860 -2 587813272 -2 -2 608796778 -2 690115465
-1 26783665 -2 -1 -1 -2 768183275 -2 -1 -2 -1 -1 -1 -2 -2 -2 -1 -2 -2 -2 -1 -1 -1 -2 -2 -1 -1 -2 569284072 -2 -1 -1 734848366 -1 -1 20682728 -1 -2 -2 -2 631199585 -1 -2 -1 335346077 -1 -1 979383932 -2 -2 -2 -2 -2 -2 -2 -1 -1 250237596 -2 -1 -1 -2 -2 -2 -2 -2 -1 -2 -1 -1 -2 -1 -2 -1 -1 -1 -1 -1 -1 -1 -2 -2 -2 -2 866154751 -2 -2 -1 -1 -1 -1 -1 -1 -2 -2 -1 -2 -1 -1 -2 -2 204454939 -2 542226933 -2 -2 -2 -2 -1 -1 -2 -1 -1 593682235 -1 -2 -2 -2 -1 -2 -2 -1 -2 -1 -2 -1 -1 -1 -2 -2 -1 -1 -2 -2 -1 -2 -2 -2 -1 903698378 -1 581650572 -1 -1 -1 -1 -2
-1 -2 -2 -2 -1 -1 -1 -1 -1 -2 -1 -2 -1 -1 -1 -2 -2 -1 -1 -1 -2 -2 855437591 -1 -2 -2 -2 -2 -1 892042140 -1 -2 -2 -1 -2 -1 447464723 -1 -1 -1 -2 -2 -2 -2 -1 -2 -1 -1 -1 -2 -1 -1 -2 -1 -2 -2 -1 -2 442875896 -2 -2 -1 -1 -1 -1 -2 -1 -1 -1 -2 -2 -1 -2 -2 -2 -1 -1 -2 -1 -1 -1 -1 -1 -1 -1 -1 934457847 -1 -2 561009464 -1 -1 -1 -1 -2 -2 -2 -2 -2 -2 -2 -2 -1 -2 -1 649283348 -2 -2 -1 -1 -1 978082917 -1 778709528 -1 -1 440309151 -1 -1 250614004 -2 -2 -1 -2 -2 -1 -2 -1 -1 -2 -1 -1 -1 -1 -1 -1 -1 -1 -2 -1 -2 -1 -1 -2 -2 -1 -2
-1 -2 -1 -1 -1 -2 789850324 -1 -2 -2 -2 -2 -2 -1 -2 -2 -1 650939177 -2 -2 -2 -2 -2 -2 -1 -2 -1 405657092 -2 -1 -2 -2 -2 -1 -2 -2 -1 -1 -1 -2 -2 871292927 -1 -2 -1 491540835 -2 -1 -2 -2 -2 -1 395458568 -2 -1 -1 -2 -2 -2 -2 -2 -2 -1 -1 26335439 -1 -1 -2 -1 -1 -2 -2 -2 -1 -1 683127541 -1 -2 -2 -1 -1 -2 -1 -1 -1 -1 -1 -2 -2 -1 -2 -2 -2 -1 -2 -2 -1 -2 -1 -1 -1 -2 -2 -2 -1 -1 -1 407792396 -2 -2 -1 -2 470175235 -1 -2 -2 108592783 -1 -1 -1 -2 873559587 -1 -2 -2 -2 -1 -2 -1 -1 -1 -1 -1 -2 -1 -1 -1 -2 788682795 -2 -1 -2 -2 -1 -1 -2 -2
368497020 -2 -2 -2 -1 -2 207378081 -1 -2 -1 -1 -2 -2 -1 -2 -2 -2 -1 -1 -2 -2 -1 -1 -1 -1 -2 -1 -1 -1 -1 60306505 -1 -1 -2 -2 -2 -1 -2 -2 -2 -2 -1 -1 -1 -2 -2 -1 -2 -1 -2 -1 -2 -1 -1 783347044 -1 -2 -2 -1 -2 -1 -2 -2 -2 -2 -1 -2 -2 -1 -1 -2 -1 -1 -1 989537766 -1 79289624 -1 -1 926016376 -2 -2 -1 -2 -2 -2 -2 -2 -1 -2 68233338 -1 -1 856258837 -1 -2 -2 -2 -2 -2 -1 -1 -1 -1 -1 -1 -1 -2 -1 -2 -2 -1 -1 46666673 -2 885494319 -2 -2 -1 52201117 -1 -1 262101879 -1 567058789 -2 -2 -2 -1 -2 -1 -2 -2 288353502 -1 -1 -1 -2 -2 -1 -1 -1 -2 -1 -2 -1 -2
-1 -2 -1 -1 -1 -2 490910607 -1 -2 -1 -2 -2 -1 -2 -1 -1 -2 68625273 -2 -1 -2 -2 -2 -2 -2 -2 -2 -1 862832131 -2 -1 -2 -1 -2 -2 -2 920507958 -1 -1 -1 -2 -1 -1 607103146 -1 513137562 -2 -1 -2 -2 -2 -2 -1 -2 -2 -2 -1 -2 93619148 -1 -1 -1 -2 -1 -2 -1 -1 -2 -2 -1 -2 -2 -2 -1 -2 -2 -1 -2 -1 -2 -2 -2 -1 -2 -1 -1 -2 -1 -1 -1 -1 -1 -1 -1 -2 -2 -2 -1 273882731 -1 850282926 820208829 391178036 -1 -2 754399209 13570264 -1 926346277 -1 -2 -1 -2 -2 -2 -2 -2 -1 -2 -2 -2 -1 -2 -2 -2 -1 805787463 281002787 -2 -2 -1 -2 -1 -1 -2 -1 -2 -1 -1 580593376 -2 -2 -1 -2 421849581 -2 -1
-1 -2 -1 -1 -1 -1 -2 -1 -1 -1 -1 -2 -1 -1 -1 -1 -2 -1 -1 -1 -2 -2 -2 -2 -1 -1 -1 -1 -2 -2 -2 -1 -1 -1 -2 810056264 -2 182958810 -1 -2 -2 378144341 -2 326143121 -1 -1 -2 -1 -1 -1 -1 -2 -1 -2 -2 -2 -1 -2 -1 -1 -2 -2 -1 -2 -2 -2 22879818 -1 -2 -1 -1 714284834 -1 -1 740922821 -2 -2 -2 -1 38812186 -2 -1 492068930 -1 -2 -1 -1 -2 -2 -2 -1 -2 -1 -1 -1 -2 -1 -1 -2 -2 -2 -1 -1 -1 -1 -2 -2 -2 -1 -1 -2 -1 -1 -1 -2 -2 -2 -2 -2 -1 -2 -2 -2 -2 -2 -1 48925641 -2 -1 -2 -2 429756475 -2 -1 -1 -2 -1 -1 -1 -1 -1 -1 -2 -2 -1 -2 -1
-2 -2 -1 809793752 -1 -2 -2 -1 67627237 -2 -2 -1 -2 -2 881136369 -2 -2 -2 205127087 -1 -2 -2 -1 -2 -1 -1 -1 -2 -1 -1 -2 -2 -2 -2 -1 -1 180173135 -2 -1 -1 -1 785703117 -2 -1 568471800 -2 -2 -1 -1 -2 -2 -1 -2 -2 632218948 -2 -1 -2 -1 -2 -1 -2 -1 -1 -1 -1 -1 -2 -1 -2 -1 -1 -2 -2 237958923 -1 884698929 -1 -1 -1 625653843 706515137 -2 -1 -1 -1 -2 -2 -2 -1 -1 -2 -1 -1 3924391 -2 -2 -1 -2 -2 -1 -2 -1 -1 -2 -2 -2 -1 -2 -2 -1 -1 -1 -2 -1 -1 -1 -2 -1 -2 -2 -1 -2 34385687 -1 -2 -1 -1 -2 -1 -1 -2 -1 -2 -1 125276122 -1 -1 -2 -1 -1 -2 -1 -1 -1 -2 -1
-1 -1 770265067 -1 -1 -2 -2 -2 -1 -1 -2 -2 -2 -2 -1 -2 931663166 -2 -1 -1 -1 -2 -1 -1 -2 311613508 -2 -1 -1 -1 49286754 -1 -2 -1 -2 -1 -2 -1 -2 -1 -1 -2 -2 -2 -2 983172050 -1 -1 -1 -1 -1 -1 -1 -1 -1 513898619 -2 -1 -1 76032822 -2 -2 -1 -1 -2 -2 -1 -2 -1 -1 -2 -1 -2 -2 -2 -1 -1 935553155 -1 -2 -2 -1 -2 -1 -2 -2 -1 -1 -2 -2 -1 -1 -1 -2 -1 -2 -1 -2 753999276 364546029 -1 -1 -2 -2 -2 -1 637574370 -1 -2 -1 -2 -2 -2 -2 -2 -1 -2 -1 -1 -2 -1 -2 -1 -2 -1 -2 -1 -1 -2 -2 -2 -1 -2 -1 -2 -1 45779070 -2 -1 -2 -2 -2 -1 -1 -2 -1 -2
-1 -2 -2 -2 -1 -2 -2 -2 -1 -2 -1 757794715 -2 -2 -2 -2 -2 612818241 -2 -2 -1 -2 -2 368438599 -2 -2 -1 170894012 -2 -2 -1 -2 -2 -2 -1 -1 -2 -1 -2 -2 -2 -1 -2 -2 -2 236928497 -1 -2 -1 -1 -1 -2 -2 620585677 -2 -1 -1 -1 -2 -1 -2 932264378 -2 -1 -2 -2 -1 -1 -2 -1 421168813 -1 -1 -1 -2 -1 -1 -1 -2 -2 -1 -1 -1 -1 -1 -2 939509568 103938962 -1 -2 -1 -1 879899992 -2 -2 -1 749469685 -2 -1 -2 -1 -1 -1 -2 -1 -1 -1 -1 -2 -2 -2 -1 -1 -1 -2 -2 -2 -1 -2 -2 -1 -2 -2 -2 -2 -1 -1 -1 -1 -2 374511324 -2 -1 -1 -1 -2 -1 -1 -2 130719485 -1 -2 -2 -1 -2 -1 -1
-2 -1 -1 -1 -2 -2 -2 -2 -1 -2 -2 -2 -1 -2 -2 -2 361803793 -2 248010352 -1 -1 -2 -2 435839587 -1 -1 -2 -2 -2 -1 -1 -1 -1 -2 178532456 -2 -1 -2 -2 -1 -1 -1 -2 -2 -1 -2 -1 -1 -1 -1 894504403 -1 -1 -2 -2 -1 -2 -1 -1 -2 -1 -1 -2 321300221 -1 -1 443393978 -1 -1 -1 -2 -1 -1 -1 -2 -1 -1 -2 -2 -2 -2 -2 -1 -1 -2 -1 -1 592418023 -1 -2 -2 -2 -2 -2 -1 -1 -1 -1 -2 -1 -2 -2 -1 -1 -1 -1 -1 -1 88672683 -2 -1 -1 649276551 -2 -2 -1 -1 -2 -1 -1 -1 -1 -2 -2 -2 -1 -2 -1 -2 -1 -1 -2 -2 -2 -1 -1 607120690 -1 -2 -2 -2 -2 -1 -1 -2 -2 -1
-2 -2 -1 -1 -2 -1 -2 -1 -2 -2 -2 -1 -1 -1 -1 -1 -2 -2 -2 -2 979160307 -2 -2 104008065 -2 -1 -2 -2 -2 -1 -2 -1 768170108 -2 -1 -1 -2 -2 -2 877171270 -1 -2 -1 -1 -1 74489633 -1 -2 -1 -2 -2 -1 -1 -2 -2 -1 140536732 -1 -1 -1 -1 47819328 -1 -1 41102793 -1 -1 -1 -2 -1 -1 -1 -1 -2 -2 -2 -2 -2 -1 -1 -1 -2 -1 -1 -1 -1 71251742 -1 -1 -1 -2 972335543 -2 -2 -2 -2 -2 -2 -2 -2 -1 -2 -2 56585929 -1 -2 -2 -2 -2 -1 437344732 -2 -2 -1 -2 -2 -1 -1 -2 -1 -2 228549038 20284864 -2 -1 -1 -1 -2 -1 413842128 -1 -2 -2 -1 -2 -2 -2 -2 -2 -2 -1 -1 -1 -2 -1 -1 -1
754301964 -2 -2 -2 -2 -1 332941502 -2 -1 -2 -1 -2 -1 -2 -2 -2 406848635 -1 -1 -2 -1 -2 -1 -2 -2 -2 -1 -2 -2 98449765 -1 -2 185370503 203522189 -1 -2 -2 -2 -2 -2 -2 -1 -2 -2 -1 -1 -2 -2 -2 -1 -1 -2 -1 -1 -1 -1 -2 -2 -1 -1 -2 -1 -2 -1 48606303 -1 -2 -1 -2 -1 -2 -2 -1 -1 -2 -1 -1 -1 -1 -1 854621403 -2 -2 -1 953398689 -1 -2 -2 -1 -1 -2 -2 -2 -1 -1 -1 -2 816701533 -1 -2 -1 -1 -1 -1 74398436 -2 -1 -2 -1 -2 -2 -1 -2 -2 -1 -1 -1 -1 -2 -2 -1 -2 566669818 -2 -1 -2 -2 -2 -1 -1 -2 -1 -2 -2 -1 -1 -2 -2 -2 -2 -1 -1 -2 977163793 -2 -1 -1
-2 -1 -1 -1 -1 -2 -1 -2 -1 -1 -2 -2 -2 -1 -2 857155319 -2 -1 -2 -1 -1 -1 -2 -1 -1 124216179 -2 -2 -1 133281900 -2 402222455 -1 -1 -2 -2 -2 -1 -1 -2 593519858 730930659 366976797 -2 8512041 -1 -2 -2 -2 -2 281361638 140009373 830856660 -2 -1 -2 -1 491504914 -1 -1 -2 -2 -1 -1 -1 -1 -1 -2 -1 -1 454404174 -1 -2 -1 -2 -1 -2 -1 -1 -2 -1 -1 -2 703661291 -1 -1 -1 -2 -1 -1 -1 -2 -1 -1 -1 -2 -1 -1 -1 -1 -1 -1 -1 -1 -2 -1 -1 -2 -1 -2 -1 -1 -1 -1 -2 -1 -2 -2 -2 -1 -2 -1 -1 -1 -2 -1 -1 -2 -2 385651401 -2 -1 -2 105745073 -2 -2 299558453 -1 -1 -1 -1 -2 -1 -1 -2 -1 -1
-1 -1 -1 -2 -1 -1 -1 -2 -1 -2 -2 -2 510177804 -1 -1 -2 -1 -1 -1 715712643 -1 -1 -2 -1 -1 -2 -2 -2 -1 -2 -1 -1 -2 -2 -1 -1 428393964 27448918 -2 -1 686430137 -1 -2 -2 -2 -2 -1 -2 -1 -2 -1 -2 -1 -1 -2 -2 -1 -1 -2 -2 -2 -2 -2 -2 -2 -2 -1 -2 -1 -2 -2 -2 -1 -2 -2 -1 -2 -1 -1 -2 -2 -1 -2 -1 600602772 -1 -2 312948596 -2 -1 -1 -2 -1 -1 -2 667923594 -2 -2 -1 -1 -2 -1 -2 -2 736727760 -2 -1 -1 -1 -2 -2 -2 -2 -2 -1 -1 169624934 -2 -1 -1 -1 137298809 -1 -1 -2 -2 -1 127291201 -1 -1 -2 -2 -2 -1 -1 -2 -1 -2 -1 -2 -1 -2 -1 -1 -1 -1 -1
-1 -1 -1 -2 -2 -2 -2 428944940 -2 -2 -1 -1 -1 -2 -1 890673453 233265209 -1 -2 -2 -1 -2 -2 -1 -1 -1 -2 -2 -2 -2 -1 -1 -1 -1 -2 -2 -2 -1 -2 -2 -2 -2 -2 -2 -1 206789625 -2 -1 -2 -1 -1 -1 -1 -2 -2 -1 861325789 641869442 -1 -2 -1 845315237 -1 -2 -1 -1 -1 -2 -2 -1 -1 -1 -2 -1 -1 -1 5148543 -2 -2 -1 -1 -1 -2 -1 -1 -1 915698482 -1 -1 -2 -1 -2 -2 -1 -2 -2 -2 -2 -1 -1 -1 -2 -2 -2 797359417 -2 -2 -2 -2 -1 -1 855410548 -2 -1 -2 -1 -2 324204293 -1 -2 -2 -1 -1 -1 -1 129659369 -2 -2 -2 -2 -1 464991207 -2 -2 -1 -1 -2 -2 -1 -2 -1 -2 -2 -1 -1 -1 -1
551099627 -2 -1 -2 -1 -1 -2 -2 -1 -1 -2 -2 -1 -1 -2 -2 -1 -2 -2 -2 -1 -1 -1 -2 -1 -1 -2 -2 -2 -2 -1 796271317 -2 -2 -1 -1 -1 -1 -2 -2 -2 -2 -2 138712074 -1 -1 -1 -1 -1 -1 -2 -2 -2 -2 -1 -2 -2 -1 -1 -1 -2 -1 -2 -1 414388293 -1 -2 -1 -2 -2 -1 -2 -2 -2 -1 -1 -1 -1 -1 -2 -2 -2 -1 -2 -1 -1 -1 -2 -1 -2 835058599 -2 -2 -1 -1 506256689 -2 -2 -1 -1 -2 -1 -1 -2 -1 -2 -2 951956818 -1 -1 -2 -1 -1 -2 -1 -2 -1 -2 -1 -1 -2 -1 -2 -1 -2 -2 -1 563263536 -1 -2 -2 -1 -2 -1 -2 -2 -2 -2 -2 -1 -1 278871149 557421447 -1 -2 -1 -1
-2 -2 -2 -2 -1 -1 -1 -2 -2 -1 -1 -1 -2 -1 -2 -1 -2 96195759 -2 -1 -1 -2 -1 -2 -1 -1 -1 -1 -1 -1 -1 -2 -2 -2 -2 -1 -1 380037939 106759525 -1 -1 -1 -1 -1 -1 -1 -2 -2 -1 -2 379579445 -2 -2 -2 -2 -1 -2 -2 -1 -2 472032599 -2 -2 -2 -1 -1 -2 -1 -2 -2 -1 -2 -1 -1 -2 -1 -2 -2 -1 -1 -2 -1 -2 -1 104902108 -2 -1 -1 481854419 343115087 644320274 -1 918253952 -2 -1 -2 -2 -2 -2 -1 -1 -2 -2 -2 -1 -2 -1 -1 -1 -1 211898088 41080641 -2 -2 -2 -2 -1 -2 -1 -2 -1 -1 -2 -2 -1 -1 -2 -1 817600443 -2 -1 -1 -1 -2 -2 -2 -2 -1 -2 -1 454158249 -1 -1 -2 -1 -1 -1
