186 116
-1 -2 519780482 -1 -2 -1 -2 580618745 -2 -1 -1 -2 -1 -1 -2 -2 -2 -2 -2 -1 -2 -1 -1 -2 -1 -1 -2 -1 -1 -1 -1 -1 -2 458005545 744329413 -2 -2 -2 -2 -1 -1 -2 -1 -2 -1 -2 -2 578564760 -2 -1 -1 -2 -1 -2 -2 -1 -2 -1 -2 -2 -2 -2 -1 -2 -2 -2 345077520 850906393 137317453 -1 -1 -2 -1 -1 -1 263926405 -2 -1 847785726 -1 -1 -2 -1 -1 -2 -1 269985086 -2 -1 -1 -2 -2 -2 -2 -1 -2 -2 -1 -1 -2 -1 -2 -2 -1 -2 -1 -2 -1 -1 -2 457162003 -1 -1 -1 -2 -2
-1 -2 -1 69831955 -2 -1 -1 -1 -1 -1 -2 -2 -1 -2 -1 -1 -1 153587230 -2 -1 -2 -1 513840473 594548744 565639234 -1 -2 -2 -1 -2 -2 -2 -1 344408663 -2 -1 -1 -2 -1 -1 -2 -2 175545845 -2 -2 -2 -2 -1 -1 -2 -2 -1 -2 -2 64543967 -1 -2 -1 -2 -2 -1 -2 -2 -1 -2 -1 -1 -1 -1 -1 -2 930731722 -1 -2 -1 -2 -1 -2 -1 -2 -1 -1 -1 335420233 482733736 -1 686604934 -1 -1 -1 -1 -1 -2 -2 -2 -1 -1 -1 -1 -2 -1 -2 -1 -2 -2 -2 -2 -1 -1 -1 -1 -1 -2 -1 -2 -1
-1 -1 -2 -1 -1 -1 -1 -1 -1 -2 595812479 -1 -1 -1 -2 -2 -1 -1 802974510 -1 -2 -2 -2 -2 -1 -2 -1 -2 624360776 -2 -2 -1 -1 752830761 -1 -1 -2 -2 -1 -2 610626332 -2 -1 -1 -1 -1 -1 -2 -1 277334570 -1 -1 -2 -2 -1 -2 -2 -2 -1 -1 -1 -2 -2 -1 -1 -2 802720657 -2 -1 -2 -2 -1 -1 -1 -2 -2 -1 -2 -1 -1 -2 -1 -2 -1 -1 -2 -1 -1 -2 -1 -2 -2 137825344 -1 -2 -1 -2 86024351 -1 -1 -2 525304559 -1 -1 -2 -1 -2 -1 -2 -1 -2 -2 572383399 -2 -2 992443055
-2 716181677 505908982 -1 -2 -1 -2 -2 -1 -1 -1 -1 -2 -1 -1 -2 -1 -2 601350519 -1 838629709 -2 -2 -2 -2 -1 43931733 -2 -1 -1 -2 -1 -1 -2 -2 -1 -1 -1 -1 -2 -2 -1 -2 -1 -2 -2 -2 -1 -2 -2 -2 -1 -2 -1 -2 -1 -1 -1 -1 -2 -1 -2 -2 -1 -1 11962673 -2 -2 -1 -1 -1 -1 -2 -1 -2 -2 -1 -1 -1 -1 -1 -2 658487056 862180234 -2 -1 -2 -2 -1 924989858 -1 -2 -1 -1 -2 -2 -2 -2 -2 -1 519717798 -2 -1 -2 18757235 -1 -1 -2 -2 518520935 -1 -1 -2 -2 -2 829468794
-1 -1 -2 -1 -2 162398409 -2 -2 -1 -1 -2 -2 30768899 -1 499392791 -1 600802793 -1 -1 -1 -1 -2 -2 -2 -2 -2 -1 -1 24833194 -2 -2 -2 -2 -1 -1 -2 220906645 -1 -2 -1 -1 -2 -2 -1 -2 -2 -2 -2 -2 -1 -1 -1 -2 -2 -2 -2 -2 -2 -1 -2 -1 -1 -2 -2 -2 555451408 -1 -1 -1 -2 -1 -2 -1 -1 -1 -2 -1 -1 -1 -1 -1 -2 248064794 -2 -1 -1 -2 -2 -1 -2 -2 -2 -2 870201321 -1 -2 -2 -1 -2 -2 -2 -1 -1 -1 -1 -1 538492170 -1 -2 -1 -2 -2 -2 -1 -2 -1
-1 -1 -1 -1 -1 -2 -2 -1 -2 -2 709419094 -1 -2 -2 -1 -2 -2 -1 -1 -2 773038048 -2 -1 -2 -1 -2 -1 -1 -1 -1 -2 -1 -2 -2 -1 -2 -2 -2 498675078 -1 -1 -1 -1 -2 -1 -2 -2 -2 -2 -1 -1 962599173 -1 -2 -1 -2 -1 -1 942703737 -1 -1 -1 -2 -1 -1 -2 -1 914692026 -1 -1 -1 -1 -2 -1 -2 -1 -1 -1 -1 -2 -1 -2 -1 -2 -2 -2 -1 -2 -1 -2 -2 -2 -2 -2 -2 -2 -1 -2 -1 362098174 -1 -1 -2 -2 -1 -2 -2 -1 -2 113735113 -2 -2 -1 -2 -2 -1
-1 -2 -1 -1 -2 -1 -1 -1 -1 -1 -1 -2 -2 -1 -2 -1 -2 -1 -2 -1 -1 -2 -1 -2 -1 -1 -1 -2 127745306 140852096 -1 653545669 -2 -1 -1 -1 -1 -2 -1 800442524 -1 946307661 -1 -2 -2 -2 -2 -2 -2 -2 -2 -2 -1 -1 -1 -1 -2 -2 -1 -1 -2 -2 -2 -2 -1 89095290 -2 -2 -1 -1 -2 -2 195694566 -1 -2 -1 -1 -1 -1 -2 -2 -2 -2 -2 -1 -2 -2 -2 -1 -2 -1 -2 -1 -2 -2 -2 -1 -2 -1 -1 958235866 -1 -1 -2 -1 -2 -1 -1 -2 -1 -2 -1 -2 -2 -2 -1
-2 -2 -1 -2 -1 -1 -1 -2 -2 -1 -2 -2 -2 70910638 -1 -2 -1 -2 -2 -2 -2 -1 -1 28624982 63912580 -1 -2 -2 -2 -2 -1 -2 191787481 -2 -2 -2 -2 -1 -1 -2 -2 -1 -1 -2 -2 -2 -2 -2 -2 -2 -1 -2 -1 -2 -1 -2 -2 -1 -1 -2 -2 -2 -1 -1 -2 -2 -2 -2 -1 -1 -1 -1 -2 -1 -2 -2 -2 -2 -2 -1 -2 -1 -1 -1 -2 535156154 -2 -1 -1 -2 -2 -1 -2 -1 -1 -2 -2 -1 -1 -1 -2 -1 -1 -1 -2 -1 -1 -1 -1 -2 -1 -2 -2 567289780 -2 -1
-2 -2 81194542 -2 -2 -1 -1 -1 -1 -1 -2 26979087 -2 -1 -2 -2 -2 -1 -1 -2 -1 -2 -1 -1 -1 -1 -1 -2 -2 -2 -1 -2 -2 -1 -2 -2 -2 -2 -2 -1 -2 -1 -2 -1 -2 -1 -2 -1 557522713 -2 402468586 287518845 -2 521281808 -2 467338374 -1 836970754 857239103 -2 751336269 -1 -1 -2 -1 -1 -1 -1 25081783 -2 -1 -1 -2 -2 -2 -1 -2 -1 -1 -1 -1 -2 -1 -1 -1 -2 -2 -1 -1 -1 132847257 -2 -2 -1 -1 -2 -1 -1 440991603 -2 -1 -2 -1 -2 -1 -1 980036099 -1 -1 -1 -2 -2 -1 -1 -1 -2
-2 -1 -2 -1 -1 -2 -1 -2 -1 482503767 605430717 -2 -1 -1 -1 -2 -1 -1 -1 -2 -1 -1 642017349 -1 -1 -1 -2 -1 -2 832734947 -2 -1 -1 -2 -1 -1 -2 -1 -1 -2 285389816 -2 -1 -1 838003959 -1 -2 -1 -2 -2 -2 -1 -1 -2 -2 -2 -1 -1 -2 -2 -2 574552599 402725749 -1 -2 -1 -2 -1 -2 -1 -2 -1 -1 -1 -2 229099345 -1 -1 -2 -2 -1 -1 -1 -2 507228695 -2 -2 -1 226921340 -1 -2 -1 -1 -2 -1 -2 -2 807885040 -1 -1 -2 -2 -2 -2 -2 -2 341901031 -1 -2 -2 -2 -1 -1 -2 -1 -1
-2 -1 -2 -2 -1 -2 -2 -1 -1 -1 -1 -1 -1 -1 -2 -1 -1 -2 -1 -1 93471387 -1 -1 -2 -2 -1 -2 -1 -1 -2 -2 -1 -1 -2 -1 -1 79580492 -2 -2 2644787 -2 -2 -2 -1 -2 -1 -2 -1 -2 -2 -2 -2 -1 -2 -2 -2 -1 -1 -2 -1 -2 -1 -1 -1 -2 -1 795731814 -2 -1 -2 -2 -1 -2 -1 -2 -2 -2 -1 -1 480661372 543481577 -2 -1 959500550 -2 910736682 -1 -1 -2 -1 -1 -2 -1 -1 585101956 -1 -2 -1 -2 144231834 -1 -1 -1 -1 -2 -2 -2 -2 -1 -2 44972654 -1 -1 -2 -2 -2
-1 -1 -2 -1 -2 -2 -1 -1 -2 -1 -2 -1 -1 -1 -1 223271349 -1 -2 -1 -2 -1 300393699 -2 -2 -2 -2 -1 -1 -1 -1 946368759 -1 -1 -2 -2 -1 -2 -2 -1 -2 -1 -1 -2 721306523 307082819 -2 -1 -2 -1 -1 -2 -1 -1 -1 -2 -1 -1 -1 -1 -2 -1 -1 368865137 -2 -1 -1 -1 -1 -1 418236065 -1 810202199 -1 -2 -2 -2 -2 -2 -2 -2 -2 -2 -1 -1 -2 -1 -2 -2 -1 -1 -1 -1 -2 -2 -2 -2 -1 -2 -2 -1 -1 -2 -2 -1 -2 -1 -1 -1 -1 -2 -1 -2 -2 -1 -1 -1
-1 -1 327502626 -1 -2 -2 -2 -1 -1 -1 -1 -1 -1 -2 -2 -2 -2 -2 -2 -1 486666739 -2 265646181 -1 -1 -2 105528423 -2 -1 -2 -1 -1 -2 -2 -2 -2 -2 -2 -2 -1 -1 -1 -2 -1 -1 -1 -2 -1 -1 -2 -2 -1 -1 -1 -1 -1 -1 -1 -1 -1 -1 -2 -2 -1 -1 -1 -1 -1 -1 -1 -1 -2 -1 -1 -1 -1 931392043 -2 -2 -1 -2 -1 907628133 -2 -2 -1 -1 -2 -1 -1 -1 -2 -2 -2 -1 -2 -2 -2 -2 -2 -1 -1 -1 -1 582162107 83132355 -1 -2 -1 -2 735892536 -2 -1 -1 -2 -1
-1 -1 -2 107902637 -2 -1 -1 -1 -1 774558990 -1 -1 -2 -1 -1 -1 -2 -1 -2 -2 -1 -1 -2 -1 -1 -1 -2 427143367 -1 -2 -2 -2 -2 -2 -2 104639150 -1 -2 -2 -2 -1 -1 -2 -1 -1 -2 -2 549162047 -1 -2 -2 -1 -1 51196317 -1 -2 -2 -2 -2 -1 -1 -1 -1 -1 -1 74417085 -2 -1 -1 -2 -1 -1 -1 -2 -1 -1 -1 -2 -2 -2 -2 -2 -1 -2 -2 -1 -2 -2 -2 -2 -2 -2 -1 -1 -2 -1 -1 -2 -2 -2 -1 -1 -1 -1 -2 -1 -1 -1 -1 954351736 -1 -1 -2 688047455 -1 -1
-1 -1 -1 -1 -1 -2 -1 -2 -2 -1 -1 2580858 -2 -2 -1 -2 -1 -2 -1 -1 116019975 -2 -2 -1 -2 -1 -2 -1 -2 -1 -2 -2 -1 -2 -2 -2 802059479 -1 -2 -1 -2 -2 256775764 -2 -2 -2 -1 -1 41631765 -2 -1 -1 -2 -2 -2 -2 -1 -1 -2 -2 -1 -2 -1 -2 -1 -1 -2 -2 938944951 -1 -1 385141183 -2 -1 -2 -1 -1 -1 -2 -1 -2 -2 -2 -2 -2 -1 -1 -1 -1 -1 -1 -2 -1 -2 -1 -2 -2 -1 -1 -1 -1 -1 -2 -1 -1 -2 -2 -1 -1 -2 -1 -1 -1 -2 51366264 -1
-2 -1 -1 -2 -1 -1 -1 -2 -1 -2 -2 -1 -1 -1 -2 -2 -2 -1 -1 -1 -1 -2 -1 -2 -1 -2 -1 -1 -1 -2 -1 -1 135861820 -1 -2 -1 -1 -2 -2 -2 -1 -2 -2 -2 -1 -2 -1 -2 -2 -1 -2 -1 -2 -1 -1 -1 -2 -1 -1 -1 -2 -1 -1 -1 529014624 -1 -1 -1 -1 -2 -2 -1 -2 -2 -2 -1 521899606 -2 -1 -1 -1 -2 431859462 -1 -2 -1 -1 -2 -2 -1 428949484 -1 -1 -2 -2 -2 -2 -2 -2 -2 -1 -1 -1 -2 -2 -2 -2 -1 -1 -2 -1 -1 -2 -1 -2 -1
-1 -1 -2 -2 -1 -2 -2 -2 -1 -1 -2 376647227 -2 -2 -2 -2 -1 -2 115081143 -1 -1 570693579 -1 -1 -2 -2 -2 -1 -2 -2 -2 -1 -2 -2 -1 -2 -2 -2 -1 91488057 -1 -2 556989875 -1 -1 -2 -1 767346297 -2 -2 -2 -2 -1 -2 -1 -2 -1 -2 -2 -2 -1 -1 -2 -2 -2 -1 65070904 -2 -2 -2 254841080 -2 -1 -1 -1 -2 -1 49981142 -2 -2 -1 -2 -2 -1 -1 -2 -1 -2 111124865 -1 -1 -1 -1 -2 -2 -2 -1 -1 -2 -2 -2 -1 -2 -2 -2 246114623 -2 -1 -2 -1 -2 112711463 -1 -1 -1 -2
-2 -1 -1 -1 -1 -2 -1 -2 -1 -2 -1 -1 -2 -1 -2 -2 -1 -1 -2 -1 -2 -2 -1 -1 -1 -1 115870293 -1 -2 -2 -1 -2 -1 -1 -1 -2 -1 -1 -2 -2 -1 -1 -2 -1 -2 353502567 -1 -1 -1 -1 -1 -2 -1 -1 -2 -1 863691615 -2 -2 -1 240032999 -2 -1 -2 -1 -1 -2 -2 -2 -2 -1 110616192 -2 269551281 -1 -2 -1 -1 -1 -1 -1 -1 -1 -1 -1 -2 -1 -1 -2 -1 -1 226912030 444058252 -1 -1 -2 246154885 551262686 -2 -1 -1 -1 -2 -2 -2 -1 862126922 -1 -1 95339654 757333761 -1 -2 -1 -1 -2
-1 -2 -1 -2 -2 -2 -1 -2 -2 -1 -2 -2 -1 -1 -2 -1 -1 -2 -1 -1 -2 -1 -2 147229365 -1 669443368 -2 -2 -2 -2 -2 -1 -2 -1 -2 -2 -2 -2 -2 -1 -1 -1 966728077 -2 -1 -2 -2 -1 -1 -2 -2 -2 -1 -2 -2 978191054 -1 -1 -2 -1 -1 -1 -1 -2 -2 839656013 -2 -1 -1 -2 -2 -1 -1 -1 -2 -2 -1 -1 -2 -2 -1 65241346 -2 406245514 -2 -1 -1 -2 -1 -1 -1 -1 -2 -1 -2 -1 -2 -2 -2 -1 -2 -1 -2 587440376 -1 -2 -2 -1 -1 -2 -1 -1 -2 -2 -1 -1
289538684 161583450 -2 -1 -1 575584404 -1 -2 -1 -1 -1 -1 -1 -1 -1 -1 -2 -2 -1 -1 -1 -2 -2 769587364 -2 -2 -1 -2 -1 -1 -1 -1 -1 -2 430599804 -1 790080917 -2 96562745 -1 -1 -1 -1 -1 -2 -1 -2 -1 -2 -1 -2 -2 -1 -1 -1 -1 -1 -2 -1 -2 -2 -1 -1 -1 -1 -1 -2 -1 -1 30763072 575611874 -1 -1 -1 -1 932558357 -2 -1 -2 -2 -2 -2 -1 -1 -1 -2 -1 -2 -2 -2 718084426 -1 -1 -1 -2 -1 -2 -2 -2 -1 -2 -1 -1 -1 -1 -2 483957062 -2 -1 712073206 -2 -2 -1 -2 -1 -2
-1 -2 -1 -1 -1 -1 -2 -1 -2 341763391 425100923 -1 -1 -2 -2 149957170 -1 -2 -1 295397012 -1 -1 960015426 -2 -2 -2 -1 158299060 -2 -2 -2 -2 -2 -2 -2 -2 -1 -2 -2 -1 -2 -1 47109488 -1 -1 902769620 -1 -1 500216521 -2 -1 -1 -2 -1 -1 -1 -1 -2 -1 -2 -1 -1 -1 896533874 -1 -1 -1 -1 -1 -2 -2 -1 -1 522332600 -1 -2 -1 -2 -2 -1 -2 -1 28922898 -2 -1 -1 -2 -1 -2 -1 -2 -2 -2 754077664 -1 -1 -2 -1 -2 -2 -1 -1 -1 -1 -1 -1 -1 -2 -2 -1 44292304 -2 -2 -1 -1 -1
-1 -1 -1 -1 194716364 -2 -2 -1 -1 -2 -1 -1 478402450 -1 -1 -2 -1 -2 -2 -1 -1 -2 -2 -1 -1 -1 -1 -1 -1 -1 -2 -1 -1 -2 -2 -1 -2 -1 112525387 -2 -2 271927045 -2 -2 -1 49716971 -2 -1 332608445 -1 -1 -2 -1 -1 -1 -2 -2 -2 -2 -2 -1 -1 -1 -2 -1 -1 -1 -2 -2 -2 -2 -1 422797509 -2 -1 -1 -2 -1 -1 -1 -2 -2 -2 -2 -1 -2 361673976 786673306 -1 -1 -2 -1 -1 -2 -2 -2 42200592 -2 -1 24689503 -1 -1 -2 657966364 -1 -1 -1 -1 -2 -1 -1 -1 -1 -1 571148913 -2
-1 -2 -1 -2 -1 -1 -2 -2 -1 -1 -1 -2 -2 92573585 -1 -1 760453880 -1 -2 -2 513537350 -2 -1 -2 -1 -1 165126351 -2 -1 -2 -2 -1 -2 -2 -1 -2 -2 -1 -1 -2 627623764 -2 -2 -1 -1 -1 -1 -1 -2 -1 -1 -1 843899120 -1 -2 -1 -1 -1 -1 -1 -2 761746816 -1 -2 397297709 -1 -2 222312156 -1 -1 -2 -1 -1 -1 -2 -1 -2 -2 -1 -1 -1 847308490 -1 -2 -2 -2 -1 -1 -1 915226953 -2 -1 -2 -1 -2 -2 -2 -2 -2 -2 318604200 -2 -2 -2 -2 -2 -1 -2 -2 -1 -2 -1 -1 -1 -2 -1
-2 439675380 -2 -2 -1 89318922 -2 -1 -1 -1 302801347 -2 -2 -1 -1 -1 -2 -1 -1 -1 -2 -1 -2 -2 -2 -1 -1 -2 94065055 -2 -2 736424783 -2 -1 -2 -1 -1 -2 -2 -1 -2 -2 -1 725898696 -2 573523528 -1 -1 -1 -1 -1 -2 -2 -2 -2 -2 -2 -2 -2 166909401 -2 -2 -2 -1 64932868 -1 -1 -2 129463627 -2 -1 -1 674994358 -2 -1 739344167 -2 -1 -2 -1 -2 -1 -1 -2 -1 -2 -1 -1 -2 -1 -1 -2 -2 -2 -2 -2 -2 -2 -2 -1 -2 -2 -1 -2 -1 -1 -1 -1 -1 -2 -1 -2 -1 -2 -1 -1
-2 -1 -1 -1 -2 -1 -1 -2 -1 -1 818544680 -2 -2 -2 -2 -2 -1 -2 -2 -1 -2 -2 -1 -1 -2 -1 -2 -1 -1 -2 -2 -1 -2 -1 -1 468650765 -2 -1 -2 -2 -2 811856895 -1 -2 -2 -2 -2 -1 -2 -1 -2 -2 -1 -2 -1 62000906 -1 -1 -2 873320583 -1 -1 -1 -1 -1 -2 673386964 -1 922331241 -2 -2 -1 -2 -1 -1 -1 -2 305272831 -2 -1 -1 -1 -2 836639891 -1 -2 -1 -2 -1 -1 -1 -2 -2 -2 -1 -2 -1 -2 -1 -2 -2 -1 -1 -2 -1 -2 -2 -2 -1 -1 -1 -1 -2 -1 -1 -2
-1 -2 -2 -2 111653417 -2 -2 -2 -1 -1 -1 -2 -1 -1 -2 -2 -1 -1 -1 -1 -2 -1 -1 583627757 -2 -2 429549993 -2 -1 -1 -1 -1 -2 -2 -2 823986403 -2 -2 -2 -1 448220650 -2 -2 -2 -2 -2 445564952 866213896 -2 -2 -2 -1 -1 -2 -2 -2 -1 -1 -1 -2 -2 -1 -1 -2 -1 -2 -2 -1 -2 -2 -2 -1 -1 -2 -1 -1 -1 -1 -2 -1 -1 -1 -2 395284438 -2 -1 -1 -2 -1 -1 -2 -1 -1 -2 -1 -1 -1 -2 -1 -1 -1 -1 -1 524508813 -1 -2 -1 -1 -1 -2 787099492 -2 -2 -1 -1 -2
-1 -1 -1 -2 -1 -2 -1 -2 -1 -2 -2 432936340 -1 -1 -2 -1 -2 -2 -2 -1 -2 -2 -2 557110953 -2 -2 -2 -2 -2 402132943 -1 -2 -1 -1 -1 -1 -1 -1 -1 -2 -2 -1 -1 -2 403461970 594532429 -1 -2 -2 -2 -2 -2 -1 -1 702405822 -2 -1 -2 -2 -1 -1 -1 343432774 -1 -2 -1 -1 -1 -1 -2 -2 -2 -1 -2 -1 -1 -1 -1 -1 -2 -1 -1 -1 -1 -2 -1 -1 -1 167104847 -1 -2 -1 228798135 -2 -2 -1 -1 -1 -1 -2 -2 -1 -1 -2 -2 884112672 -2 -2 -2 -1 -2 -1 625587010 -2 -1 -1
-1 -1 -1 -2 -2 -1 -2 -1 -2 -1 -2 31068839 -2 -2 -1 -2 -1 -2 -2 -2 -1 -2 -2 -2 -1 -2 -2 -1 -2 -1 -1 -1 408918670 -1 -2 -1 -2 553116387 -2 -1 -2 -2 -1 -1 -1 -1 -1 -1 -1 -1 -2 899667587 -1 -1 -2 -2 -1 -1 -1 637367975 -2 -2 -1 -2 -1 -1 -1 -1 -2 -2 -1 -1 -1 -1 -2 -1 -2 -1 -1 -2 -2 -2 -2 -1 -2 -1 749173462 -2 -1 -2 -1 -1 -1 -2 978656911 -1 -1 -2 -1 -2 -1 -2 -2 -2 -2 -2 -2 -1 -2 -2 -2 -1 -1 -1 -1 -1
-1 -2 -1 -2 -1 -1 869193082 -2 662805040 -2 -2 -2 107739791 -1 -1 -1 -2 -2 715348433 -2 -2 -2 -2 -1 -1 -1 -1 -1 -2 -1 -1 -2 -1 -1 -1 951521062 -1 -2 -1 -2 -1 -2 -1 -2 -2 -1 -2 -2 -2 -2 -1 -2 -1 -2 -1 -2 -1 -2 -2 -2 -1 -1 6190981 -2 -2 -1 -1 -2 -1 927758233 -1 -2 -2 -2 -1 -1 -2 -1 -1 -1 -2 -1 -1 -1 -2 -2 -1 -1 -1 -1 -2 977371134 -1 -1 -2 -1 -1 928756193 -2 -1 -1 -1 -1 -2 -1 -2 -2 -2 -2 -2 -1 -1 -2 -2 -2 -2
-2 -1 -1 -2 -2 -2 -1 -1 -2 -1 -2 -1 -2 -1 -1 -1 -1 -1 -2 811019129 -1 -2 -1 -1 -1 -2 -2 -1 -2 741688854 -2 -1 -2 -1 -1 -2 -2 -1 -1 -2 -1 -1 -2 -2 -1 157613259 -1 -2 -2 -2 -1 -2 -1 402668735 -2 -1 -1 -1 -1 -1 -2 -2 -2 -2 -2 606110312 -1 -1 -2 -2 -2 -1 -2 -2 -2 708425553 -1 -1 -2 -2 -1 -1 -1 -2 -1 -1 -2 -1 -2 -1 -1 203728500 -1 -1 -2 158125771 -1 -1 -2 270254881 -2 -2 -1 -1 -1 -2 -1 -1 -2 -2 912616258 -1 -1 -1 -1 -2
-2 -1 -1 -1 824378244 -1 -1 -1 -1 144222085 441226191 -2 -2 -2 -1 -2 -1 -1 -2 -1 -1 -2 -1 -1 -2 -2 705228615 -2 -2 -2 -1 -2 151370337 -1 976437163 -1 -2 -2 -2 -2 -2 -2 -2 -1 -1 -2 -1 -1 -1 44533751 -2 -2 -1 -1 -2 -1 -2 -1 -1 57801898 -1 -1 -1 -1 -2 -2 -2 -1 -2 -2 -1 381224838 -1 -2 -2 -1 722709976 -2 -1 -2 -2 635985236 -1 -2 843458624 -1 -2 -1 -1 -2 -1 -1 -1 -1 247125862 -1 -1 -2 -1 -1 -1 -1 465629221 79476654 207985773 -1 -2 -1 245701669 -1 -1 -1 -1 -1 -1 -2
-1 -2 -1 123179942 -2 -2 -2 752562382 668294305 -1 -2 -2 -2 -2 -1 -2 -2 -2 734743862 -1 -2 -2 -2 -1 -2 819702935 -1 -2 -2 -1 -1 -2 -2 -1 -1 -2 -1 -2 -1 -1 -1 -2 91486051 -2 -1 -1 -2 -1 -2 -2 -2 -2 -2 -2 -1 -1 -1 -1 -1 -2 -2 -2 -2 -2 -1 -1 -2 42125032 148345617 -2 -1 -1 -1 -2 -1 -2 -1 -2 -1 -2 -2 -1 -2 -2 -2 -1 -2 41342074 -2 -2 -1 -1 -2 -2 -2 -1 -1 -2 -1 -1 -2 -1 -1 -2 -2 -1 -2 90500052 -2 -2 -1 -1 -1 -2 -1 -2
-1 -2 610088320 -2 -2 -1 -1 -1 -2 -1 837191784 -1 -1 -2 -1 -1 -2 -2 511299207 -2 -1 -2 -2 -2 -1 -2 -1 -2 -2 -2 -2 -1 -1 -1 -2 -1 -1 -1 -1 -1 -1 -2 -1 -1 -1 353308323 -1 -2 -1 -1 -2 -1 -1 74599898 -1 -2 -1 -2 -2 -1 -1 -1 -2 -1 -1 -2 -1 -2 -1 -2 -1 -1 -2 -1 -2 -1 -1 -2 -1 -2 -1 -1 531882885 -1 -1 -2 -2 -2 -1 2037103 -2 -2 -2 -2 -1 -1 -1 -1 -2 -2 -1 -2 -1 -2 -1 -1 -2 370225641 -1 -2 184884545 -1 415768123 -2 -2 -1
-2 -2 676652715 -2 -2 -1 -1 -2 -1 -1 -2 -1 -1 -1 -2 -1 -1 -1 -1 -2 -2 -2 -1 -2 -1 -1 -1 -2 -2 -2 -2 -2 -2 302058026 -1 -1 -1 -1 -1 -2 -2 -2 -1 -2 -2 -1 -1 -2 -1 -2 -2 -1 -1 -2 -1 -2 -2 -1 -2 260045846 -1 541831583 -1 -2 -1 -2 -1 -2 -2 -2 -2 -1 -1 -2 -1 742907727 -1 -2 -2 -1 -2 -2 -1 -2 -1 -2 -1 -1 106405998 -1 -1 -1 -1 -2 -2 -2 -2 -1 -2 -2 -1 -2 -1 530341775 -2 -1 -1 -1 -2 -2 -1 -1 -1 -1 -2 -1
-2 -1 185490727 -2 -1 -1 -2 -1 -1 -2 -1 -1 -1 -1 -2 -2 -2 -1 -2 -1 -1 -2 -2 -2 -2 -2 -1 -1 -1 -2 -1 -1 -2 -1 -1 -1 -1 -1 -2 -1 -1 -2 -1 -2 -2 -2 -2 -1 -2 -1 -1 944144143 -1 -2 -1 -1 -2 -2 -1 -1 -1 -2 -1 -2 414706604 -2 -2 -1 -1 -2 -2 -2 -1 -1 -1 -1 -2 -1 -1 -1 -2 -1 -2 -1 -1 -2 -1 -1 -1 -1 -2 -2 -1 -1 -1 -1 -2 -1 -2 -1 -1 -2 -1 -1 -2 -2 397829492 -1 -2 -1 -1 416027448 -2 -2 -2 -1
-1 -1 -1 -1 -2 -1 -1 -1 -1 -1 -1 -1 -1 -1 59690541 -1 -1 -1 -1 -1 734020406 -2 -2 -1 -1 -1 -2 -1 -2 -2 -2 -2 -1 285842037 -1 -1 -2 -2 -2 -1 -1 -1 741215146 -1 -2 -1 422659965 -1 -1 -2 708547957 -2 -1 -1 -2 -1 517461806 -2 -2 -2 -1 -2 -1 -1 -1 -1 -1 -1 -1 -1 -1 -1 -2 -2 -1 -2 -1 -2 -1 -2 -2 7774780 -2 -2 -2 -1 -2 -1 -1 -2 -1 -1 191514860 -2 -2 -2 -1 -2 -2 -1 -1 -2 -2 -1 -2 -1 -2 -1 -1 -1 -1 633062513 845849527 -1 -1 -2
-2 -1 -1 -2 -1 -1 -1 -1 -1 -1 631193098 -1 -2 -2 -1 -1 -1 -2 -2 -2 -2 -1 -2 -1 -2 -1 -2 -1 -1 -1 101745414 -2 -2 -1 -2 -1 -1 -1 87097904 -1 -2 -1 -2 -2 -2 16023341 -1 -1 666585341 781250742 -2 -1 -2 -1 -1 -2 -2 -2 -1 -2 -2 -1 -2 -1 -2 -1 -1 -1 -2 -1 -2 -1 -1 -2 -1 -1 -2 -1 -2 -1 -2 -2 -2 -1 -2 245456968 -2 -2 456378650 -1 -2 -1 -1 -2 -2 -1 -1 -1 -2 -2 -2 -2 -1 -1 -2 -2 -1 -1 -2 -2 -1 -2 -1 -2 -1 -2
-1 -2 -1 -2 -1 -2 -2 -2 -2 -2 -2 137829970 -2 -2 983212009 -2 89129454 -2 -1 -1 -2 -2 -2 -2 -1 -1 -2 -2 -1 -1 -1 -2 -2 -1 -1 -2 -2 -1 -2 -1 -2 -2 -1 -2 -2 -1 -2 -1 -2 410467776 -1 290251156 -2 -1 -1 -1 -2 -2 -2 -2 -2 -2 -2 -1 -2 -2 -1 -1 -2 -1 -1 503592726 -2 -1 -2 -1 -1 -2 -1 -1 -2 -1 732345124 -1 -2 -1 -1 697531662 -2 -2 -2 -1 25833367 -1 697480094 -1 -2 -2 -1 -1 -1 -2 -2 -1 -1 -1 -1 -2 -2 -1 -1 -1 -2 -1 -1 717967710
-2 -1 950509532 -1 -2 -1 -1 -1 -1 -2 369348278 -2 -1 -2 -1 -2 -1 82871627 -2 -1 -1 -1 -2 -1 -2 -1 -1 -1 -2 -1 -1 -1 -1 -1 -1 707940814 -1 -2 -1 296935897 -1 -2 -1 -2 -1 675746923 -2 -2 -1 -2 -2 -1 -1 -1 -2 -1 388143590 -1 -2 -1 -1 384834692 -1 -2 382186078 -1 -1 -1 -2 427655872 -1 -2 -2 -2 -2 -1 -2 -1 -2 -1 -2 -1 -2 -2 -1 -2 -1 -1 -2 -1 -2 385983834 -2 -1 -2 -1 -2 -1 112693871 135227085 -2 -1 -1 -2 -1 -2 -2 -1 -2 -1 -2 -1 -1 -2 -2 -1
-1 -2 -1 -1 -2 -1 476359622 -2 -1 -2 -2 -1 -2 685449084 -2 -2 -2 -1 -2 -2 -2 -1 -2 466821385 -2 -1 -2 -2 -2 928525936 -2 -1 -1 -1 -2 -1 -2 -2 -2 -1 -2 -2 -2 641393429 -1 -2 -1 -2 -2 -2 -2 -1 -2 -1 -1 -1 -1 -1 -2 -2 -1 -1 -1 -2 612087102 -2 -1 -1 833568622 -1 -1 -1 -2 -1 -1 -1 -2 -2 -1 -1 -2 -1 -1 -2 -1 -1 -1 -2 -1 -2 -1 -2 -2 52931461 -1 -2 225248751 -2 -1 -2 457372806 -1 -1 739672589 -2 -1 -1 -1 -2 -1 -1 -1 -1 -1 -2 -1
-1 -1 -1 -2 -2 -1 -2 -2 -1 -1 -2 -1 -2 291293358 -2 -1 -2 -2 -1 -1 873917471 -2 -1 -2 -1 -1 -2 -1 -1 -1 -2 -1 -2 -1 -1 466385351 -2 -1 -1 -1 -1 -2 271582606 -1 -1 -2 -2 924754450 -1 -2 50756850 -1 -2 -1 -2 -2 -2 -2 -1 -2 -2 -1 -1 -1 -2 -1 -1 919718763 -1 -2 -2 -2 -1 -1 -1 -2 -2 -1 -2 718756794 923358040 -1 -2 -1 -1 -2 -2 560503703 -1 -2 -1 -1 -1 -2 -1 945645819 -1 -1 -2 -2 -2 -1 -2 -2 77896396 -1 -2 -2 -1 -1 -1 -1 -1 -2 -2 -1
-2 -2 -1 -2 -1 -1 -1 -2 -1 -1 -1 387640269 -2 -1 -1 -2 -1 -1 708160536 -2 -1 -2 878408876 -2 651322561 396959590 -2 -2 -2 276096292 211631243 -1 -2 -2 -2 -1 -2 -1 -2 -2 -2 -2 -1 -1 -2 -1 -1 -1 -1 -2 -2 -1 -1 -2 -2 -1 -2 -2 -2 -2 -1 -2 -1 -2 -2 861367398 -2 -1 -2 -2 -1 -2 -1 -1 -1 -1 -2 -2 907841380 -2 -1 -2 -2 -1 -2 -1 -1 -2 -1 -1 -2 -2 -1 801359431 -1 -1 -2 -1 -2 -2 -1 -1 -2 202832292 -2 -1 -2 -2 -1 -1 -1 25511354 -2 -2 -2 -1
-2 -2 -1 -1 -2 -2 -1 -2 -2 688115642 457198799 944199169 859083355 -2 -2 -1 -1 -1 -1 -2 -1 -1 -1 -2 -2 -2 -2 -1 -1 369422994 -1 -2 -1 -1 -1 -2 -1 920306763 -2 -1 -2 -1 -1 -2 -1 450196395 -2 -2 -1 -2 -1 -1 487076954 -1 -2 -2 407408199 -2 -2 -1 -2 -2 -1 -1 -1 -2 -1 -2 -1 613368591 -2 -2 -1 -2 298298263 -1 685835380 966081224 -2 -1 -2 -1 -1 -2 -1 -1 -2 -1 -1 -1 820542089 -1 -1 -1 -1 -1 -1 991842558 -1 -2 -1 -2 -1 -2 392856726 -1 -1 -2 -2 -1 936921873 -2 964458404 -1 -1 -2
954637548 -1 -1 -2 -2 -2 -1 -1 -1 547175522 -1 -1 -1 -1 -2 -1 -2 -2 -2 -1 120190302 -1 -2 -1 -1 -1 -1 -2 -2 -1 -1 -2 -1 -1 -2 -1 -1 -1 311365709 -2 -2 929296937 -1 -2 -1 -1 -2 -2 -1 -1 -1 -1 -2 -1 -2 490115568 -1 -1 -2 -2 -1 -1 -2 -2 -1 60090768 -1 248221176 -1 432607921 -1 -1 -1 -1 -2 -1 -1 -2 -1 -2 -2 -2 -2 791856060 -2 -1 -2 989545106 405101180 -2 -1 -1 -1 -2 -1 -1 -2 -2 -2 -1 -2 -1 -1 -2 -1 -1 -2 -1 -2 -2 869533195 -1 -2 -2 -2 -1
-2 -2 -1 -2 -2 -2 -1 -1 -2 -1 -1 -2 -2 -1 -1 -1 -1 -1 -2 -1 -1 -1 -1 -1 -2 -1 -1 63724564 -1 -2 -1 593246922 -2 -2 -2 -1 419174081 -2 -1 -2 -2 -1 -1 -1 -2 -2 -1 -2 -1 -1 -1 -1 -2 -1 -2 -2 -2 -2 -1 -1 -1 467388612 -2 -1 23849636 -1 -2 -2 -1 -1 -2 -2 -1 -1 -1 -1 313016063 -1 290631458 -2 -2 -1 -2 -2 -2 -2 -2 278152849 -2 -2 908540162 56304641 -1 -2 -2 -2 -2 -2 -1 -1 -1 -2 -1 307093875 -2 199432939 -2 -2 -2 799269539 -2 -2 -1 -2 -1 -2
-2 -1 -2 -2 540750387 -2 -2 -2 -1 -1 -1 -1 -1 -1 -2 -1 60536100 -1 -2 -2 371248464 -2 -1 -1 -1 -1 -2 -1 -2 -2 -1 -2 -1 -2 -2 -2 -1 -2 -2 -1 -1 -2 -1 -1 -1 -2 935597808 -2 -2 -2 -1 -2 -1 -2 -1 -2 135202679 -1 -2 -2 -1 -1 -2 -2 -1 -1 598492084 -2 65872591 -1 -1 857249686 -2 -2 -1 110266718 -1 -2 -2 -1 -1 -1 -1 919901102 -2 -2 -1 -2 -1 -1 -2 -1 36601078 -2 -2 -1 -1 -2 -1 -2 -1 -1 -2 -2 -1 -2 209726105 -1 -2 -2 -1 -1 -1 -2 -2 -1
-2 -1 -2 309998162 -1 -1 -1 -1 -1 -2 739052679 -2 -2 549900406 -1 -1 -1 -2 -2 -1 -2 -1 -1 -1 -1 -2 306637836 -1 -2 -1 657354456 -1 -2 -2 -1 307079031 -1 -2 -2 28080221 345554359 -1 -1 -2 -1 -2 -1 -1 -1 -1 -1 -2 -2 -2 -1 -1 446797428 917352557 -1 -1 -1 -1 -2 -1 -1 -2 -1 -1 -1 74235349 -1 -2 -1 -2 -2 80728525 -2 -2 -2 -1 -1 -1 -1 -1 -1 -2 -1 782693356 -1 -2 -2 -2 -2 -1 -1 944051305 -2 -1 -1 -2 -1 -2 -2 -1 -2 -2 -2 -2 -1 -2 -2 -1 -2 -2 -2 -2
-1 -1 -2 -2 -2 -1 -2 -2 587325110 -1 -1 229573843 -1 -1 -1 -1 -1 -1 -1 -2 -2 563004805 -1 -2 -2 -1 -2 -2 -2 -2 -2 812761117 -1 -2 -1 -1 -2 81192451 -1 -1 -1 -1 -2 -2 558259548 330119230 -1 -2 837448824 -2 -1 -1 -2 -2 -2 -1 462348080 -1 -2 -1 -1 -1 -2 -2 -2 -1 -2 -1 -1 -2 -1 -2 -1 -2 79786817 -2 -2 -2 -2 399880661 -2 -1 -1 -1 345527824 -2 -1 -1 -1 -1 -2 -1 -1 -2 -2 -2 -2 261222586 -2 -1 138777457 -1 -1 -1 -2 -2 898235452 -1 -1 -2 -2 505309703 -2 -2 -2 969334713
-2 -1 -2 -2 -1 -2 -2 -1 -2 -2 -2 -2 -1 -1 -1 -2 -1 -1 -1 -1 -1 -2 -2 8894270 -2 -1 -1 147891089 -1 -2 -2 985149448 -1 -1 -2 -2 -1 -1 56902045 -1 935975881 -2 -1 -1 -2 -1 -2 -1 -2 -2 812264622 -1 -2 -2 -2 -2 -2 -1 -2 -2 -2 -1 -2 -1 -1 -2 -2 -1 -1 -2 -2 -1 -2 -1 -1 -2 -2 -1 -1 -2 -2 -1 763571539 -2 -2 -1 858109617 -2 -2 -2 -2 -1 -1 -1 -2 -1 -2 -2 -2 -2 -2 -1 -2 -2 -1 -2 -2 -1 -2 -1 -1 -1 -1 -1 -2 951041071
-1 -2 -1 -1 151946499 -2 -2 -2 -1 -2 -1 -2 -1 -1 -1 -2 -1 338634141 -1 -1 -1 -1 -1 -2 -1 -1 -2 -2 -1 -1 -2 -1 56401780 -2 -2 -1 -2 -1 122889416 -1 -2 -2 -2 -2 -1 -1 -2 133884224 -1 -2 -2 -1 -1 -1 -1 -1 -1 -1 -2 -1 -2 -1 -2 -2 -1 -1 -2 548694977 -2 -2 -1 -2 73702920 -2 -2 -2 -2 -2 -2 971751543 -2 -1 681213359 -2 -1 -1 -2 -1 -1 -1 -1 -2 -2 -2 -1 -1 -2 -1 -2 -1 -1 -1 -1 -1 -2 -2 -1 -2 -2 -1 -2 -1 -2 -1 -1 -1
-2 -1 -1 -2 -2 -2 -2 843259388 -1 -2 -2 -1 -1 -2 -1 -1 -1 397339532 -1 -1 -1 -2 -2 -2 -1 -2 -2 -1 -1 -1 -1 199869852 -1 -2 -1 -1 -2 -1 -2 -2 -1 -1 883902149 -1 -1 -2 -1 -1 -1 -1 -2 -1 -1 -1 -1 -2 -1 -1 -1 -1 422675861 -1 -1 -1 -2 -1 -2 230845043 -1 -1 -1 -1 -1 -1 -2 -2 -1 -1 -2 -1 -1 -2 -2 -1 -2 301252429 -2 -1 -1 777465642 -2 973490994 582437426 -1 -1 -2 -1 898348344 -1 -2 -1 -1 652526792 143886015 -1 -2 -2 -1 -1 -2 -2 -1 -1 447913105 -2 -1
-1 -1 -2 -1 -1 -2 -1 -1 -2 -1 -2 -1 398045218 -1 -2 -2 -1 822824875 -2 -1 -1 -2 -2 -2 -2 -1 571014820 -1 -1 123659326 791306860 -1 -2 -1 -1 -2 -2 -2 -1 -2 -2 -2 -2 -1 -1 -2 -1 -2 -1 -2 -1 -2 -1 -1 -1 934908048 613114760 -1 -1 -1 -2 -2 705365932 -2 -2 -2 -1 -2 -1 -2 -1 -2 -2 -1 -1 -2 -2 -1 907206546 -1 -2 -1 -1 -1 -1 -1 -1 -1 -2 -1 -2 -1 -2 -2 -2 -1 58546454 -2 -1 -1 -2 -1 -2 -2 -1 -2 -2 -1 -2 -1 -1 -2 -1 -2 -1 -1
-1 575525169 -1 -1 -2 -1 -1 -2 -1 -1 -2 -1 -2 -2 -2 -1 339417065 -1 -2 -1 -1 -2 -1 -2 -1 -1 -2 -2 -2 747081052 -2 -2 -2 -2 -2 -1 -1 -2 -2 -1 -1 -2 -2 -2 -1 -2 -1 -2 -1 -1 -1 -2 60722574 -1 -1 -1 -2 -2 -1 12939761 -1 600289809 -2 -2 -2 -2 -2 -1 -1 -1 -2 -1 -2 -1 -2 -1 -1 -2 -2 -1 -1 -1 -2 -2 -1 -2 -1 519475949 -1 -1 -1 -1 -1 -1 -2 -2 -1 -2 -1 -2 -1 -1 47474506 -2 -2 -2 -1 -2 -1 -2 -1 812082629 -1 -2 -2 -2
-2 -1 -1 -2 -2 676300135 -1 -2 -2 -2 -1 -2 -1 -2 -2 -1 -2 -1 -1 -1 562848041 -2 787371168 -1 -2 -2 -2 -2 -2 -1 -1 -2 -1 -1 -1 -1 -1 -1 -1 -1 -1 -2 -1 -1 -2 -1 -1 -2 -2 -2 -2 -2 -1 620185048 -2 450145589 -2 -1 -2 900101583 -2 -2 -1 -2 -1 -2 -2 -2 -1 -1 723221305 -2 -2 -1 -2 -1 -2 -1 34904929 -1 -1 -2 -2 -1 -1 -1 -1 -1 -1 -1 -1 253970192 -1 -1 -2 -2 -2 -1 -1 -2 -2 -2 -2 68381548 -1 -1 7422545 -1 -1 -2 -1 -1 -1 388359471 -1 -1
141001580 -2 -2 -1 -1 -2 -1 -2 -2 -1 -2 445396753 -2 -2 120397961 353029446 -1 -1 941779417 -2 29997727 -2 -2 -2 -1 -1 -1 -2 -2 689927129 -1 -1 -1 -1 -2 -2 -2 -2 -2 618720671 -2 -1 -2 328162036 -2 -2 -1 -1 -2 -2 -2 -1 -2 -2 -1 -2 -1 -1 -2 -2 -1 -1 -1 -2 -1 -1 -1 201123380 179134992 653326232 -1 -1 -2 351567057 -1 -2 -2 -2 -1 -1 -2 -2 -2 -2 -1 -1 327315889 -2 -2 -1 -1 -1 -1 -1 -2 -1 -1 -2 -1 -1 -1 -2 -2 -1 -2 850697746 -1 981225090 -2 -2 -2 -1 -1 -1 -1 -1
-2 74116180 -2 -2 -1 -2 -1 -1 -2 -1 -2 -1 -1 -1 -2 -1 -1 -1 -1 302927962 -1 -2 -1 -1 -2 -1 -2 -2 -1 -1 -2 697464518 -1 -2 -1 -2 -2 -2 -1 -1 -1 -2 -2 -2 -1 -1 -1 -1 -2 -1 -1 -1 -2 -2 -2 -2 -1 -2 -2 -2 912779892 -2 -2 -2 -1 -1 -1 -2 -1 -1 -1 -2 -2 673168095 -1 674077370 -1 -1 -1 -2 -1 -1 -1 -2 -2 -1 -2 -2 -2 -1 -1 -1 -1 -2 -2 -2 -1 -2 -1 -1 -2 -1 -1 -2 -2 -1 -2 541400359 859597120 -2 -1 -1 691545860 -2 -2 -1
-1 748394174 -2 -1 -1 -2 -2 -1 -1 -1 -2 358254 -1 -2 -1 -1 -1 -1 -1 -1 -2 329142783 -1 281800573 -2 -1 -1 -2 -1 -2 -2 -1 -2 -2 735052204 -2 -1 -1 -1 -1 -2 -2 -2 -2 -1 -1 -2 -2 -2 -2 -2 -2 290940567 -2 -1 -1 -2 -1 -1 -1 -2 -1 -2 -1 -2 -1 886054403 -1 -1 -1 -2 -2 -1 -2 -1 -1 -1 -2 -2 -1 263669462 -2 -2 -1 -2 -1 -1 -1 -1 -1 961285738 -1 681437381 -2 -1 324286726 729573112 -2 -1 -2 -2 -1 -2 -1 -1 -1 -1 -2 -2 -1 -2 -1 -2 -1 -2 627837752
-1 -2 -2 -2 -2 -2 329379998 -2 -1 -2 -2 -1 -2 45857019 -1 -2 -2 -2 480719532 -1 851787144 -1 -2 -1 -1 -1 -2 -1 -1 -2 -1 -2 -2 -2 -2 -2 -2 -1 -1 -1 -2 -1 769992471 -1 295718760 294588663 -2 -1 -2 -1 -1 -2 -1 745313974 -2 -1 -1 -1 -2 -2 -2 -1 -2 -2 -1 30057998 -2 -1 -1 -1 -2 -1 -2 -2 -1 -2 -1 -1 -2 -1 -1 -2 -2 -2 -1 -1 375986587 -1 -2 -1 -2 -2 -1 -2 -2 -2 -2 -1 -2 -2 -2 -2 -1 -1 -2 -1 410381339 -1 -2 -1 -2 -1 -1 -1 -2 -2
-1 -1 -2 154867465 -2 -2 -1 -2 -2 -2 -1 -1 -1 -1 -1 -1 -2 -1 -2 -1 -2 -1 -2 -2 -2 31386271 -1 -1 554446815 -2 -2 -2 -2 -1 -1 -1 -2 -1 -2 -2 -2 -2 -1 -2 -2 -1 -1 -2 -1 -1 -1 -2 -2 -2 -1 -2 -1 -1 -1 -2 -1 -2 -1 -1 -2 -1 -2 -1 -1 -1 -2 -1 471984769 -2 388190462 -1 -2 140687510 -2 -1 -2 -2 94951897 -2 -1 -1 -1 -2 -2 -1 -1 -2 -2 -1 -2 -1 -2 -2 -1 -1 -1 -2 -1 -2 -1 -1 -2 -2 -1 -1 -1 -2 -1 -2 -2 -1
-1 -1 -2 -1 -1 788545884 -1 -2 -2 296191217 -1 -1 -2 -2 -1 -1 150851025 -1 -1 -1 -1 -1 -1 -1 -2 -2 -1 -1 -1 797319894 -2 -1 -2 -2 -1 -2 -1 -2 406432854 -2 -1 -1 -1 -2 -1 -1 -1 -2 -1 249533160 -1 -1 -1 -2 7661212 -2 206165232 -2 -1 -1 -2 -2 -2 -2 -2 -1 575607896 -2 -2 -1 -2 -1 -2 -1 984220030 -2 -1 -1 -1 -2 -1 -2 -2 -2 -1 -2 130386059 -2 -2 -1 -2 -1 -2 -2 -1 -1 -2 -1 -2 -1 -1 -1 -2 -2 -1 -2 -2 -2 -1 328521024 -2 -2 -1 -2 -2 57571241
-2 644258267 -1 887659666 -1 -2 -2 36569144 -2 -1 546032778 -1 -1 262026285 -2 -1 -1 -1 -2 -1 -1 -1 -2 -1 -2 -1 458662906 -2 -1 -1 -2 -2 -1 -2 -2 -1 -1 -1 -1 -1 -1 112839355 -1 -1 -1 -1 -1 -2 117371460 -1 -2 -2 -1 -2 -2 -1 -1 -1 -1 -1 136701553 -1 -1 -1 -2 -1 -1 -2 -2 -1 -1 -1 -1 -2 -1 -2 -1 -2 -2 -1 103920496 15573448 -2 -1 -2 601534420 -2 -1 -1 -2 -2 -2 545862789 81359777 -1 103379361 -2 -2 -2 -2 -2 -1 -2 -2 -2 -1 514572877 -2 -1 -1 -1 -1 -2 -2 -2 -1
-2 -2 -1 -1 855794925 -1 -2 538306265 -2 -2 -2 -1 -1 380356243 -2 -1 -1 -2 -1 -2 -2 -2 428789709 933619838 -1 -2 -2 636999887 -2 -2 -2 -2 -1 -1 -2 -2 -1 -2 -2 -1 -2 -2 -2 -1 -1 440018358 -2 -2 -2 4936785 673831134 -2 -2 -2 -2 -2 -2 -1 -1 49514363 -1 -2 -1 -1 -1 -2 -2 66040269 -1 -1 -2 -2 -2 -1 -2 -1 -1 823962281 -2 -1 726674518 -1 -2 -2 -1 -2 -1 -1 -2 -1 -1 -1 -1 -1 -2 -2 -1 -2 63440769 -1 -1 -1 -2 -1 -1 -2 -2 -2 479129173 -2 -2 -1 590464629 -1 -1 -1
-2 -2 -2 -2 -1 -1 -1 -2 -1 -2 -1 -1 -2 -1 -1 -1 -2 -2 -1 433496920 -2 219446566 -1 -1 -2 -1 -1 -1 922674038 -2 -1 -1 -2 -1 -2 -1 307314813 951669631 -2 -2 -1 -1 -1 -2 -1 -1 -2 -2 -1 -2 -1 -1 -2 649071447 349544433 -2 -1 -2 -1 68636726 -2 -2 -2 546992349 -1 -1 47446774 -1 -1 -1 -1 -1 -2 -2 -1 -1 -2 758743085 -1 -2 -2 -1 -2 -1 -2 -2 -1 812962197 -1 -1 -2 -2 -1 -2 -1 -2 -1 -2 -2 -1 995725028 -1 -2 -2 -1 -2 -2 -2 -2 -2 -1 -2 -1 -2 206503855 -1
-1 -1 -1 -1 -1 -2 -2 -2 -1 391157574 -2 -1 -1 -1 -1 36285777 -1 -1 -1 -2 -1 -1 -1 -1 862401590 -2 -2 -2 -2 -1 -2 -1 -2 206675165 -2 792225173 -2 -1 -2 -1 -2 -2 -1 -1 -2 -1 619596786 655827384 -2 -2 -1 -1 -2 -1 -1 -2 -1 -2 -2 -2 -1 -2 -1 -1 -1 -1 -1 -2 -2 -2 -1 -2 -2 -2 -2 718508822 -2 -1 -2 -1 -1 -1 -1 -1 -2 -2 481794431 -1 -1 -2 -2 -2 -1 -2 -1 933553210 -2 -2 -2 -2 -2 -1 -2 -2 -1 87754616 -2 -2 -2 -1 -1 -2 -2 -1 -1 -1
-1 -1 -2 -1 -2 -2 -2 -2 -1 -1 802011804 -2 -1 -1 -1 -1 113830337 -1 -2 -1 -2 -2 572423488 365547283 -1 -1 64416887 -2 -2 -1 -2 -1 -1 -1 -1 -2 -1 -1 -2 -2 317878320 -1 -1 -1 -2 -2 -1 -1 -2 -1 234046388 -1 -1 -1 -1 -1 -2 -2 -1 -2 -1 -1 -2 -1 -1 -1 -1 -1 -2 -1 778484216 -2 -2 -2 -1 -1 -2 -2 -1 -1 -1 -2 -1 -1 -2 -2 -2 -1 -2 -2 -2 -2 -1 -1 -2 -1 -2 -2 -2 -2 -1 -2 -1 -2 789360144 -1 -1 -1 -1 -2 -2 -2 -2 -2 -1 -2
-1 -1 -1 -2 -2 -1 -1 613822883 -1 -2 -2 -1 -1 -2 -2 -1 -1 -2 103309226 -1 -1 -1 -2 -2 -2 -2 -1 -2 -1 -2 -2 -2 -1 116358026 -2 -1 -1 -2 -2 -2 -2 -1 -1 -2 850739761 -2 -2 156684093 -1 -2 -1 -1 -2 -2 -2 -1 -1 -2 -2 -1 -2 -1 -2 -2 -2 -2 886022172 -1 -1 143941077 -1 -2 -2 -2 621972273 -1 -1 -2 -2 -1 -2 -2 -2 -1 -1 -2 468377419 -1 -1 -1 -2 -1 -2 -1 -1 -1 -2 579543482 -1 -2 -1 -1 -2 -2 -2 397816016 -2 -2 -1 -1 -1 -1 -1 -2 -2 -2
-2 -2 -1 -1 -2 -2 -1 -1 353257728 -2 -1 -1 -1 -1 -2 -1 -1 -1 144326270 -2 598924751 -2 385058826 -1 -2 -1 -2 -2 -2 -2 -1 -1 -1 77221480 -1 -1 -2 -1 -1 -2 -1 -2 -1 -2 -1 -1 148424620 474142818 167560723 -1 -2 -1 940605690 -1 -1 -1 -1 -1 953561657 -1 -1 -2 -2 -1 -1 -2 -1 -1 -1 -1 989670658 -1 -1 -2 -1 -2 -1 -1 -2 759531471 -1 851608796 -2 -2 -1 -1 -2 -2 -1 -1 -2 -1 -2 -1 37815551 -2 -1 -2 -1 -2 -2 -1 -1 -2 -2 953654195 995899294 -1 968546980 -2 -1 -2 -1 -1 -1 -2
-1 -1 -2 281893790 -2 -1 -2 330960289 812356713 -2 -2 -2 -1 -1 -1 76237091 311987461 -1 -2 -1 -2 -2 -1 -2 -1 -2 -1 -2 -1 -2 -1 -1 -1 -2 -1 -2 -2 -1 -2 -2 -1 -1 -2 -2 -1 -1 -2 -1 -2 -2 -1 -1 -1 -1 -2 -2 -1 -2 -1 365263273 -1 -1 -2 899099202 64147022 -1 -1 -2 -1 -2 -2 -1 -1 503211931 -2 967813018 -2 -1 -1 -2 -2 -1 -1 -2 124534818 -1 -1 -2 -2 -2 2822716 -2 -1 959967534 -1 -1 74684276 -1 -1 -2 -2 -1 -1 892481535 -1 -1 -2 -2 -2 -2 -1 -2 -1 -1 -1 594583489
-1 88911507 -2 -2 -2 -1 -2 -1 -1 -1 808070448 -1 -1 -2 -1 -1 -2 -2 773377372 -1 -2 -1 -1 -1 -1 167079047 -2 -2 -2 -1 -2 842719673 -2 498841705 -1 -1 -2 -2 -1 -2 775828286 -1 -1 -2 -2 -1 -1 -2 -2 -1 -1 -1 -2 -2 -2 -1 -1 770924062 -1 -1 -2 -2 426694987 -2 700452776 -2 -2 -2 -1 -2 -2 -1 -1 -2 -2 -2 -2 -2 -1 -1 402856249 -1 -2 -2 -2 -1 -2 -1 -2 -1 -2 688235328 -1 -1 107923543 -1 -1 175008377 -1 -1 -2 -1 -2 997772041 -2 -1 -1 -2 -2 -1 -1 -1 927514971 -1 -2 -2
-1 -1 -1 -2 -2 585109301 -1 -2 -1 -1 -1 -1 -2 -2 -1 -1 -2 -1 -2 -1 -2 -1 -1 -2 -1 -2 -1 -2 118296848 -1 -1 21486976 252536549 -1 -2 -1 -1 -2 -2 512056779 -2 -2 352393055 -1 852348666 -1 -2 -1 -1 -1 -1 -2 -2 -1 -2 -2 -1 -2 -1 -1 -1 -1 -1 -1 -1 -1 -1 -1 818753790 -1 -1 -2 -2 125000577 -2 -1 -1 -1 -1 -1 -2 -1 412444972 -2 -2 -1 -1 -2 -1 301811083 -2 -1 -1 -2 -2 -1 -1 -2 -2 -2 678817496 -2 -1 -2 -1 -1 -2 -1 -2 198360475 -2 -2 -1 -2 -1 -2
-2 -1 -2 -2 -2 -2 -1 -1 -2 -2 -2 -1 113649221 -2 -1 -1 -1 -2 -1 -2 -2 -2 -2 -2 -1 40874124 -2 781322583 -1 -1 -1 -2 -1 -2 -2 -1 -1 -2 -1 -1 -1 -2 -1 -1 -1 -1 408157007 -1 -1 -2 -1 -1 -2 -1 -2 -2 -1 -2 -1 -1 -1 -2 -2 -2 -1 -2 -2 -2 -1 -2 -1 -2 -2 -2 872354068 -2 329910692 -2 -1 -2 -1 -2 -1 -2 -1 -1 -2 -1 -2 -1 -2 -2 -1 -1 -2 -1 -1 -2 -1 -2 -2 -2 88967631 -2 -1 -1 -2 -2 -2 -2 -2 -2 -1 -2 -2 -2
-1 -1 773185099 -1 -1 -1 -1 -1 -1 -1 -2 -1 516603217 -2 -1 -1 -2 -2 -1 -1 -2 -2 -2 659520109 -1 396039735 -2 -1 348892854 -1 -1 -2 838799627 -1 -1 -2 -2 -2 -1 -2 800001284 -2 -1 -1 -2 -2 -1 -2 -1 -2 -1 -1 -1 -1 -1 -1 203678677 -1 -1 -2 -2 -2 -2 845504657 -2 -2 -1 -2 -2 -1 -2 -1 -2 -1 -1 -2 -1 -1 -2 -1 -2 601186334 -1 -1 -2 -1 -2 -1 -2 -2 -1 -2 -2 -2 830318868 -1 -1 -1 -2 567965975 505180703 -1 -2 -1 -1 -1 -2 -2 -1 -1 232546017 -2 -2 -1 -1 -1
-2 -2 -2 -1 -2 -2 -1 -1 -1 -1 -1 -2 -2 -1 -2 -1 -2 -1 225579740 -2 -1 -1 -2 -2 -1 -1 -1 -2 -1 -2 -1 -1 -2 -1 -1 -2 -2 -2 -1 -1 -2 -2 -1 -2 -2 -2 -1 -1 -1 -1 -1 -2 -1 -2 -2 -1 -1 -2 -2 -1 -1 -1 -2 -1 -1 -1 -1 -1 513261016 -1 -1 -1 -2 -1 -2 -1 -1 771803657 -1 -1 219152003 -2 -1 -1 -1 -1 -1 -1 -1 -1 937513864 -2 -1 -2 -2 -1 -1 -1 -2 -2 -1 -1 -1 -2 99537240 -2 -2 -1 -1 -2 -2 -1 -2 -2 -1 -2
-1 -2 -2 -1 684507501 -1 -1 -2 -2 -2 -1 -2 -2 -1 -2 -2 -2 -2 -2 329440518 -1 -2 72490848 -1 -1 -2 -1 -1 -2 -1 -2 -2 -2 -2 -1 -2 -1 870361650 -2 -2 -1 -1 49960145 -1 -1 -1 -1 -2 820089195 4839173 -1 -1 -2 -1 -1 -2 -1 -2 -1 -1 -2 -2 -2 -2 -1 -1 -1 -2 -1 -1 -1 -1 -1 -1 -1 -1 -1 -2 -1 -2 -1 651520402 615751118 -1 -2 -2 -2 -2 -1 -1 -1 -2 986904150 -1 -1 -2 -2 -1 -2 -1 -2 -1 735948223 -2 759802027 -1 -1 974083313 -1 -1 -1 -1 -1 -2 -2 -1
-1 -1 -1 948522515 -2 -1 -1 -2 -2 -1 -1 -2 -2 -1 -2 -1 486116655 -2 -2 31381841 -2 -2 -1 -1 -2 -2 -1 -1 -1 426652108 -1 -1 -2 965459632 -2 -1 -1 -1 -1 -2 -2 -2 -2 -1 -1 804796523 -2 -1 -2 -1 -1 -1 -1 -2 559027783 -2 -1 -2 -1 -1 -2 -2 -1 -1 384933249 -2 -2 -1 -1 -2 -2 -2 -1 -2 -2 -2 -1 -2 -2 614037624 -2 970157106 -1 -1 -1 356295354 -2 -1 -1 -1 284346719 37291345 -1 -2 -1 -2 -1 -1 -1 -1 413189008 423889696 -1 -1 -2 -2 -1 -2 984487662 -1 -1 -1 -1 -2 -2 -2
-2 -1 -2 -1 -2 566046852 -2 -1 -1 -2 -1 -1 -2 -2 -2 -2 -2 -1 -1 -2 -1 -2 -2 -2 -1 -2 -1 -1 -1 -2 -1 -2 -2 -1 -1 -1 -2 850227794 -2 -1 -2 -2 -2 -2 -1 -2 -1 -1 -1 489472835 154758337 -2 -1 -2 -2 -2 -2 -2 -1 -2 -1 -1 148131499 573658068 -2 -1 -2 -1 -1 -1 -2 -1 -1 -2 194057912 -2 -1 -2 -1 -1 446484716 -1 -1 -1 -2 264760042 -2 -1 -2 -1 -2 -1 40913126 -1 -1 -1 -2 -2 -1 -2 -1 -2 -2 315952713 362965214 -2 -2 -1 -1 -2 -1 -1 -2 146285844 -1 -2
-1 -1 -1 -2 -1 -2 -2 -2 -2 -2 -1 -2 -1 -2 -2 -1 -2 -1 -1 -2 -2 -2 -2 382157435 -1 -2 -1 -1 -2 -2 -2 -1 -2 -1 -2 -2 -1 -1 -1 259391876 -2 -1 -1 -1 -2 -1 -2 150358605 -1 -2 -1 -2 -1 -1 -1 -1 -1 828879661 -1 -2 -1 -1 -1 -1 -2 -1 -2 -2 -1 -2 -1 -2 -1 49350916 -1 -2 -1 -1 -1 -1 -1 -1 -1 -1 895926341 -1 609228542 -1 -1 -2 -1 -2 -1 -2 -2 -2 -2 -2 -1 -1 -1 -2 -1 -2 -1 -2 -1 -2 -1 -1 77574103 -1 -2 -1 -1 -1
-2 725264848 -2 -1 -1 990240837 -2 -1 -1 217334285 -1 948011331 -2 -1 -2 -1 -1 -2 -1 -2 -1 -1 -1 -1 -2 -1 675651598 -2 855512533 -1 -2 -1 -2 -1 -2 -1 -1 111927455 -1 -1 -2 -2 -2 -1 -1 222269302 -1 -2 -2 -1 -1 -2 372387715 -1 -2 -1 -1 -2 -1 -1 -2 -2 -1 138743366 -2 341277828 -2 -1 792608184 -1 -2 -2 -1 802548285 -1 -2 -2 -1 -2 -1 -2 -2 -2 -2 -1 -1 -2 -2 557576648 -2 -2 -2 745188511 -1 -2 -1 -1 -2 -1 -2 -2 -1 -2 -1 -2 -1 -2 466740956 -1 -2 -1 -1 -1 -1 -2 -1
-2 -1 -2 -1 -1 -2 -2 -1 -2 -2 -2 -2 -1 -1 -2 -1 -1 692599507 -1 -1 -1 -1 -1 -2 -2 -1 -1 -1 -2 -1 -2 -2 -1 -1 -2 -2 -2 -1 -2 -1 -2 -1 -2 -2 440219235 -1 -2 -2 -1 -2 -1 -1 -1 -1 372581223 -1 -2 -2 -1 -2 384609132 -1 -2 116420689 986773368 -2 -2 -2 -2 -2 -1 -1 202509488 -1 -2 -2 -1 -2 -1 -1 -1 -1 -1 -2 -1 -1 -1 -1 302790230 -2 -2 -1 -1 -1 -2 -1 -1 -2 533933946 -1 -1 656370990 -1 -1 -2 -2 -2 -1 -1 -1 -1 -2 -1 -2 -2 -1
-2 -1 -2 -1 -2 -1 -2 -2 -1 -2 -1 -1 -2 -1 -1 -1 -1 -2 -1 914947587 -1 -2 -2 -2 -2 -2 -1 -1 -2 -2 -1 -1 -1 -1 -1 -2 234748842 -1 -2 -1 -2 -2 -1 -2 -2 -1 -1 -2 593447920 -2 -2 -1 -2 -1 -2 -2 -2 -2 -2 -2 -2 -2 -1 -2 -2 -2 -2 -1 -2 -2 -1 -2 -2 -1 -2 -1 -2 -2 -2 -2 -1 -1 -2 -2 -2 -2 -1 -1 -2 -2 -1 -1 -1 -2 -2 -1 -2 -1 -2 -1 -2 -1 -1 -1 10053616 -1 -2 -1 -1 -2 -1 385135733 -1 -2 -1 -1
-2 -2 -1 -1 -1 -2 -2 -1 -2 -1 -2 -1 -2 -2 -1 -1 -2 -1 -1 -2 -2 -1 -2 -1 211457764 -2 -1 -1 -1 -2 -1 -1 -2 -1 612505017 -1 -1 827131804 -2 -2 -1 -1 -2 -1 -2 -2 -2 -1 -1 -2 -2 -2 -1 -1 -2 386469297 -2 875196068 256586411 84204563 -1 -1 -1 -2 549268591 -2 -1 -2 -1 -1 -1 -2 -2 -1 -2 -2 -1 939126844 -2 -2 -2 -1 -2 -1 -1 -1 -1 -2 -1 -1 107533189 -2 -1 689340545 -2 -2 -2 -1 -1 817353113 -1 634535035 -1 -1 101230711 -1 -1 -2 -2 -1 -2 -2 -1 -2 -1 -1
-1 -2 -1 -2 -2 160443406 -1 -1 -2 -1 351771053 -2 -1 -2 -2 861322633 -2 -1 381289977 -2 -1 -2 -1 255499623 -2 -1 -2 -2 -2 -1 -1 -1 -2 -2 -2 -2 -2 -2 -2 -1 -1 -2 -2 -2 203568944 -1 116740193 -2 -1 -1 -1 -2 -2 -2 769195586 -1 -1 -2 -1 -1 -1 -2 -1 -2 -1 -1 748599540 -2 324468408 -2 352150218 -1 -2 -1 -2 -2 -1 -2 -2 -1 -1 -2 683444587 935370844 -1 -1 -1 -1 -2 -1 384271871 -1 -1 -2 -1 -1 -2 -1 -1 -1 -1 -2 -1 -2 -2 -2 -2 -1 -1 -1 -1 -1 -2 -2 -2 -2
-1 -2 -2 -1 -1 -1 -2 -1 -2 -1 -2 -1 -1 -2 -1 -2 -1 -2 528580568 -1 -1 -1 -1 -2 -2 -2 -1 -1 -2 94775589 -2 -2 -1 -2 -1 -2 -1 80370395 -1 286307361 296810714 -2 -2 -1 283711492 -1 -1 -1 -2 -2 -1 -1 -1 -2 266473418 -1 -1 -1 -2 -2 -1 -1 -2 -2 -1 210586854 -1 -1 -1 -1 -1 -2 -2 -2 -1 -2 -1 -1 -1 -2 -2 -2 -2 -1 -2 -2 -1 -1 -1 -1 -2 -1 -2 -1 -2 -2 -2 -1 -2 -1 -2 568743911 -2 -1 -2 -1 -1 -1 -2 -2 -1 -2 -1 -1 -1 -2
40236289 -1 -1 -1 -1 -1 -2 -1 376083581 -2 -1 -2 -1 905063794 577087287 -2 -1 -1 -1 -1 -2 -2 -2 -1 34410530 -2 142369009 -1 -2 -1 -1 -1 -1 -2 -1 -1 -2 -2 -1 -2 -1 -1 -1 -1 -2 326380022 -1 -1 -2 -2 -2 -1 486417309 -2 -2 -1 -1 -1 -1 -1 -2 -1 135002904 134366259 -2 -2 -1 -1 -1 -1 -1 -1 -1 -2 -1 -2 -1 -2 -1 -2 -1 -1 -2 -1 -2 -1 -2 162935050 -1 44648920 -2 -2 922294448 -2 -2 -2 -2 -1 -1 -1 -1 -2 -2 -1 -2 -1 -2 -2 -2 -1 -2 -1 -1 -2 -2 -2
-1 385816823 -2 -2 -1 -1 -2 -2 -2 -2 -2 -2 -1 -1 806533602 -1 -2 -1 -1 -2 -2 -1 -2 -2 2269663 -1 -1 -1 -1 -1 -2 -2 -1 -1 -1 -1 -2 -2 -2 -2 -2 -1 -2 -2 -2 -2 -1 -2 504008062 -1 -2 -1 -1 -2 -1 -1 -1 -1 -2 -1 -1 -2 -1 -2 -2 -1 -2 -2 -1 -1 400217465 -1 -2 -1 -2 -2 -2 -1 -2 -1 -2 -1 -2 -2 -1 -1 282834920 -1 -1 -1 -1 36610199 -1 -1 -2 -1 87037864 -2 -1 -2 -2 -1 -1 -1 -1 -2 -2 -1 -2 -2 -1 -1 -2 -2 -2 -1
-2 -1 -1 -1 -1 -1 -1 -2 -2 -1 -1 -1 -2 -1 68894722 -1 -2 388754537 -2 -1 -1 -1 -2 -1 -1 -1 -2 -1 -1 -2 -1 -2 -1 -2 -2 691729349 -2 -1 -1 -1 -2 -1 -2 -1 -2 -1 -1 -2 -1 -2 506953686 -1 -2 -1 -1 -1 -2 98954718 -1 -1 -1 -2 -2 -1 -1 -2 -2 -1 -2 -1 -2 137815014 -1 -1 -2 -1 -2 -2 -1 -1 -2 -1 -2 -2 -1 -2 -2 -1 -2 -1 -2 -1 -1 -1 -2 -2 -1 -2 -2 -2 -1 144098939 -1 -2 -1 -1 -1 -1 -1 -1 -1 -2 -1 -2 -2 -2
-1 -2 -2 -2 -2 -1 -2 96871586 -1 -2 -1 -2 -1 -2 -2 -2 -1 -2 -1 -1 -2 -2 -2 -1 -2 399107186 -2 -1 -1 -1 -2 -1 -2 -2 -2 -2 -2 -2 -1 -2 -2 -2 -1 -2 -2 -2 -1 -1 -2 -2 -1 -1 -1 -2 -2 -2 -2 -1 -1 336678517 -1 -2 -2 -1 -1 791889279 -2 -1 -2 -2 116409042 102458986 -2 -2 -1 -2 -2 -1 119923578 729072232 -2 -1 -2 -2 -2 -1 -2 -1 -2 314622475 298787071 -1 -1 976289651 -2 -2 -2 -2 -1 -1 -1 -1 -1 -1 -1 -2 -2 41895010 -1 -1 -2 -2 -1 -1 -1 -1
-2 -1 -2 -1 -1 577985445 -1 -1 -2 449387788 -1 -1 -2 -2 -1 -2 -1 -2 -2 -1 -2 -2 -1 -2 -2 -2 -1 380797703 -1 142686482 -2 -1 -1 -1 -1 -1 -1 -2 -1 -1 -2 -2 -2 -2 -1 -2 -2 -2 -1 -2 559026704 -2 -2 -2 -2 -2 -1 -1 -2 -2 -1 -1 -1 -1 -1 -2 -1 -2 81309571 -2 -1 -1 -1 793012351 -1 -1 -2 -1 968893797 -1 -2 -2 -2 -2 -2 377689755 98165317 -2 795060781 -2 -2 -1 -1 -2 664291001 -1 807893768 -1 -2 -2 -1 -1 13872596 -2 -2 -1 126324286 -2 -1 -2 -2 -1 -2 -1 965672427 -1
-2 -1 -1 -1 -1 -1 -2 693288164 -2 -1 -1 -2 -1 -2 -1 -1 -2 -1 -2 -2 -1 -2 -2 -2 -1 -2 -2 -2 -2 -1 318788725 -1 -2 -1 -2 -1 -2 155211751 -1 -1 -1 -1 -1 -2 -2 -2 -2 -2 448884203 -1 66805914 -2 370448834 -1 -1 -2 -1 -2 478102615 -1 -1 -2 844141327 -1 -2 -1 -1 -1 -2 41617092 -2 -1 -1 -2 -2 -1 245029353 -2 -1 -1 -1 -2 -2 -1 755289793 -2 -1 -2 -2 -2 -2 -2 -1 792173584 -2 -2 570499722 -1 -2 -2 -2 -2 -1 -1 -2 494876247 -1 -1 88065941 -1 -1 -2 977857196 -2 802479627 -2
-2 -1 -1 -1 -1 -2 -1 -1 -2 -2 -2 -2 -1 -1 -2 -2 -1 -2 113339920 -2 -2 -2 -2 -1 542597577 -1 -1 -1 -1 -1 -1 -2 872078370 -2 -2 -1 867533513 -1 299987916 -2 -2 -1 452822290 -1 -2 -2 -1 68830338 -1 -1 -2 -2 -1 -1 -1 -2 -1 -2 -2 -2 -2 -1 -2 68227045 268828407 -2 -1 -2 -1 -2 -2 -1 70507989 -2 -1 -1 -1 -1 -1 -2 745347684 -2 -2 -1 -1 -1 -1 -2 -1 -1 571778865 -1 -2 -2 -1 -1 -2 643200911 -1 271941446 -2 253502836 -2 -1 -2 313981245 -1 -2 -2 -1 -1 -1 -1 -2 -1 -1
-1 -2 -2 -2 106550242 648465621 -1 -2 -1 981264191 -2 -1 -2 -1 -1 -1 421411559 792042223 -1 -2 -1 132077281 -1 -2 -1 -1 -1 -1 84782283 -1 -1 -1 -2 -2 -1 -1 -2 -2 -2 -1 -1 -2 -2 -2 -1 -1 -2 -1 -1 -1 -1 -1 -2 -1 -1 -2 -1 -1 -2 -2 -2 -1 -2 -1 -2 -1 326463456 -1 837782260 -2 -1 -1 -1 -2 -2 -2 -2 -1 -2 -2 -2 -1 -2 -1 -1 -2 -1 -1 -2 -1 -2 -1 -1 -1 -1 -1 -2 -2 -1 -2 -1 -1 -2 -1 -2 -1 -2 -1 45000813 -2 -2 -2 -1 -1 -2 -1
-2 351090525 -2 -2 306363845 -2 -2 -1 -1 -2 -2 -2 -2 -1 -1 -1 -2 -1 -2 -2 -2 -2 617788879 -2 344320278 -2 -1 -1 -1 -2 -2 -1 -2 -2 7652293 -2 520122610 -1 -1 -1 -1 -2 -1 -1 867519255 -1 396576213 -2 -2 880794550 -2 -1 -1 -1 -2 -1 728527626 -1 -1 -1 -2 -2 677843598 -2 -1 -1 -1 -1 -1 -1 -1 181970305 -1 -2 -2 -1 -1 -2 -2 -1 -2 71213851 264574199 -2 -2 -2 82195876 -2 -1 -2 -1 -1 -2 -1 -2 -1 496706638 -2 -2 -2 -1 -2 -2 87624948 -2 -1 -2 -2 -2 -1 -1 -2 864972980 -2 521619551 -2
-2 -2 -2 -2 -1 -2 -2 -1 -1 -2 -1 -2 -2 -1 -1 -2 -2 -2 -2 847982888 -1 -2 -2 -2 83866173 -2 -1 -2 -2 -2 -1 -2 -1 -2 142772057 -2 -1 -2 -2 -1 348013576 -2 -2 -1 -1 -1 -2 -2 -1 -2 -2 -1 -1 -1 -1 -2 -1 -1 -2 -2 -2 -1 -2 -1 -2 -1 -2 -2 -1 -2 -1 -1 -1 -1 -2 999677384 -2 -2 -1 265455155 -2 -1 -2 -1 157813103 -1 -1 -2 -1 341728700 -2 -1 -1 -1 -2 -1 85035322 -2 -1 -2 -1 -2 -1 -1 -1 -1 -1 -2 -1 -2 -1 -2 -2 -1 -1 -1
-2 -1 -2 -2 -2 -2 -1 -2 -1 -2 -2 -2 -2 -1 -2 -1 -1 -1 -1 82773285 -2 -2 -1 -2 -2 -2 189930617 867611506 -2 -1 -2 -2 -1 -2 -1 -2 -1 -1 -2 -2 -1 -2 -2 868801693 -2 -1 -1 -1 -1 -1 -2 -1 -2 -2 -1 -2 -1 -2 -1 -1 -1 -1 -1 -1 -2 -2 -1 -1 381808592 -1 -2 -1 -2 -2 -1 -2 -2 -1 -2 -1 -1 -2 -2 -2 -1 -2 -2 -2 -1 -1 -1 -1 -2 -1 -1 237555096 -1 -2 -1 -1 -2 -2 -2 -1 -1 -1 -2 461924726 -2 -1 -2 -2 -2 436962455 -1 -1
191410097 998910297 352143320 906648689 -1 -2 -2 -1 -1 -1 -1 -2 -1 -2 -1 -1 -2 697750156 -2 936334431 -2 -2 649866828 -1 -2 -1 -1 -2 -2 -2 -1 -2 -2 -2 -1 -2 -2 -2 -1 834792247 -1 -2 -1 -2 -2 -1 -2 -1 -2 -2 -1 -2 -1 -2 -2 -2 -1 -1 -2 -1 -1 -1 -1 -2 -1 -2 -2 -2 -2 -1 -2 -1 -1 -2 -1 -2 -2 -2 -2 -2 -2 -1 -2 -1 -1 -1 -1 -1 -1 746349522 -2 -1 -2 -1 -1 -2 -2 -2 -2 -1 -2 -2 -2 -1 -2 -2 -1 -1 -1 -1 -1 -1 759407385 -1 -2 -2
-2 943246097 588527418 -2 -1 -1 -2 -1 -1 -1 -2 -1 -1 -2 -2 -1 -2 -2 -1 -2 60656686 286057180 895879768 -1 -2 -1 -2 -1 -2 -1 -2 -2 501075557 -1 -1 -1 -1 -1 -2 -1 -1 855387540 -2 -1 -2 -2 -1 -2 -2 -1 -2 -2 -2 -1 -2 -2 -1 -2 214649656 255760481 -2 -1 -1 -1 749428250 -2 -1 -2 -2 -1 -2 -2 -2 -1 -1 -2 -1 -1 -1 -2 -2 -1 -2 -2 -1 -2 296860331 -1 530884667 -2 840260178 -1 547002546 -2 -1 -1 -1 -2 -1 -2 -1 607549131 -2 -2 -1 -2 -2 -2 -1 -1 -2 -2 -2 -2 -2 -1
-1 -1 -1 -1 -1 -2 -1 -2 -1 -1 -1 -2 -1 -1 -1 -1 -2 -2 -2 -2 -1 -1 -1 -2 -1 -1 -1 -2 -1 -1 -1 414845094 -1 -2 -2 -1 -2 -2 -2 -1 -1 -1 493939059 -2 -2 -1 -2 -1 -2 658327950 -2 -2 -1 -2 -2 -2 -2 -1 -2 -1 -2 -1 -2 -2 843834876 -1 -2 -1 -1 -2 -1 -1 -1 -2 -1 -1 -2 -1 -1 -1 -1 -1 238834634 -1 234594442 -1 -1 -2 -2 -1 -2 -2 -1 -2 -1 -2 -1 -1 44113515 -2 -1 -2 -2 -1 -1 -2 -2 -1 295793406 -2 -2 -1 -1 -1 -1 -2
-2 546193089 -1 -1 -2 -1 -1 -1 -1 -2 -1 734662112 -2 -1 -2 -2 578953818 -1 -2 -2 -2 -2 -2 -2 -2 -1 90974743 -2 -1 -2 -1 -1 -2 901598882 -1 -2 -1 -2 -2 -1 -1 -1 -2 -1 895325506 -1 -1 -1 -1 -2 -2 -2 -1 -1 -2 -1 -1 754813328 -2 -1 998102720 -2 -1 -1 -1 -1 -2 -2 -1 -1 -1 -2 -2 -2 -2 -1 -1 -1 -2 -1 -1 -2 -2 -2 127187522 -2 -1 -1 -2 -2 -2 -1 -1 -2 -2 -2 -2 -1 -2 -1 -2 -1 -1 -1 -2 -2 -2 -2 -2 -1 -2 -1 -1 -1 -1 -2
-2 -1 -1 -1 -1 -1 -1 -1 -2 -1 372178157 -2 -2 -2 -2 -1 -1 -2 -2 -2 -1 -2 -1 -1 -1 -1 -1 -1 -2 -2 -2 -1 976035386 -2 -2 -1 -2 -2 -2 -1 -1 -2 -2 -2 741754358 281777773 -1 -2 466720666 -2 -2 -2 -1 -1 -1 -1 675213546 -1 366820521 -1 57192594 -1 -2 -1 279504115 -2 -2 -1 -1 -1 -2 917713763 -2 -1 840448564 -1 -2 -1 -1 -1 303645556 751792436 -2 48537692 -2 -2 -1 -1 -1 -1 -1 -2 -2 -1 905229843 -1 -1 -2 -1 -2 -2 -2 -2 -1 -1 14299364 529897454 -1 -1 228597889 -1 -2 -1 -2 -2 -2
-1 815049119 -2 -2 -2 -1 -2 -1 866955899 -2 -2 -2 -2 -1 -1 -1 -2 -2 -1 -1 -1 -2 -1 -2 -1 -2 -1 -1 -2 -1 928320613 -1 -2 -1 788747975 -2 -2 -1 -1 -2 -2 -2 -1 -1 112996092 -2 -1 915007348 -2 -1 -1 -1 -2 -2 499185556 -2 -2 -1 -2 -1 -2 -1 -1 -1 -2 -2 -1 -1 -1 -1 -1 -2 -1 -1 -1 -2 8970300 -1 -1 -2 -1 -1 -2 -2 -1 -2 -1 -2 -1 -2 -2 -2 -2 -1 -1 -2 756542719 -1 -1 -2 -2 -1 -2 573511056 -1 958479872 -2 -1 -1 -2 -1 -1 -1 -1 -2 -2
-1 -1 -1 -1 -2 -1 -1 843289079 -1 -1 -1 -2 -1 -1 -2 -2 -2 -1 -1 108914359 -1 -2 101269323 -1 931767146 -1 -1 -2 -2 -2 -2 -2 -2 -2 -2 -2 -1 -1 -1 -1 -2 -1 364986058 -1 -1 -1 487021343 -1 -1 -1 -2 -1 -1 -1 -1 -2 -1 -1 -1 -1 -1 -1 -2 -2 -2 -2 -1 -1 -1 512295994 -1 -2 -2 989348333 -1 -1 -2 -1 -1 -2 -1 -1 -1 -2 800318458 972755213 -2 -2 -2 -1 -2 -1 -2 -2 -2 212147586 -2 -1 493042038 -1 -1 -1 -1 -1 -1 -2 -2 -1 -2 -1 -2 -2 -1 -1 -1 -1
-1 -2 -1 -2 -1 -1 -2 -2 351230383 -1 527719697 -2 -1 -1 -1 -2 -1 -1 -1 663813864 -2 675645402 -1 -1 -1 -1 -2 822479870 -2 784502127 -2 -2 -2 -1 -1 -2 -2 -2 -1 -1 -2 -1 -1 -2 -2 -2 -1 -2 -1 -2 -1 -2 327278316 -1 877521729 -1 -1 -1 -1 -2 -2 -2 -1 -1 -2 -1 -1 -1 -1 -2 -1 -2 -1 -1 -2 105827082 -1 -2 -1 -1 -2 -2 -2 -1 -1 -1 -2 -2 -1 985910108 -2 -1 -2 -1 -1 -2 -1 -2 -2 -1 -2 -2 -2 -1 -1 -2 -1 -1 -2 -1 -2 -1 -1 -2 -2 -1
-2 -1 -1 -1 -1 -2 -1 -1 994800815 -1 -1 -2 -1 -2 -1 -1 -2 -1 -2 -1 179695039 -1 -1 -2 -1 -1 -1 -2 -2 708535567 -1 -1 -1 -2 -1 -1 -1 -1 -1 975589413 -1 -2 -1 -1 835091186 -2 -1 346493134 -2 -2 166338481 -1 -1 382349692 -1 -2 453181144 -2 -1 868160971 -1 450129533 -1 -1 -1 -1 -1 -2 -2 -2 -2 -1 -1 -1 -2 -1 408677199 -1 -2 -1 -2 -2 -1 -1 -1 -1 -1 -1 -1 -1 -2 -2 -2 -2 -1 -1 -1 -1 -1 -2 -1 -1 -1 -2 -1 -2 -1 -1 -2 -2 -2 -2 -2 -1 -1 -2
-2 -1 -1 -1 -1 -1 -2 -1 -1 -1 -1 -1 -2 684784797 -1 -2 -2 -1 -1 -1 -1 -1 -1 -1 -1 70080817 -1 -2 -2 -2 -2 -1 561743257 -1 -2 -1 -2 -2 -2 -2 -1 -1 -1 -2 -2 -2 -1 -1 -1 -1 -2 -2 -1 -2 -1 -2 177725475 -1 -1 -1 -1 -1 -1 -2 -1 -2 -1 -1 -2 -1 -2 -2 -1 -2 -1 -2 -2 -2 -1 -1 -2 -1 397517107 -1 -1 -2 -2 -2 -1 -1 890387252 -1 -1 -2 905295089 -1 -1 -2 -2 -1 -1 -1 -2 -2 -2 -1 -1 -1 -1 -2 -2 -1 -1 -2 -2 -1
-2 -2 -1 -2 -2 -2 -1 -2 -2 842862407 -1 -1 -1 -1 -1 -2 -2 -1 -1 315254113 -2 -1 -2 -1 -1 -2 -1 -1 -2 -1 -2 -1 -1 -1 -2 814644362 382865803 -2 -1 -2 -2 -2 -2 -2 -2 -1 -1 968727209 -2 -1 -1 -2 -2 -2 -2 -2 -2 -1 -2 -2 301737010 -2 -1 950663387 -1 -1 -1 -1 480532057 -2 39165214 950014479 -2 -1 -2 912464048 -1 -1 -2 -2 786289619 -1 210750066 -1 -1 -1 -2 -2 -1 900672347 -1 305211104 -2 -2 -1 -2 -2 -2 -2 -2 -1 -1 -2 -2 -2 -1 -1 994575140 -1 -2 -2 -1 -2 -2 -2 -2
-1 -2 -1 -1 -2 -1 -2 351920456 -1 -2 -1 -1 -2 -2 -1 -1 -2 -2 -1 -1 921631431 -2 -1 -2 872080773 -1 -2 -1 -1 -1 -1 -1 -2 -1 -1 562377488 -2 -1 -1 -2 -1 -2 -2 -1 -2 -1 -1 -2 445883824 -1 -1 -2 -2 -2 268762553 -1 -1 -1 -1 -2 -2 -1 -2 -1 -2 -1 -2 -2 -2 -1 117890196 -2 -1 706776769 -1 -2 -2 -2 -2 -1 -2 -2 -1 -2 -2 -1 -1 -1 -2 -1 -2 -1 -1 -2 -2 -2 496579815 -1 -1 -2 -2 514008016 -1 -1 747561460 -2 -1 -1 -1 -2 -2 -1 -1 -1 -1 -1
-2 -1 -2 -2 -2 -2 428461739 -1 -2 85791507 155153468 -1 -2 -1 -2 -2 -1 -1 -1 -2 -1 -1 -1 -1 -2 -2 -1 -1 932947371 -2 -1 525216916 222307711 -2 -2 -1 -1 -2 -1 -1 -2 -2 -1 714348823 -2 -1 -2 -2 -2 -2 -2 -1 -1 -2 -2 -2 -2 -1 -2 -2 -1 -1 -2 -2 -1 -2 -1 -1 -2 -1 -2 -1 611561015 -2 -1 448799490 -1 -1 -1 -2 332563443 -1 -2 -1 -2 -1 -1 -2 -1 -2 617789083 -2 -1 -2 -2 -1 -1 -2 -1 -2 677303308 -1 -1 -1 -1 -1 -1 -2 -1 -2 -2 -1 863233355 -2 -2 -1
-2 -1 -1 -1 -1 -1 -2 -1 -2 -1 -2 -2 -1 690654296 -1 -1 -1 -2 -2 -1 -2 -1 -1 -1 -1 -2 -1 -2 -2 -2 -1 -2 -1 -1 -2 -2 -1 -1 -1 -1 -2 -1 -1 -2 -2 -1 643695242 -1 -2 -1 -1 -2 -2 -2 -1 -2 -1 -2 -2 -2 -1 -2 -1 -2 -1 -2 -2 -1 -1 -2 -1 -1 -2 -1 -2 814206367 -1 -1 -2 -1 -1 -1 730523048 -1 -1 -2 -1 -1 -1 -1 -1 -2 111849072 -2 -1 -1 -1 710840077 -1 -1 -2 -1 -1 -1 -2 574092866 680215099 -1 -1 -1 -1 -1 -2 -2 -2 -2
-2 -2 -1 241672604 -2 -1 -2 -2 -2 -1 -2 -1 -2 -2 -1 -1 -2 -1 134458637 -1 -1 -1 -2 615560673 -1 -1 -2 -2 -2 -1 -1 -1 -1 -2 -1 -1 -2 -2 -2 -2 924490375 -1 -2 -2 -2 301893638 -2 -1 -2 -1 -2 -1 -1 -2 -2 -1 -1 -2 -2 -2 -1 -1 -2 -1 -1 -1 -1 -1 -2 -2 -2 -2 -2 -1 -1 617833527 -1 -2 -2 -2 -1 -1 -1 -2 -2 -1 -2 537048672 -2 -1 -2 -1 219323662 138393199 -2 965011054 -1 -1 -1 -1 -2 -2 -2 -2 -1 -1 -2 -2 -1 -2 -2 -1 -1 -1 -1 -2
-2 -1 -1 812078669 -2 -1 436814966 -2 -1 -1 -2 -1 -1 -1 -1 -2 -1 -1 120163357 -1 594971143 -2 -1 -1 -1 -2 -2 -1 -1 -2 -2 -1 -1 -2 -1 -1 -2 -2 91066311 -1 -1 -1 -2 -2 -1 -2 -2 -2 -2 -1 -2 340337037 -2 -2 -1 -1 -2 -2 -2 -2 -2 -2 -1 -1 402039394 -1 -1 -2 -2 -1 -1 -2 -2 -1 -2 -1 -1 -1 -2 -2 -2 -1 -2 -2 -1 200038391 -2 -2 -2 -1 -1 -1 -2 -1 -1 130067754 -2 -2 -2 -2 -1 -2 -1 -1 -2 -1 -1 -2 -2 -1 -2 -2 3232282 -1 -1 -2
-2 796805865 -2 170916267 -2 407894230 -1 -2 859667266 -1 87600251 -1 -2 290909452 -2 -1 -1 -1 -2 -1 -2 -2 -2 -2 -1 -1 -2 -1 -2 308441103 -2 -1 -1 -1 -1 -2 -2 -2 -1 -2 -2 -2 -2 -2 -1 -2 -2 -2 -2 -2 -1 474221571 -2 -1 -1 -1 -1 -2 -2 -1 -1 -1 -1 -1 -1 200536557 -1 59223944 -1 -2 -1 -1 -2 -1 529057919 -1 -2 -1 -1 702445749 -2 -2 -1 -1 -2 -2 -1 -1 -1 -1 -2 -1 291571584 -1 -1 -1 -2 -1 -2 -2 -1 -2 -2 -2 -1 -2 412372792 -2 -1 -2 -1 -1 -2 -2 -2 220143223
348894183 -2 -1 -2 -2 -1 -1 -1 -2 -1 -2 -1 -2 -2 -2 -1 -2 -2 92588140 -2 -2 -2 -2 -2 -1 -1 -2 -1 -1 -2 -1 -2 943135779 -2 -2 -1 -2 -2 -1 -1 -2 -1 -1 -2 -2 846090200 -1 -1 -2 -1 -2 -2 -1 -2 -2 -2 -2 -1 -1 46145245 -1 -1 -2 -2 -1 193216133 -2 -1 -1 -2 -1 81428787 144954549 -1 -1 -1 -2 -1 -2 -2 -2 -1 -1 -2 -1 -1 517987989 -2 690420990 -1 -2 -1 -1 -2 -2 -2 -1 -2 -2 -1 -2 -1 -2 -1 -1 -1 -1 -1 -2 -1 -1 -2 -2 -2 -2 708987301
-1 -1 -1 -2 -2 -1 -2 -1 -1 819838446 -1 -1 -2 -1 -1 -1 -2 -1 507225865 -1 -2 -1 -1 -1 -2 -2 -2 -2 -1 -2 -2 -2 -2 -2 -1 -1 -2 -2 -2 -1 -1 -2 -1 -2 -1 -1 -2 -1 -1 106178817 -2 -2 -2 -2 -1 -1 -2 -1 -2 -2 -2 -2 -2 543235718 -1 -1 -1 -1 -1 -1 -1 -1 -2 -1 -1 -1 -1 -2 -2 -2 -2 -2 -1 -1 -2 -2 -1 672703614 -2 143689612 -2 -1 -1 -1 -2 170769343 419232620 -2 -2 -2 -2 -2 -1 -1 -1 -2 453927074 -1 -2 -2 432866789 -2 -2 890064539 -2 -1
-1 91080356 -2 -2 -2 -1 -2 -1 -1 -1 -1 -1 -2 -2 -1 -2 830859872 -2 -2 -2 -1 -1 -2 -1 -1 -1 -1 -1 -1 -1 -2 -2 -1 -2 -1 -1 -1 -1 -2 -1 -2 -1 -2 -1 -2 -2 -1 -1 828927326 -2 -1 -2 -1 -2 -1 -1 -1 -1 -1 -1 -2 287129443 -1 -1 -1 -2 -1 -2 -1 -2 -2 -2 -1 -1 -2 -1 -2 -1 -2 -1 -1 -2 -1 -1 -1 -1 -2 -1 -1 -2 760332197 -1 -2 -2 -2 -1 -1 -2 -1 -2 -2 -1 -1 -1 -2 -2 -1 -1 -1 -1 -1 -1 -2 -1 -1 -2
-2 -2 709558285 -1 -1 -1 -2 -1 -2 -1 -2 -2 -2 -2 135215143 -2 -1 -1 -2 -1 -2 -1 703962105 -1 -2 -2 -1 -1 127274451 -2 -1 -2 -1 -1 -1 -2 -2 -1 -2 -2 -2 -2 -1 -2 -1 -1 976325488 428030847 871373093 -2 -2 -2 -2 -1 -2 -1 -2 -1 -2 614149511 -1 -2 -2 -2 -1 -2 -1 -1 -1 -1 -2 -1 648840377 -2 249605947 -1 -2 -2 -2 -1 107687263 -1 -2 -1 -2 -1 -2 -1 -1 269306250 -1 -1 -1 -1 -2 -1 -1 -1 -2 -1 -2 759862971 -1 -1 -1 -1 -1 -1 -2 -2 -2 -2 -1 -2 -2 -1
-1 -1 386659657 -1 -1 -2 -1 -1 -2 -2 254969524 -1 -2 -1 -1 102733935 -2 -2 641137822 -2 -1 -2 -2 -1 -2 -2 -1 -2 -2 -1 -2 -1 -1 -1 -1 -2 -2 -2 -1 799587487 -1 -2 -2 -1 -1 -1 -1 -1 -2 -1 -1 -1 -2 -1 -2 -2 -2 -1 -1 -1 464936354 358300893 -1 917845388 -1 -1 -2 -2 -1 -2 -1 -1 -1 -1 -2 351677664 -2 -1 -2 -1 -1 -1 -1 -2 306430806 -2 -1 -1 -2 -1 -2 -1 -1 -1 -1 -1 -2 -2 -1 -1 -2 -2 -2 -2 -2 -1 -1 -2 -2 -1 -2 -2 -1 32812857 358150283 -2
-2 -2 -1 -2 -1 -2 -1 -2 158786135 -1 -1 -1 -2 -1 -1 -2 -1 -2 -1 -1 -1 -2 -2 -2 -1 -2 -2 -1 -2 -1 -1 -2 -2 -2 -1 -2 -1 -2 -2 -1 -1 -1 -2 -2 -1 -2 192105753 -1 -1 -2 -1 -1 -2 -1 -2 -1 -2 -1 -2 -2 -2 -1 -2 -2 -1 796089470 -2 -1 -2 -2 278956846 -1 -2 -1 -2 -1 -2 -2 -2 -2 -1 -1 -1 944389193 -1 -1 -1 -2 -1 -2 -2 -2 -1 -1 -2 -1 205460137 -2 -1 -1 -2 -1 -2 -2 -1 -2 -2 -1 76325851 943509976 -2 -2 904688626 73366258 -2 -2
-2 -1 -1 -1 -1 90851325 -1 -1 -1 -1 -1 -1 -1 -1 -2 -2 -1 -1 -2 -1 896049767 -2 -2 -1 -2 -1 -1 803970989 340746706 -2 -1 -2 -2 -1 -2 -2 -2 -1 297825531 -2 -1 -2 819656635 -2 -2 -1 -1 -1 -2 -2 -2 815190464 -2 -1 -2 -2 -1 -2 870659672 -1 -1 -2 381447604 -2 -2 925183961 -2 -2 -1 -2 -1 -2 -1 -2 558908512 -1 -2 -2 -1 -2 -2 -1 -2 -1 -2 -1 -1 -1 -2 -1 -1 -2 -1 -1 -1 -2 -1 -2 -1 -1 -1 -1 -1 -1 646902187 -1 -1 -1 -2 -1 -1 -2 -2 -1 -1 -1
-1 -2 -1 -2 -1 -1 -1 -1 -2 284038060 -1 79425556 -1 -2 -2 -2 247854347 -1 -1 -2 -1 -2 -2 -1 -1 -1 -1 -2 -2 -2 -1 -2 -2 -2 -1 -1 -1 -1 -2 -2 -2 -1 -2 -2 -1 -1 3246834 -1 -1 -1 -1 -1 -2 -2 -1 -2 -1 -1 -1 -1 -1 -2 -2 -2 -1 -1 -1 -1 -2 -1 -1 -1 -1 -2 -2 -1 -1 -1 -2 -1 -2 -2 -2 -2 -1 -2 -1 -1 -2 -2 417642806 168173141 -2 -2 -1 -1 -2 -1 -1 -1 -1 -1 -2 -2 -1 -2 -2 -1 -2 -1 -2 -1 -1 -1 -1 -1
-1 -2 -2 -1 -1 -2 -1 -1 -1 -2 -1 170488734 -1 -1 -1 -1 -1 -1 -2 -2 90375030 -1 -1 -1 -2 -1 -2 -1 -1 -2 -2 -1 -1 -1 -2 426992082 -2 -2 -1 -1 -2 340704942 -1 -2 -2 -2 -1 -2 -1 -2 -1 -2 -1 -2 -1 -2 -2 -1 -1 -2 -1 -1 -2 -1 -1 -2 -2 136340657 -2 -2 -1 -1 -2 -1 -1 -1 -1 -1 -1 -1 -2 -2 -1 -2 -1 -2 -1 -1 372369548 -1 -1 -2 -2 -1 -1 -2 -1 -2 -2 -1 -1 -2 883065728 -1 -1 -1 -1 -1 -1 -1 -1 -2 -2 -1 901628668 -2
-1 -2 -1 -1 -2 -1 227613453 -1 -2 -1 -2 -1 -1 -2 -2 -2 -2 -1 -2 -1 859069477 -1 54076025 -2 -2 -1 -2 -1 -2 -1 -2 -1 -2 -2 -1 -2 -1 -1 -1 -1 -1 -1 -2 -2 -1 -2 -1 -2 -2 -1 -1 -1 -2 -1 -1 -1 -2 26885887 -1 -1 165822137 -2 -1 -2 522786577 -2 -2 -2 825609290 -2 -2 -1 -2 -2 -2 -2 -2 -1 -1 338013496 -1 -2 -2 -2 -1 417979219 -2 -2 -1 -2 -2 -1 350632714 -2 -2 -2 -1 -1 -1 -1 -1 -2 -2 -2 -2 -2 -2 -1 -1 -1 -1 -1 -2 -2 -2 -1
-2 -1 -2 -2 -1 346572623 -1 -1 -1 -1 150346883 -1 -1 -1 -1 -1 -2 -1 -2 -1 -2 -2 -1 -2 -1 -2 -1 -1 -1 -1 -2 133207571 -2 -1 -2 -2 -1 -1 -1 -2 -1 -1 -2 -2 -2 -1 -1 -2 -1 -2 -2 -2 -1 -2 -2 -2 -1 -1 -1 -1 -2 -2 -1 -2 -1 -1 -2 -1 891980054 -1 -1 -2 -2 -1 -1 741389870 -2 -2 300641089 -1 -2 -1 -1 -2 -2 -1 -1 122496159 -1 -2 -1 -1 -2 -1 -2 -2 -1 -1 -1 -1 606613028 225732344 -2 -1 -1 -1 -1 -2 -2 -2 -1 -1 -1 -1 -1 -1
-1 -2 -1 -2 -1 -2 -1 -1 -1 309302595 -1 -2 -2 -1 -1 -1 -2 -1 -1 -2 -2 42935392 -2 -2 -2 -1 -1 -1 -2 -1 904462893 -1 -1 -2 -2 -2 -2 -2 -2 -1 -1 331657063 357735759 -2 -1 -2 -1 -1 -1 321834455 -2 -2 -2 -1 -1 -1 -2 -1 -2 -2 -2 -2 -2 -2 -1 -1 -1 -1 -2 -1 -2 -2 -1 -2 -1 -2 -1 -2 -1 -1 -1 -1 306959322 -2 -1 -2 -2 -2 -2 -1 -1 -1 -1 -1 -2 -2 -1 -1 -2 -2 50430754 -1 -2 -1 -2 -1 -2 -2 -2 -2 -1 -2 -2 -2 -2 -1
-1 -1 -1 -1 -1 -1 -1 931762237 -1 -1 -2 -2 -1 809933716 -2 -1 -1 -2 -1 -2 -2 -2 -2 -2 -1 624313460 -1 -1 -1 -2 -2 -2 -1 -2 -1 869176258 39111508 -2 -1 -2 -2 -1 210272858 -1 -1 -2 -2 -2 -2 -1 -2 -1 -1 100330815 -1 -1 -1 -2 -2 -1 -1 51879031 123326075 -2 -1 -2 -2 -1 -2 554765212 -1 -2 -2 -2 -2 -2 -1 -1 -1 -1 792084245 -2 -1 -1 -2 -1 138278275 -2 -1 -2 -2 -1 -1 -2 -1 -2 -1 -2 -1 -2 -2 -2 -2 -2 -1 -2 -1 -2 -2 463495919 -2 -2 -1 -2 -1 -1
-2 925514420 -2 -2 -1 -1 430663950 -2 -1 -1 -1 860994342 -1 418782137 -2 -1 -1 -1 -2 -2 -1 -2 -2 -1 -1 -1 702851000 -1 -1 -1 -2 150076099 -1 -1 -2 -1 -1 -1 -1 -2 -1 -2 -2 -2 -2 -2 -1 -2 -2 345403485 -2 -2 -2 -1 -2 839603862 -1 -1 149760162 -1 -1 -2 -2 -2 -1 -1 -1 108847785 -1 -1 -1 -1 -1 -2 -2 -1 -2 -2 -2 -2 -2 -1 -1 -1 -1 158696435 -1 -1 -2 562876683 -2 -1 -1 -1 101088836 -2 484199180 -2 -1 -1 -2 -2 -2 -2 -2 -2 -2 -2 -1 -1 -2 -1 84367705 -2 -2 -1
-1 -1 -1 -1 -2 -1 -2 -1 -2 -2 -1 -2 -2 -1 580178997 -1 -1 -2 -1 -1 -1 -1 -1 -2 -1 -2 -1 -1 -2 -2 -1 -1 -1 -1 -2 -2 -2 -1 782138041 -1 -1 -1 698026410 -2 -2 -1 -2 -1 -1 -1 -2 -1 863259615 -2 -1 -1 -2 -1 -2 -2 -1 -1 548586949 -1 -1 -1 -1 -1 -2 -1 -2 -2 -1 -2 -1 -1 -2 -1 -1 -1 -2 -1 -2 -1 153393188 -2 -1 -1 -1 -1 -1 -2 -2 -1 -1 -2 -2 -2 -1 -2 -2 -1 -1 911792549 -1 -2 -1 -2 -2 -2 -2 -2 262162595 -1 -1 -1
-1 -1 -1 778414465 -2 -1 -1 -2 -2 96407185 -1 -1 -1 -1 -1 -1 -2 -1 -1 -2 -2 -1 -2 -1 -2 -1 -2 -2 -1 52423443 -2 -1 -2 -2 -1 -1 412564080 -2 -2 -2 -1 273645753 -2 198082646 -2 -2 381036407 -1 -2 -2 -1 -1 -1 -1 -2 -2 -2 -1 -2 -1 -1 698226324 -1 -1 156364823 -1 -2 -1 -1 -2 -1 -2 -2 -2 -2 -2 -1 -1 -1 -2 -1 -2 -1 -2 -1 -1 -1 156803507 -2 -1 -1 -1 361937066 540808151 -1 -1 -1 -2 -2 -1 -2 -2 -1 -2 -1 -1 -2 -1 -2 -1 -2 -1 -1 -1 -2 -2
-1 -2 -1 -1 -1 -1 890168149 -2 -2 -2 -1 -1 -1 -2 -2 -2 -2 185370131 349428264 -2 -1 -1 -2 -1 -1 86944999 -1 -1 -1 -2 212097704 -2 -2 -1 -1 -1 -2 -2 -2 -2 -1 -1 -2 -2 -2 -1 -1 -2 -2 -1 -2 -2 -2 -1 -1 -1 -1 -2 -2 -2 -2 -1 -2 -2 -2 860709335 -2 -2 -1 -1 -1 -1 887666125 -1 -2 -2 -1 -2 -1 -1 -1 -2 -1 -1 -1 -2 989266476 -1 -2 -2 -1 -1 497391277 -1 -2 -1 -2 -1 -2 -1 -1 -1 -2 -1 -1 -1 -2 -2 -1 892564121 -1 -2 -1 -2 -2 -2
338881356 -1 -2 -1 -1 -2 -2 -2 -2 -2 -2 -1 -1 -2 -1 -1 -2 -1 -2 -2 -1 -2 823882063 -1 -1 899048902 -1 -1 -2 -1 -1 -2 -1 -1 -2 -1 121273953 -1 -2 -1 -1 -1 -2 -2 -1 -2 -2 -1 706650432 -1 -1 -1 -2 -1 -2 954675181 511650002 -1 -2 -1 72968895 418151970 518633635 -2 -1 -1 -1 -2 -1 -1 -2 -1 -2 -2 -1 -2 -1 -2 -1 -1 -1 -1 -2 -2 -2 -2 -1 -1 -2 -1 -1 -1 -1 -1 -1 -1 -2 -1 -2 -2 -1 -2 -1 -2 -1 -1 -1 -2 -2 -2 -2 -2 -1 -2 -2 -1
313121586 -1 -2 561176956 -2 807840236 -2 -1 -2 -2 -1 -1 -2 -1 -1 -1 -2 -1 -1 966752114 -1 -2 -1 -2 -1 -2 -1 -1 -2 -2 -1 -1 -2 -2 -2 26610835 -2 -1 -2 -1 -2 -2 -2 -2 -2 -2 -2 -1 -1 -1 -1 448511434 -1 -2 -1 -1 -2 62628488 -1 -1 444132792 218031693 -1 -1 627670186 -1 -2 -2 -1 -1 -1 -2 -2 -1 -1 -2 -1 -1 -1 -2 -1 391187718 -1 -1 -1 -1 -1 -1 -1 -2 -2 162899526 -2 -1 -1 835971931 -2 -1 -2 -2 -1 -2 250172863 -1 613981937 -1 -1 -2 -1 -1 725026208 -2 -2 -1 -2 -2
-2 -2 146802343 -1 -1 -2 -1 233379809 -2 79394548 -2 -1 634452383 612348970 -2 -2 -1 -2 -2 607707546 -1 -1 -2 -1 -2 -1 -2 -1 -2 -1 -1 -1 -1 81724669 -2 -1 -2 282509948 -2 -1 -2 -1 -1 -2 -1 -1 -1 -1 -2 -2 -1 -2 -1 -1 -1 -2 97865917 -1 -2 -2 -1 -2 -2 75727580 -1 -2 -1 272403469 -1 -1 -1 -2 -1 -2 -1 -2 -2 -2 -2 -1 -1 -2 -1 110456175 192029572 -2 -2 -1 -1 -1 -2 -1 158791250 -1 -1 -1 -2 -1 -1 -1 866086475 -1 -1 -1 -1 -1 -2 -2 -1 -2 -2 -2 991307691 -1 -1 -1
-2 -1 -2 -1 233709896 -1 -1 -1 -1 -2 -1 -1 -1 -1 -1 -2 -1 -1 -1 -1 -2 -2 -1 -2 -1 -2 -1 -1 -2 -1 -2 -1 -2 -2 -2 -1 113066567 -1 -1 -1 -1 -2 62965 -1 -1 -1 217481849 -2 -1 577983176 499305672 -1 773954841 -2 -2 -1 -1 -1 -2 -2 -1 -1 -1 -2 -1 -2 -1 -1 805496849 -2 -1 -2 -1 -1 -1 -2 -2 -2 -1 -2 -1 -1 -2 -2 343064217 -1 -1 -1 -1 -1 914158420 -2 -1 -1 -1 -2 -2 -1 -1 15394920 -1 -1 -2 -1 745832783 -2 68086485 680425514 -1 -1 -2 -1 -1 -2 -1 -2
200819296 26430782 295306756 -2 -2 -1 137688433 -1 -1 -2 -2 -1 -1 -2 -2 -2 -2 -2 -1 -1 -1 537817327 328540676 -1 -2 -2 -1 -1 489097902 -1 773015727 -2 -1 -2 -2 -1 -1 -1 -1 -2 -2 154845743 -2 -2 812143550 -1 -2 -1 -2 -1 -2 -2 -2 -1 -1 728833318 -1 -2 -2 -1 -2 566891091 -2 -1 -1 -2 -1 -2 -1 -1 -1 -1 -2 -2 -2 -1 -1 -1 -2 -2 -2 -1 -2 -1 -2 -2 -1 -1 -2 -1 -2 -1 -2 242679313 436560601 -2 -2 -1 -1 -1 -2 704518242 -1 -2 -2 952035382 -1 -2 -1 -1 -2 823104323 -1 -2 -2 -2
-2 -1 400472093 -1 -1 -2 -2 -2 -1 -2 -1 -1 -2 -1 -1 -1 -1 -2 -1 -2 -1 -2 -1 -2 -2 -2 -1 -1 -2 -2 267933837 -1 -1 -2 -1 17095286 -2 -1 -1 -1 -2 -1 -2 -2 -1 -1 -1 -2 369396085 -2 -1 -1 -1 -1 107285481 -2 -1 30323998 -1 -2 -1 -1 -2 -1 -1 -1 -2 -1 -2 -1 -1 -1 295566325 -2 -1 -1 -2 -2 -1 -2 -2 -2 -1 -2 -2 -1 92613957 -1 -1 -2 -1 -2 135656372 -1 -2 -2 -1 -2 -1 -2 -1 -2 -1 -2 -2 -2 -1 21228834 -1 -2 -1 -1 -2 -2 -2 -2
579250914 16036138 -1 -2 737835332 -1 -2 -2 -2 -1 -2 -1 -1 -2 -2 -1 -1 -2 -2 -1 -2 -1 -1 -1 -2 -2 -1 -1 -1 -1 -1 -2 -2 -2 -1 -1 -1 -2 -1 731202511 -1 -2 -1 -1 -1 -2 -2 -1 -2 -1 -1 -2 -2 -2 -2 -1 -1 -2 -2 784194409 -1 -2 -1 620983448 -2 652454198 -1 -2 -1 -1 666636376 -2 -2 -1 -2 -2 -1 390199770 -2 -1 -1 -2 -1 -1 -1 334760281 -2 -1 -1 -1 -1 -1 815665597 -1 -1 -1 -2 -1 -1 -2 -2 -1 118506530 264257009 -1 -1 -1 -1 -1 -1 -1 -1 -1 -2 -1 -2
-2 -2 -1 -2 -2 -1 -1 -2 784992727 -1 -2 -1 -1 -2 -1 -1 -1 500245856 -2 -2 -2 -1 -2 -1 -2 -1 -1 -1 429254351 -2 -2 -1 -2 -1 -1 -1 -2 -2 -1 -1 -2 -1 -2 -1 -1 -1 -1 -2 -1 621289430 -2 -2 -2 -2 -2 -2 -2 -2 168501918 -2 -1 -2 -2 403926533 -2 -2 -2 223092209 -1 -2 -2 -1 -1 -2 640621939 -1 338530685 -2 89554882 512966185 -1 -1 -1 -2 -2 -1 -2 -1 -1 -2 -2 -2 -1 -2 -2 -1 -2 -1 -1 -2 -2 -2 -1 -1 -1 -1 -1 -1 -1 -1 -1 -2 -2 -1 -1 -1
-1 -1 -1 -2 -2 -2 -1 -2 -1 -1 -2 -2 -2 -1 -1 -2 -2 -1 799208389 -2 -2 105607611 -1 -2 -1 -1 -1 135640341 -2 -1 -1 -1 -2 -1 -2 -1 -2 -1 -1 -1 -1 -1 -1 -1 -1 -2 -1 -2 -1 -2 -2 -1 -2 -1 -2 -1 -2 -2 -2 -2 -1 -2 -1 -2 -2 -2 -1 -2 184372078 -2 -1 -2 400161446 -2 -1 -2 -2 -1 858410745 -2 -2 -2 -2 -1 -1 -2 -2 -2 -2 -2 -1 463643183 -1 -2 -2 -1 -2 759183995 -1 -2 -1 248793091 922945935 -1 -2 -2 -2 -1 -2 -1 -2 -2 -2 -1 -1 865763817
-1 -1 -2 74098551 -2 -2 -1 -2 -1 919516505 -1 -2 531477084 -1 -1 -1 -1 -1 -1 -2 -1 -2 -2 -1 -2 -1 -2 -2 240748969 -2 -1 -2 -1 -1 -2 -2 -1 -2 -1 -2 -1 58928128 -2 -1 -1 -1 -1 -1 -1 -1 -2 -2 -2 841039010 -2 -2 -1 -1 643778321 -2 -2 838475101 -2 -1 -1 -1 -1 -1 -2 -1 -2 -2 -1 -1 -2 -2 -2 -1 443229448 801017329 -1 67704485 -2 -1 -2 -2 -1 -1 -2 -2 74061494 -2 -2 -2 -1 -2 -2 -1 -1 -1 -2 -1 -1 -2 -2 -2 -1 -2 -2 -1 -2 -1 -1 871887706 -2 -1
-2 -2 -2 -1 -2 -2 711914974 -2 -1 -2 -1 -2 -1 -2 -2 -2 -2 -1 -1 -2 -2 505729198 -2 -2 -1 234722445 -1 -1 -1 -2 -1 -1 -2 -2 -1 -1 -2 -2 -2 -1 -2 -1 -1 -1 -1 455873619 -2 -1 -2 -2 -2 -2 -1 -1 -1 -1 -1 -1 -1 -2 -2 -2 -2 -1 -1 107304605 -2 -1 -2 -1 -1 -1 -1 -2 -1 -1 -1 -1 -1 -1 -1 356445294 -2 -1 -2 -2 -1 -2 -1 -2 -2 -1 -2 -1 -1 -2 -2 -1 984506630 -2 782320487 -2 373123170 -1 -1 -2 -2 -1 -2 -1 -1 -2 -2 -1 -1 -1
-1 -2 -1 -2 -1 -1 -2 -1 -2 -2 -2 -2 -2 -2 -2 -1 -2 -1 -1 -1 -1 -2 -2 -1 -2 -1 522377791 -1 -2 459170700 -1 956469638 -1 -2 -1 -1 -2 547618211 -2 -1 -2 -1 -1 -1 -1 -2 -1 -2 -1 -1 -1 19102349 -2 -2 -2 -1 -2 -2 -1 -2 691653654 -2 -2 -2 932266199 -2 -1 -1 -2 508203330 -1 -1 -1 -1 -1 789412158 -2 -1 713231030 -1 -1 -1 -1 -1 -2 -2 -2 -1 578899293 -1 -1 -2 -1 -1 -2 -1 -2 -2 -1 -1 40056897 -1 -2 -2 -1 -1 -1 -2 -1 -1 -2 395124745 -1 -1 -2 -1
424413416 -1 -2 -1 -2 -2 -2 -2 -2 -1 516313952 -1 -2 -2 -1 -2 -2 -1 -2 20472967 -1 -1 -2 -2 -1 -2 -1 -1 -2 -2 -2 -1 -2 -1 -1 -2 -1 -1 -1 -2 -2 800965550 -1 -1 -1 -2 -1 -2 -2 -2 -2 907973056 -2 -1 -2 -1 -2 -1 -1 -1 -2 -2 -2 -1 -1 -2 -1 -1 -1 -1 -1 -1 -2 -1 -2 -1 29200844 -1 -2 -2 -1 -1 -1 -2 -2 -1 -2 -1 -2 -2 953018955 -2 -2 -2 -1 -1 -1 -1 -1 -2 -2 -1 -1 -2 -1 -2 -1 -2 -2 -1 -1 -1 -2 -1 -1 -1
-2 -2 -2 -2 -2 82117784 63540167 -1 -1 -1 -2 -2 -1 -2 -1 -1 -2 -1 -1 -2 -2 -1 -1 -1 -1 -2 -2 -1 -1 -1 -2 -2 -1 -2 661783118 -2 -2 -1 165807879 -2 -1 -1 -2 -1 -1 503647517 -1 -1 -2 -1 -2 771225808 -2 -2 249768418 -1 -1 -1 -2 -1 -1 507959103 -1 469340672 -1 -1 -2 -1 -2 -1 -1 -2 -2 -2 -1 -1 -1 -2 72193430 -1 -1 -1 -1 -1 -2 -1 -1 -2 -2 -1 -1 -2 -1 -1 169486938 26532970 -2 -2 -2 43499063 -1 -2 -1 -2 -1 -2 -1 -2 -2 -1 -1 -1 -2 -2 -1 -1
-2 -2 -1 -2 -1 732624268 -1 -1 -2 -2 -2 -2 -2 -1 -2 -2 948018303 494343637 -2 -2 -1 -1 829826162 -1 500900084 -2 -1 -1 -1 -1 -2 -2 -2 68271594 -2 -2 -1 -2 -2 -1 -2 -1 -1 -2 -2 -1 -1 -2 162002810 -2 -1 218868906 -1 -1 -1 -2 -2 -1 -1 -1 -2 -1 -1 -1 -2 -1 -1 -1 -2 -1 -2 -1 -1 -1 -2 -1 -1 -1 -2 -1 -2 -2 -1 -1 -1 730046768 -1 -2 -1 -2 -1 501807050 -2 -2 -1 -1 -2 -1 -2 -1 -1 -1 -2 -2 -2 -2 -1 -2 -2 -1 -1 -1 -2 -2 356584826 -1
-1 -2 -2 -2 -2 -2 -1 -1 -2 -2 -1 -2 -1 -2 -1 292280580 329784757 -2 -2 -1 -1 -2 -1 -1 -2 -2 -2 -2 -1 -2 -1 -1 -2 -1 -1 -2 -1 -1 -1 -2 -1 -2 -1 -2 -1 -1 -2 -1 587980172 -2 81009513 -2 -1 606218269 -1 -2 -2 -2 -1 -1 -2 -2 -1 -1 -2 -1 -1 -2 -1 -1 -1 853355326 -2 -1 655553900 -1 -2 -1 -2 -2 -1 253574737 -1 -1 -2 -1 -1 -2 -1 -2 -1 -2 -2 -2 -2 -2 -1 -1 -2 -2 -2 -2 -1 -1 -1 -2 -1 -2 -2 765874644 -1 -1 89686370 888831832 -1 -2
-1 152055861 -2 -1 -1 -1 -2 -1 -2 -2 -1 -1 -2 -2 -2 -2 -2 -2 -2 -2 -1 -2 -2 -1 -1 -1 -1 -1 -1 -2 -1 -2 -1 -2 -1 -2 -1 -2 526370680 -2 -2 -1 -1 -1 -1 -2 -1 -1 -1 -1 -1 -2 -2 -2 -2 -1 -1 -2 -1 -1 -2 -1 -2 -1 -1 -2 -2 -1 113095785 -2 -1 -1 -1 130430953 -1 -2 -2 79854604 -1 -1 -1 -2 -2 -1 -1 -2 -1 -1 -1 -2 552794124 -2 -2 -1 -1 -1 -2 738840351 -2 -1 -2 -1 174634818 -1 -2 -2 -1 -2 -2 -2 -1 -2 -1 -1 -2 -1
-1 -1 -2 -2 -2 -2 -1 -1 -2 -2 -2 -1 -2 78354758 -2 -1 -2 -2 -2 -2 -1 -1 -2 -1 -1 -1 -2 -2 -2 -2 -1 -2 -1 -1 -2 -1 -1 -2 -2 -1 -2 366179954 -2 -1 -2 -1 -2 -2 -1 -2 -1 -2 -2 -1 -1 227406140 -1 468511237 -2 -1 -1 -1 -1 -1 -1 -2 -1 443892110 -2 -1 -2 -1 -1 52110589 -1 -2 -1 -2 -2 -1 -2 -1 -1 -2 -2 -1 -2 -1 -2 -2 -1 -2 -1 -1 -1 -1 -2 -1 -1 -1 -2 -1 -1 -2 -2 -1 -2 -1 -1 -2 -2 -1 -2 -2 -2 -1
-2 -1 -1 -1 -1 -2 496746771 434016906 -2 -2 -1 -2 -2 -1 881351908 -1 -1 -2 -1 -1 -1 -1 -1 -2 -2 -1 838333103 -1 857011281 -1 -2 -2 308750126 -1 -1 -1 -1 -2 -2 -1 -1 -2 -1 -2 -2 -2 -2 -1 -2 -1 -2 -1 -2 -2 -2 -2 -1 -1 -2 -2 -2 -1 -1 -2 -2 -1 -1 -2 -1 -1 -1 -1 -1 -2 224572688 -1 -2 -1 -2 -2 287122128 383149249 -2 -1 -2 -2 282070330 -1 -1 -2 -1 -1 902680690 -1 -2 -1 -2 -1 -2 -2 -1 -2 -1 -2 -2 -1 -1 -1 -1 -2 -1 -2 -1 861318755 -2 -1
143192266 -1 -1 -2 -1 -2 -1 -2 -1 556274811 820046877 -2 -2 686040690 16082532 -1 -1 -1 -2 -1 -1 -2 -2 -2 -2 -1 -2 -2 171294088 289965761 -2 -1 -2 -1 -1 -2 -2 -2 -2 -1 -2 -1 -1 -1 -1 -1 -2 -1 691301273 -2 -1 -1 -2 -2 -2 -1 -2 -1 -2 -1 -2 -2 -2 -1 -1 -2 450707754 129137399 -1 -2 -1 -1 -2 -2 -1 -2 -2 -1 -2 -2 -2 -2 -2 -1 -1 -2 -2 -1 -1 -2 -1 -2 -1 -1 -1 -1 -1 -1 -2 -1 814637912 -2 -2 -1 -2 485252984 -2 -2 -2 -2 -2 -1 -1 -1 -2 -1
-1 962765055 -1 -1 -2 -1 -1 -2 -2 -2 -1 466000228 -2 -1 -1 -2 -1 -1 -2 -1 -2 -2 -1 -2 -1 -1 -1 -1 -2 -1 -2 610186411 842448549 -1 -2 -2 -2 -2 -1 -2 -1 904358098 -2 -2 -1 -2 -1 -1 -1 -1 -2 -1 -2 -2 -2 -2 -1 -2 -1 -1 -1 -1 577963690 -2 -1 -2 -1 -1 -2 -1 -1 -1 -2 -2 -2 -1 -1 -1 -1 -1 -1 -2 -2 -1 781005099 -2 -2 -1 883081668 -2 -1 -1 438149180 -1 -1 -1 -1 -1 -1 922223495 -1 -1 -1 -2 -1 -2 -1 -2 -1 -2 -1 -2 -2 -1 -2 -2
-2 -1 -2 -2 -2 -1 -2 -1 -1 -1 -2 -2 -2 -2 -1 -2 -1 -1 -2 -1 -1 -2 -2 -2 -2 -2 -2 -1 -2 -1 592620329 920200436 -2 -2 -2 -1 -2 -1 -1 -1 -1 -1 -2 -1 -1 -1 -2 -2 -2 -2 -1 -1 -2 -1 -2 -2 880638558 -2 -1 -1 -2 938263840 -1 273050623 -1 -1 -2 -1 -1 -1 -2 -2 -1 -1 125052734 -1 -2 -2 -2 -2 -1 -1 -1 -1 -1 -2 -1 140036449 -1 -1 -2 -1 -1 -1 -1 -2 -2 -1 -1 -2 -1 -2 -2 -2 -1 -1 -1 -2 -2 -1 423775729 -2 535754405 -1 -1 -1
-1 268068004 -1 -1 692574253 -2 -2 -1 -2 -1 -2 -1 -1 409364979 -1 831069135 -1 -1 705891130 -2 -2 -1 -1 -2 -1 -2 -2 -1 -1 759967827 -2 -2 -2 -1 -2 -1 -2 -1 -1 -2 -2 -1 -1 -1 -2 -1 -1 -1 -2 -1 -1 -2 -1 -2 -2 -1 -2 -2 -1 953606888 -1 -1 -2 522877472 -2 -2 936407985 -1 -1 -2 -1 -2 -2 -1 -2 -2 -1 -2 -2 -1 -2 -1 -2 -2 20470428 -1 -2 -2 -1 -1 -2 -1 -1 -1 -1 -1 -1 -1 -2 -1 -1 -2 -1 -2 -2 -2 -2 -1 -2 -1 -2 -1 -1 -1 -2 -2
-1 -1 -2 -2 -2 -1 -2 -1 -2 -2 -2 -2 -1 -1 -1 -2 -2 -1 -2 520856243 -2 -1 -2 -1 -1 -2 -1 -2 170417965 -1 755155958 -1 -1 -2 -1 -2 -2 -2 -2 -1 -1 -1 -1 -2 -1 41827242 -1 -1 -2 -2 -2 -1 -2 -1 -1 -2 -2 -2 -1 -1 -1 -1 -1 -1 -2 -2 -2 -1 -2 684694144 -2 -1 -2 -1 -1 -1 446582120 -1 -1 -1 -1 339758361 -1 -2 -1 -2 -2 -1 885252998 -1 -1 -1 -1 -2 -1 -2 -1 -1 -1 -2 -1 -1 -1 -2 -1 -1 -2 -1 -2 -1 -1 -1 -2 -1 -1 -2
-1 -2 -1 -1 -1 -2 -1 -1 -1 -1 -1 -2 215496708 -2 -2 -2 -2 804019575 -1 -1 -2 -2 -1 -2 -2 -2 -1 -1 -2 -1 -2 -2 -1 -1 -1 -1 -1 -1 447789023 -1 -2 -1 -2 -2 -1 -1 575394516 -1 -2 -1 -2 -2 -1 -1 -1 -2 -2 -1 540011769 -1 -2 -2 -1 -1 -2 -2 -1 -1 -1 -1 -1 -1 -2 -2 -1 -2 -2 -1 -2 650085452 -1 -2 -1 -2 -2 279815948 -2 -2 -1 -1 -1 -2 -1 -1 -1 -2 341898088 -2 -1 -2 499143801 -2 -1 -2 -2 -2 -2 -1 -1 -1 395187892 -1 -2 554346766 -1 -2
-1 78808676 -1 463378029 -2 -1 -1 832850066 -2 -1 -1 -2 -1 -1 -1 933264686 -2 -2 -2 -2 -2 -1 -1 -2 -2 -2 818747011 -2 -2 -1 -1 -2 -1 -2 -1 -2 -2 -1 -1 -2 -1 -1 -1 -1 -1 -1 -1 -1 -2 -1 -1 -2 -1 -2 146760813 -1 -1 -1 -1 837193136 -1 -1 -2 -1 -2 -2 -2 -1 -1 -1 -2 -1 -2 -2 -1 -1 861374206 -1 -2 -2 -1 -1 -2 -2 -2 -2 -1 -1 -2 -1 -1 -2 -1 -1 -1 -2 -1 -2 -1 -2 69925079 -1 -2 -2 -1 -2 -2 -2 -2 -2 96339264 498730045 -1 -2 840151006 -1
-2 -1 -2 135837630 467036891 -2 -1 -1 -2 -1 -2 -1 -1 -1 -2 -2 -1 -1 -1 -1 746424822 -2 -2 -1 642780691 -2 -2 -2 -1 -2 -1 -2 -1 -1 -1 -2 -2 -2 -2 -2 -2 -1 -1 -2 -2 -1 -2 -1 -2 -1 -2 -1 -2 -1 -2 -2 -1 -1 -1 -2 -1 -1 -1 -1 -2 -1 -1 -1 -1 -1 -2 -1 -2 -1 -1 58067930 -2 -1 -2 -1 -1 -1 -1 -1 -2 -2 -1 -1 -1 -1 -1 -2 -2 -2 -2 731857528 -1 -2 -2 -1 -2 -2 -1 -1 -1 -1 138258166 -1 -2 -2 -2 -1 768774910 518320293 -1 -1
-1 -1 -1 -1 -1 229951975 -1 -1 -2 -1 -2 -2 -2 -2 -2 -1 -1 -2 205531475 -2 -2 264507964 -2 -2 -1 545026001 -1 -1 559118849 -1 -1 835533991 -1 437719299 -2 -2 333373280 -2 -1 829125634 -1 -1 -1 -1 -2 987001985 -1 -1 350673400 -2 -2 205071349 -1 -1 -2 -2 -2 -1 -1 -1 -1 -1 -1 72699660 -1 -2 -1 -2 563409252 -2 -1 460592043 -2 -2 -2 -1 -2 -1 -1 -1 -1 -1 -2 -2 -1 -1 -1 -2 -1 405026464 -2 -2 -2 -2 -1 -1 -2 -2 -1 -1 -1 -1 -1 -1 -1 -1 -1 -1 345510504 -2 -1 -2 -1 325856493 -1 -2
-2 -1 -2 -1 -1 -2 -1 -1 -2 -2 -2 -1 -1 -1 -2 -2 219196597 -1 -2 -1 -1 -2 -1 -2 -1 -2 -1 -1 -2 -1 -1 -1 -2 -2 -1 -2 -1 -2 -2 -1 -2 -1 209452126 -2 -2 475768393 -2 -2 -1 -2 -2 -1 -2 -2 -1 -1 -2 770020947 -2 -1 -2 -1 -1 -1 -2 -2 -2 -2 -2 -1 -1 -2 -2 -2 -2 -2 -1 -2 -1 630278679 -2 -2 -2 311299460 -2 -1 -1 -1 705240006 -2 -1 -2 -2 -2 -2 -1 353482209 -1 -2 697461855 -1 -2 -2 -2 -1 -2 -2 -1 -2 -1 961729809 862318724 659067881 -2 -2 -1
373598213 -1 -2 -1 -1 -2 -2 59595447 -2 -1 21097345 -2 -1 -1 341212333 -2 18075790 -2 -1 -2 -2 581189460 -2 -1 -2 -1 -1 -1 -1 -2 -2 -1 -2 -2 -1 -2 -1 -1 -1 -1 -2 -2 -2 -2 -2 -1 -2 -1 -1 -2 -2 -1 -2 -2 -1 -1 -1 -1 -1 -1 623808012 -2 -2 980310470 -2 -1 -1 -1 -1 -2 -1 -2 -1 -2 -2 -2 -1 -1 -1 -1 -2 -2 -1 -2 -2 -1 -1 -2 -2 -1 -1 -1 -1 455490053 -2 -1 -1 -1 -1 -1 -2 -2 -2 -1 -2 -2 112988012 -2 -2 980255086 -1 -1 -1 -2 -1 -1
893610131 -2 -2 -2 -1 -1 413627649 -2 -2 -2 -2 -1 -2 -1 -1 55477654 929582517 -1 -1 -2 -1 -1 -1 -1 -1 -2 -1 -2 -2 -2 -1 -2 -1 128804498 -1 -1 -2 -1 -1 -1 -2 -1 -1 -1 -2 -2 865629925 -1 -2 -2 -1 -1 -1 -2 -2 -1 -1 -1 -2 -2 -2 -1 -2 -2 -2 -2 -1 -1 -2 -1 -2 736085560 -1 -2 -2 -1 -1 -1 -2 285276273 -1 -1 -2 -1 -1 -1 -2 -2 -2 -1 629354643 -1 -2 -1 -1 -2 -2 855290988 -2 -2 -2 -1 -1 -2 -1 -2 -1 -2 -2 -2 -1 -2 -2 -1 -2 -2
-2 -2 -1 -2 -2 -1 -2 595593738 -2 641741568 -1 -1 -1 -2 -2 -1 -2 -1 -1 -2 119744901 -1 -2 376129800 -2 -2 -1 -2 -2 -1 -1 -2 -1 -1 -1 -1 -1 -2 -2 -2 -1 -2 -1 -1 -1 -1 864360211 -1 -1 -1 -1 -2 -2 960127355 -2 -2 -1 -1 -2 -1 885322943 -1 -2 -1 -1 -2 -2 -1 45535336 815605465 -1 355096935 -2 -1 -1 -1 -1 -1 -1 436875068 -2 -2 -1 41063120 -1 -1 -1 -1 -1 -2 -2 -1 -2 -1 -2 -2 538382437 -2 -2 -2 -2 -1 -1 -1 -1 -2 -2 -2 -1 -2 -1 -1 -2 -1 -2 -2
-1 -1 -1 -1 332981096 -1 -2 -2 -2 -2 -2 -2 -2 -2 -2 -2 -1 679179089 -1 -1 -1 -2 -1 -2 -2 -1 -1 -1 989459515 -1 -2 -2 -1 -2 -2 -2 -1 -2 -1 -2 743347884 35651724 -2 -1 -1 -1 731567602 -1 -1 -1 -2 -2 -1 -2 -1 -2 462724396 -1 -1 -2 186063435 -2 -1 -1 -2 -1 -1 -2 51679189 -2 966703173 -2 -1 -1 -2 -2 -1 -1 -1 -1 -2 -1 -1 -1 496735547 310237938 -1 213916735 -1 -1 -2 -2 -1 -1 -1 -1 -2 606337136 -2 -1 -1 -1 -2 846214625 -2 -1 -2 -2 -1 -1 -2 355384402 -2 -1 -1 -1
64325031 951650599 -1 -1 -1 -1 -2 -2 -1 -1 -2 -2 -2 -1 -2 -1 -2 -2 -1 -2 -2 -2 -1 -2 -2 -1 -1 808314680 -1 -2 -1 50039787 -1 813264588 -2 -1 -1 -1 -2 -2 583364066 -2 -1 -1 -2 481909065 65670141 -1 -1 -2 28361491 -1 -1 -1 -1 -1 -1 -2 -1 -1 -2 -1 -1 -1 -1 -1 -2 -1 134180807 -1 -2 -2 -1 -2 -2 -2 -1 -2 -2 -1 -2 467570366 -2 -1 -2 407199096 -2 -1 -1 -2 -1 417053549 -2 -1 -2 -2 -1 329841428 -2 -2 -1 -2 -2 -2 -1 -2 -1 -2 -2 816509564 -2 -2 -1 -2 -2 -2
-1 -2 -2 -1 -2 -2 -1 -1 -1 -1 -1 -2 -2 -1 -2 -2 -2 -2 -1 -2 -2 -1 -1 -2 -2 -1 -2 -2 -1 -2 -2 -1 -1 -1 -1 -2 -1 -1 -1 -2 -1 -2 -1 -2 -2 -1 -1 318186475 -1 -2 -1 459935548 -2 -2 -1 -1 -1 -2 -2 -1 -1 -2 -1 30587607 978618849 -1 -1 -2 -2 -1 -1 -1 -1 -1 422138993 -1 -2 -2 -1 -2 -2 -1 -1 -2 633156994 -1 -1 -2 -1 -2 -1 998592611 -1 -1 659858134 -2 -1 -2 -1 -1 -2 -1 -1 -1 -1 -2 -1 -2 -1 -1 -2 -1 -1 -1 -1 -1
-2 -2 -2 -2 -2 -1 -2 -1 81377553 -1 -1 -1 212971072 -1 -2 -2 456312137 -1 -1 -1 -1 -1 -1 -2 -1 -1 -2 -2 82723458 102830150 -1 -1 -2 -2 -2 -2 -2 -2 -1 -1 -1 -1 786576728 -2 -1 -1 -2 -2 -2 -1 -1 -1 -2 -1 -2 242845377 -2 -1 -2 -1 -2 -1 -1 -2 -2 -2 -1 -1 -2 -2 -1 -1 -1 -1 -1 -2 303508083 -1 -1 -2 -2 -1 -2 -1 -2 -2 -1 -1 -2 -2 -1 243494248 -2 -1 -1 -1 -1 -1 -2 -1 -1 -1 -1 -1 -1 -1 -2 -2 587540242 -1 -2 -2 -1 694344373 -2 -1
-2 -1 -2 -1 -1 -1 -1 -1 -1 -2 -2 -1 -2 -1 -1 -1 -1 -2 -2 -2 -1 -1 -1 -1 -2 -1 -1 -2 -2 -1 -1 -1 -1 -2 -1 -1 -1 -1 -1 -2 -1 -1 -1 -1 29325791 -1 -1 -2 -1 -1 -2 -1 -1 -1 -1 -2 -1 -2 -2 -1 -2 312229812 -1 -1 -1 -1 956321027 -2 -1 -1 -2 -1 -2 -1 -1 -1 -1 -2 -2 659233672 -2 -2 191057102 609087046 -2 -1 984732973 -2 -2 -1 -1 -1 -2 -1 -1 -1 -2 -1 -1 524827537 -1 -2 -2 -2 -2 -1 -2 -2 -2 -2 639638216 -2 -2 -2 -1 -1
-1 -2 -2 3872632 -2 -2 -2 -2 -2 -1 203010526 -2 -2 -2 -2 -1 -2 -2 414762458 16423614 -2 -2 -1 -1 -1 -1 -1 -2 -2 -1 -2 -2 129425665 -1 -2 -2 -1 -1 -2 631441472 -2 -2 -1 -1 -2 -1 -2 -2 173557522 -2 -1 -1 -1 -1 -1 -1 -2 -2 -2 -1 -1 -1 -2 57658122 263499072 -1 -1 -1 -1 -2 -2 -1 -2 -2 -1 -2 -2 -2 -1 -2 -2 -1 -2 -1 -1 -1 -1 -1 -1 -2 -1 -2 -2 -1 -1 -1 -1 -2 -2 112927365 -2 -2 -1 -1 -1 -1 -1 -2 -2 -2 797581523 -2 -2 -1 -2 -2
-2 -2 -1 -1 -2 -2 -1 -1 -1 5005427 -1 -1 -1 -2 -1 763463918 -1 -1 359234218 -1 -2 -2 -1 -1 -1 -1 -1 -1 -1 -1 -2 -2 -1 -1 -1 -1 -2 -1 -2 -1 -2 -1 -2 27296666 -2 -1 -1 -2 -2 -2 369747229 -1 -2 -1 -1 -1 -2 -2 -2 -2 -2 -1 257854970 -1 -1 -2 -1 -2 -1 -1 -1 -1 -2 -1 -1 -1 -2 -1 -2 -1 -1 -2 -1 -1 -1 -1 -2 -2 -1 -2 -1 -1 -1 -1 734489864 -2 141901588 -1 -2 -2 -1 -1 66249185 175790056 -1 -1 -1 -1 -2 4309087 -1 -2 -1 -2 -1 -1
-1 -2 -2 -1 -2 -2 -1 -2 -2 -1 237854455 -2 -2 -2 -2 -2 -1 -2 -1 638242640 -1 -1 -2 -2 -1 -1 -1 -1 -1 -1 -1 -2 -2 -1 -1 -2 -2 333122201 -1 -1 -2 -1 -2 -2 -1 -1 -2 -1 -1 -1 -2 -1 -2 -1 577037437 -1 -1 134447630 -1 -2 -2 -1 -2 -1 -2 -2 -1 -2 -2 93719411 -2 -2 -1 -1 -2 11824561 902748745 -1 -2 -1 -1 -1 -2 -2 -2 -1 -1 182006975 -1 -1 -2 -1 -1 616831544 -1 -1 -2 -2 -2 -2 -2 -2 -2 -1 -2 -1 -1 -1 -1 -1 -2 -2 -2 -1 -1 -2
-2 -2 -2 -2 -1 -2 -1 -2 -1 -2 -2 -1 -2 -2 -1 -2 -2 -2 221405098 -1 -1 872359865 -1 -1 -2 -1 -1 -2 -2 -1 -2 173113060 -2 -1 -2 -1 -1 -1 -2 -1 -2 -2 -2 -1 -2 -2 -2 -1 -1 -2 -2 -2 -1 -2 -1 -1 -2 -2 834883202 -1 80453835 81333722 -2 885116501 -2 -1 -1 -2 -1 -2 -2 -1 212689274 -2 -2 -1 -1 -2 -1 -2 -2 -2 -2 315254249 323268639 -2 -2 820020717 49946680 -1 -1 -2 -1 -2 -2 385194555 -1 72113949 742447578 -1 -2 -2 -2 -1 -1 -1 -2 -2 -2 -2 -2 -1 976520219 -2 -1 -1
-2 -1 994026490 -1 -1 -2 -2 -1 -1 -1 -2 -1 -1 -2 -2 -2 -1 -2 -1 -2 -1 -1 -2 120215103 -1 -2 -2 688331594 824247001 -2 -1 -1 -1 -1 -1 -1 -1 -1 -2 -2 -2 -1 -1 687123138 -2 -1 -1 -2 -1 -1 859766127 430216725 -2 -2 -1 -2 -1 -2 -2 846643415 -2 -2 -2 -2 -2 597047150 -2 -1 -1 -1 -1 -1 -2 -2 -2 -2 -2 626755261 -1 -1 -2 -1 -2 -1 -1 -1 -2 -2 -1 -1 -1 -1 -1 997642570 -2 -1 -1 -2 -1 -1 -1 -2 -1 -2 708563102 -2 -1 -2 -2 -1 -2 -2 67387050 -2 765351905 -2
-1 -1 -2 -2 -1 -1 -1 -2 -1 -1 -1 -1 -2 822695700 -2 -2 -1 -2 -1 -2 -1 -1 -1 -1 -1 -2 -2 -1 -1 -2 -2 -2 -1 140499095 -2 -1 -1 -2 -2 927132854 -2 -1 -2 -2 -2 -1 -2 -1 -1 -2 965698909 -2 -2 -1 -2 -1 -1 -2 -2 -1 -2 -2 -2 -1 -2 -1 -2 -1 -1 -1 -2 -2 -1 -1 -2 365086482 -2 -1 -2 -2 -1 385713265 -1 -1 -2 -2 122661824 -1 -1 -2 -1 -1 -2 -2 -1 -2 -1 -1 -2 -1 627007051 -1 -1 -2 -2 -2 -1 -2 -1 -2 -1 -1 561511473 -1 14412650 -2
-2 -1 -1 -1 -2 -1 -1 -2 -1 -1 -1 -1 887315324 -2 19289211 -1 -1 -2 -1 -1 -2 -1 -1 -1 -1 -1 -1 -1 -1 -2 -2 -1 -2 -2 -2 253961307 -2 -1 -1 -2 -1 -1 -1 -2 66757300 -1 -1 -1 -2 -2 -2 -1 -1 -2 -1 -1 -2 604680603 -1 -2 724777588 -1 -1 -1 -1 -1 -1 -1 -2 -2 -2 676720805 -1 -1 -2 -2 -1 -2 471511371 -1 -2 -1 -1 -1 -2 -1 -1 653235111 -2 -1 633436891 -1 -1 -2 -2 -2 -1 -1 -1 -2 -1 -1 36206575 -1 -2 -1 -1 -1 -1 -1 -2 -2 -2 -1 -2 -1
-2 241949744 -1 -1 -2 -2 -1 -2 -2 -2 -2 -1 -2 -2 -1 -1 -1 -2 -1 -1 -2 -1 -1 -1 -2 -2 -1 -1 -2 -2 -1 921654691 -1 20034826 -2 -1 -2 -1 -2 -2 -1 -1 -1 -1 -1 743291506 -2 -2 -2 -2 -1 -2 -1 -1 -2 -1 -1 -1 -2 -1 -2 -2 -2 -1 -1 -2 -1 -2 -1 801987046 -1 620779398 -1 -2 -1 -1 -2 -2 -1 -1 -2 -1 -2 683964767 -1 -1 -2 862962017 -1 -2 -1 -1 -1 -1 -1 -1 -1 -1 220298605 -1 -1 -1 -1 -2 -2 -1 -1 -1 -2 -2 -2 -1 -1 -1 -1 -1
-1 -1 -2 41708955 -1 -2 -1 306806056 -1 -2 127374062 -2 336725733 -1 -1 -1 -1 102539152 -1 -1 -1 -1 -2 -1 -2 532030995 -2 -1 -1 910098449 91619409 -1 -2 -2 -2 -1 -1 -2 -1 -2 -1 -2 -1 836083219 -2 -2 -1 -2 -1 346232678 -2 460934156 -2 -2 -1 -2 -2 7530774 -2 -2 -1 -2 21238182 347821401 -2 -1 -1 -1 -2 -1 -1 -1 -1 -1 -1 103714520 -2 -1 -1 -1 -2 -1 129383593 -2 -1 -2 501241832 -2 -2 -1 -1 -1 -1 -1 -1 -2 -2 -1 -1 -2 -2 -1 -1 -1 -2 -1 -2 -1 -1 -2 -2 -1 -2 -1 -1 -1
-2 -1 -1 -1 -2 -1 -2 -1 -1 320611544 -2 -2 -1 -2 -2 549540975 -2 -2 -1 -2 -2 -1 -2 -1 -2 -1 -2 -2 -2 -2 -2 -2 -1 -2 -1 -2 -2 219273969 -2 -2 -1 -1 -2 -2 -2 -1 -2 -2 148636818 -1 -2 -2 678099332 -2 -1 -2 -1 -1 780778074 -1 -1 -1 -1 -1 -2 -1 -1 -1 -1 -1 -1 -1 -1 -2 -2 -2 -2 -2 -2 132623317 130400495 -1 -1 -2 27204533 -2 252680745 -2 -2 -2 -1 -2 -2 885838936 628215846 -1 556615066 -1 -2 -2 -2 -1 -2 113923186 -2 -1 -2 -2 -2 -2 -2 -1 -1 -1 -1 470410819
-2 -2 -2 -2 -2 -1 -1 -2 -1 -2 -1 -1 -1 225997151 -2 -1 -2 -2 -2 -1 -2 -1 38080990 -1 -1 -1 -2 -1 -1 -1 18577575 -1 -1 -1 -1 -1 -1 -2 -1 -2 -2 -1 -2 81673878 -2 -1 -2 -2 -1 -1 -1 -1 -1 814997507 -1 -1 -2 648958920 -1 -2 -2 -1 -2 -1 -1 -1 604370356 -2 -2 -2 -1 -2 -1 308988198 -2 -1 -1 -2 604499326 -2 -1 -1 -2 -1 -1 -1 -1 -2 829826312 -1 -1 -2 -1 -1 -2 459733849 -1 -1 -2 -2 -2 -2 -2 -2 -1 -1 -2 -2 -1 -1 -2 -1 668958869 -1 -1 -2
-2 -2 -2 -1 -1 -2 -1 -2 -2 -1 -2 -1 -1 -1 -2 -2 -2 -1 -1 -1 -2 -2 -1 -1 -1 -2 -2 -1 -2 -1 -2 -1 -1 -1 -2 -1 -1 -1 -2 -1 -2 -2 -1 -1 -1 -1 -1 -1 953686649 -1 -2 -2 -1 -1 -2 766949171 534895084 -1 -1 -1 -2 -2 -2 -1 -1 62920999 -2 -2 -1 -2 -1 -1 -1 -1 -1 791511109 -2 -1 -2 -1 -2 -2 -1 -2 -2 317101856 -1 -2 188056472 -1 -1 -1 -2 -2 -1 -2 -2 889262592 -1 739057307 -1 -1 -2 -2 -1 -2 -1 -1 -2 -2 -1 -2 -2 -2 866863115 -1
662638594 132574848 -1 -1 -1 -1 -2 -1 -2 -2 -1 -1 -1 -2 -1 -2 -2 -2 -1 -2 -2 -1 -2 -2 -1 -2 -2 -1 -2 -1 787557105 -1 151424685 -1 -1 -1 -2 -2 -1 -1 -2 -2 -2 -2 -1 -2 -2 -2 -2 -2 -1 -1 -2 365335138 -2 -2 -2 -2 -2 -1 -2 -1 -2 -2 -1 -1 -2 -1 -1 -2 -1 -2 -1 -1 -2 -2 -1 -1 562178129 -1 -2 65128651 -2 -1 801325550 -2 -1 474874257 -2 -2 -2 -1 -1 -2 -1 -1 -1 -2 -2 704068447 -1 -1 -2 -2 -2 -1 -2 -1 432352498 -1 -1 -1 -1 67487617 -2 -2
-2 -2 -2 -2 -1 -1 -1 -2 -1 -1 -1 -2 -2 -2 -2 740553307 -2 -2 -1 -1 -2 -1 -1 -1 -2 -2 -1 -1 -2 -1 -2 -1 -1 -1 -2 -1 635494342 -2 -1 -2 -1 -1 -2 -2 -1 -1 -2 -1 -1 -1 -2 -1 -1 -2 -2 -2 -2 29562514 -2 -1 -2 -2 -2 -2 -2 -2 -2 -1 -2 -2 -2 909496008 -1 -2 -1 -2 -2 -1 -2 -2 -1 -2 -2 -1 -1 -2 -1 -1 -1 -2 -2 -2 -1 -2 -2 -1 -2 -1 -2 -2 -2 -1 -1 -2 -2 -1 -1 -1 -1 -2 -1 -1 -1 -2 -1 -1
-1 -2 -2 -2 -2 -1 -2 -1 -1 -1 -1 -2 -2 -2 -1 -1 -2 -2 -2 -1 -1 -1 476912629 -2 -2 -2 -1 124252299 -1 -1 -1 57657293 -1 -2 -1 258649852 -1 -2 -1 -2 -2 -1 -2 -2 430670255 635852931 -2 -1 -2 -2 -1 691999233 -1 -1 -1 -1 -1 -1 -2 757913682 -1 -2 -1 -1 -2 -1 -2 -2 -1 -2 -2 -1 -2 -1 -2 -2 -1 -2 -1 164969664 -2 -2 -2 -1 -2 598584366 -1 -1 -2 -2 -2 -1 -1 -2 -1 -1 -2 -2 834992927 -2 -1 -1 -1 -2 -1 -1 -2 -2 -2 814070543 -1 -2 -2 -1 -2 -1
-2 -2 -1 -2 -2 -1 -1 -1 -2 -2 804254203 -1 -1 -1 -2 -2 -1 -2 -1 -2 -1 -2 -1 -2 -2 -2 -1 -2 -2 -1 -1 -2 -1 -2 -1 -2 -1 -2 -2 -2 -2 -2 -1 -1 -2 -1 -2 -2 386408441 393693592 947006724 -2 -2 -2 -1 -1 -1 -2 -1 -1 -1 -2 -2 -1 -2 -2 -1 -1 755315407 -2 -1 -2 -2 -1 -1 -1 -1 -2 -2 -2 -1 -1 -2 -2 -2 -2 -2 -2 -1 -2 -1 -1 632234737 916106087 -1 -1 -1 -2 -1 -1 -2 -2 -2 -1 444238171 -1 -2 -1 -1 983631396 382283998 -2 -2 -1 -2 -1
-2 -2 -2 -1 -1 -2 527481178 255071057 -1 -1 -2 -2 -1 -1 -1 -1 -2 -1 -2 -1 -1 -1 -1 -2 -1 -1 -2 -2 -1 -1 952970591 -1 395820259 -2 133978155 -1 -1 -1 -1 -1 -2 -2 123287317 -1 -2 -2 -1 -2 -1 -1 -1 -2 -1 -1 573165504 -2 -2 -1 -2 -1 -1 270552973 -2 -2 -2 -1 -1 136658940 -2 -2 -1 -1 -2 -1 -1 -1 572216456 -2 -1 -1 -1 -2 -2 -2 -1 -1 -1 -2 -2 -1 724010403 -2 -1 -1 -1 -1 -1 -2 -1 -2 -1 -1 -2 -2 -1 957281559 -2 -2 -2 -1 -1 -1 -2 -1 -2 -2
-1 -1 -1 -2 -1 527617377 -1 -1 -2 -2 -2 -2 -2 -2 -1 -2 -1 -1 -2 -2 -1 -2 -1 -2 -2 -2 969194650 -2 681377605 -1 -1 -2 -2 -1 -2 647242833 -1 -2 -1 -1 -1 -1 -1 -1 -2 -2 -1 -2 -1 -1 -2 -1 -2 -1 -1 -2 -1 -2 78138772 -2 -2 -2 -1 -2 -1 426355132 -2 -1 -2 787008645 -2 -1 -2 -2 -2 -1 -2 -2 -2 -2 -2 -2 -2 -1 -2 -2 -1 -2 -1 -1 297007227 -2 -2 -2 -1 -1 -2 -1 -1 -2 -2 -2 -2 -2 -1 -1 -2 17566331 -2 -2 -1 993589550 -1 -2 -1 -2
-2 116981967 -1 -1 -2 -2 -1 -2 -1 -1 -1 -2 -2 -1 -2 -1 -2 -1 -1 -1 -1 -2 -2 -2 -2 -2 -2 -2 -1 75511391 -1 -1 -1 -1 -1 -2 153648005 -2 -2 -2 -2 -1 -1 -2 -2 -1 -1 -1 -2 -1 -2 -2 -1 -1 -2 -2 -1 306293566 -2 -2 -1 -2 -1 -2 -1 -2 -1 -2 -2 -1 -1 808134404 -1 -1 -1 -2 -1 -2 496770162 -2 -1 -1 -1 -2 327355561 -2 -1 -2 -2 -1 -1 -2 -1 -1 -2 -2 -1 -2 -1 -2 -1 -2 -1 -1 -2 -1 -1 -2 -1 386406992 -2 478700603 -1 -1 -1 -2
-2 782251438 -1 -1 -2 -2 -1 468749726 -2 -1 -2 -1 -1 -2 -1 -1 -1 -2 -1 -1 -2 -1 -1 -1 -1 -1 -2 -1 -1 -2 -2 -1 -2 -2 -1 -2 -2 -2 -1 -2 -1 -2 -1 519395973 -2 -1 -1 -1 -2 -1 -1 -1 -1 -2 66663708 -2 -2 -1 -1 -1 120139352 -2 -1 54191745 -2 -2 -2 -1 -1 -1 -2 947311674 -1 -1 -2 128024739 -1 -1 -1 -2 -1 990074986 -1 -2 -1 -2 -1 -1 -1 -1 -1 -1 -2 -1 -2 -1 794589670 -2 -1 -1 -2 -2 -1 -1 680431546 -1 -1 -1 -2 -2 -1 -2 -2 -1 -2 283176011
305253877 -2 -2 -2 -1 -1 55378591 -2 -2 -2 -2 -1 -1 -1 -1 -1 -1 -2 -2 -2 -1 491409052 -2 -1 -1 -1 -2 -2 -1 -1 -2 -1 -2 -2 -2 -1 -2 -1 -1 -2 -2 -1 -2 -2 -2 -1 -2 -2 -1 -1 -1 -2 -1 -1 -1 -1 -1 -2 -1 408515939 -1 943332614 -1 -1 -2 -1 -1 -1 -1 -1 -1 -2 -1 -2 -2 -2 752321175 -1 -1 -2 110438872 35613180 -1 -1 185651749 -2 -2 -2 -1 -1 -1 -2 -2 -2 -2 -2 -1 -2 -1 446273627 30176572 -1 -1 -1 -2 -1 -2 -1 -2 -2 -1 -1 -2 -2 -1 -1
