112 141
-1 -1 -2 -1 -1 -2 -1 -1 -1 -1 -1 -1 -2 -1 -2 -1 -2 869737532 -1 -2 -1 -2 -2 -1 -2 -2 -2 -1 -1 -1 317796860 -2 121505740 -2 -2 -1 -2 -1 -2 -2 -1 -1 -2 701110442 -2 -2 -1 -2 -2 -2 -2 -2 -1 -2 -1 -2 -2 -1 -2 -2 -1 -2 -1 -1 -2 -2 -2 -2 -1 -2 -1 -1 -2 -2 -1 120859688 -2 -2 -2 -1 -1 -1 -2 -1 673372715 -1 -2 56240918 -2 -2 -1 985463655 -2 -2 -2 -2 -2 -2 -1 -2 -2 -1 -1 -2 -2 -2 -1 -1 -1 -1 -1 -1 -1 -1 -1 -2 -2 290295489 -1 -1 -2 -1 -2 -2 -1 -2 -1 -1 -2 -1 -2 -1 -2 -1 -2 -1 -1 -2 -2 -1 -1
-1 338334828 -1 -2 -2 -2 385845070 -1 -1 -2 -2 -1 -1 147973773 -2 -2 -2 -1 -1 -2 -1 -2 -1 -1 -2 -2 -2 -2 -2 -1 -2 -2 174770070 -1 -1 -1 -1 -1 -1 -2 -2 829830356 -2 -1 -2 -2 -1 -1 -2 -2 -2 -1 28634025 -2 -2 -1 -1 -2 539318428 -2 -1 -1 -2 -2 454160164 -2 -2 -2 706751749 -2 -2 -1 -2 -1 -1 -2 -1 -2 -2 -1 -2 -1 -1 -2 -2 -2 -2 -2 -2 -2 -1 -2 -1 338137572 -1 -1 -1 -1 -1 -2 -1 -2 -1 -2 950144450 -2 -1 -1 -2 -2 457543141 -2 -2 -2 -1 -1 9135877 -1 -1 -1 -2 121853754 -2 -2 -1 -2 -1 -1 -2 -1 -1 -2 -1 -1 -2 -1 -1 -1 -1 -1 -1
-2 -2 -1 -2 -1 -1 -1 -1 -2 -2 -2 -1 -1 -1 -2 -1 -2 -2 -1 -1 -2 -2 -2 -1 -1 -2 -1 -2 -1 -2 108381933 -1 706502086 834250091 -1 139589533 -2 -2 -2 486924702 -2 -1 -1 -1 -1 -2 -1 -1 -2 -1 539156832 -1 -2 -1 -1 -2 -1 221834646 -2 354015125 -1 -2 -2 -2 -2 -1 -2 -2 -1 -1 -2 -2 -2 886893506 -2 -1 135912467 930778072 -2 -2 -1 135860846 -1 -1 -1 -1 -2 -1 -1 -2 -2 -1 -2 -2 395709120 -2 -1 -1 -2 -1 -2 -2 89004806 -1 -1 -2 930643187 -2 -1 -1 620162157 -2 391966705 -2 -2 -2 -2 -1 902088787 -1 -2 -2 -2 -1 666031388 -1 -1 -1 -1 -2 -1 -2 -1 -2 -1 -2 -1 -1 -2 700185408 -1
-1 -1 -2 -1 -1 -1 -1 -1 -1 -1 -2 676654247 -2 -2 -2 -1 -1 -1 -2 -2 -2 -2 -2 -2 -1 -1 -2 -2 -1 -1 -1 -2 -1 659737861 -1 -2 -1 -2 -2 -1 -2 -2 -2 -2 -2 -1 -1 -1 -1 -1 -1 -1 -2 -2 -2 -2 -2 -1 -2 -1 -1 -1 -2 -1 -1 -2 -1 -2 -1 -2 -2 -1 -1 -1 -1 -1 -2 424273470 -2 -1 -1 -2 -1 -1 -2 -1 -2 414528202 -2 -1 -2 -2 -2 -2 -1 -2 -1 289900792 -2 -2 -1 -1 -1 -2 -2 -1 -1 -1 -1 -2 -1 -2 -1 -1 -1 -1 -2 -2 -2 -1 -2 -2 -2 -2 -1 -1 -1 -1 785258887 -1 -2 -2 -1 49605302 129415289 -1 -1 -2 -2 -2 69286541
-1 -2 -1 -2 -2 -2 -2 -1 -2 -2 -1 -2 -1 -1 350522305 -1 -2 -1 185104050 -2 -2 -1 -2 373735496 -2 -2 -2 560762811 -2 -1 -2 -1 -2 -1 -1 -1 -2 -2 36249683 -1 -2 -2 -2 -1 833100704 -1 -1 543112519 299849502 -1 -1 -2 -1 -2 -1 314940048 -1 -2 -1 -2 -2 -2 -2 -2 -1 -1 -2 -2 -1 -2 -2 -2 289591843 -1 -2 -2 -2 -2 -2 -2 -2 -2 -2 12608727 -2 -2 -1 -1 -2 -1 -2 -2 -1 -2 -1 661332317 -2 -2 -2 -2 -1 93419573 -1 -2 -2 -1 -1 -1 92946697 -2 -1 -1 -2 -1 -2 -1 -1 -2 -2 -1 -2 -1 -1 88239901 -1 -2 -2 -2 -1 -2 -1 -2 -2 -2 -1 -2 -2 -2 -1 -1 -2
-2 -1 -1 -1 -2 -2 -1 -2 -1 63592110 -1 -2 -2 -1 -1 -1 -1 -2 849792107 -2 736307425 -2 -2 -1 -2 -2 -1 -2 -1 -1 392789912 -2 443996486 -1 -1 -2 -1 -1 -1 -2 -2 -1 -2 80998369 -2 -2 -2 -2 -2 -1 -2 -1 -1 -2 -1 -2 -2 -1 -2 -2 -1 -1 550693039 -1 -2 -1 -2 -1 -1 -2 -1 -2 -1 -1 -2 -1 -1 -1 -2 201312392 -1 -1 -1 -2 -1 -1 -2 -2 -2 -1 -2 -1 -1 -1 -2 -1 -1 -1 -2 -1 -1 -1 -2 -1 -1 -2 -1 -1 -2 -2 -1 -2 -1 28871537 559290271 -2 -2 -2 -1 416001638 -1 -1 -1 -2 -1 -2 -2 -1 -2 -1 -1 -1 -1 -1 -2 -1 -2 -1 -1 -1 -1
-1 -1 107768086 -1 577194677 -1 -1 -1 -2 -2 -1 -1 -2 -1 505620435 -2 -1 463731517 -2 -1 964459099 -1 -1 -1 -2 -2 -2 -2 -2 -1 -2 452062973 -2 -2 -2 -1 582990676 -1 -1 -2 -2 -1 -2 -1 -1 424704351 -2 -1 -2 -1 -1 -2 -1 -1 -1 -1 424976644 -2 -2 -2 -2 -1 251470975 -2 188064046 -2 152753840 -1 -1 -1 -2 -2 -1 -1 -2 -1 -1 -1 128702171 -2 -2 -1 -2 -2 -2 -2 -2 -2 957379571 -2 -1 -1 -2 -2 50730186 -1 -2 -1 -1 -1 741624078 -1 -2 -2 -1 460718828 -2 -1 -1 -2 -1 -1 -2 -2 -2 -1 539264342 -2 900958084 -1 -2 -2 -1 -1 -2 -1 -2 -2 -2 -2 -2 -2 -1 -2 -2 -1 -1 -1 -1 -2 -2
-1 -1 -1 -2 -2 -1 -1 -1 -2 -1 -2 -2 304420437 -2 -2 -1 -1 -2 -1 -1 -1 -2 -1 -2 -2 -2 -1 -2 -2 -1 -2 -1 -1 238998286 -1 -1 -2 -1 -2 -1 -1 -1 -1 -1 -2 -1 -1 -1 -2 -2 118668261 -2 -1 -1 -2 -1 21628591 -2 -1 -2 -1 -2 -2 -1 -1 -2 -2 -1 -1 -2 -1 -1 -1 -2 -2 -2 -2 -1 -1 -1 -2 -1 -1 -2 -1 -1 -1 -1 -2 -2 -2 -2 -1 -1 595766115 -1 -1 -1 -1 -1 502018124 371687485 719194926 -1 -1 -1 -2 -2 -1 -2 -2 -2 -1 -1 -1 -1 512282725 -2 -2 701804913 -2 -1 1400749 -1 -2 -1 -1 111259615 -2 -1 44992927 -1 -2 -2 -1 -1 -2 -1 286705770 -1 -1
-1 -2 -1 -1 523733304 -2 -2 -1 -1 -1 -2 288770445 -2 -1 -2 -1 -1 -2 -2 -2 -2 -1 -1 -2 -2 305447635 -1 412799229 -2 343121165 -1 -2 -1 -1 -2 -2 -2 -2 -2 -2 -2 -2 -1 -1 -1 -2 -1 -2 -1 -1 -2 -1 -1 -1 -2 -2 -2 -1 -1 -2 -2 -1 -2 -2 -2 -1 -1 -1 -2 -2 -2 -2 -2 -2 -1 -2 -2 -2 -2 -2 -1 -1 -2 -2 -2 -1 -2 -2 -1 -1 -2 -2 -2 -2 -2 -1 20466983 754386824 -1 -2 -2 -1 -1 -2 -2 -1 -1 -2 -2 -1 -2 -2 -1 774874956 -2 -2 -2 -1 -2 -2 -1 -2 -1 -1 -2 -1 -2 220792518 -1 -2 -2 -1 -2 -2 -2 -1 -1 -1 -1 -1 -2
-1 -2 -2 -1 -1 -2 -2 -1 -1 -2 -2 -1 -1 -2 -1 -2 -2 852161140 -1 -2 -1 -2 -1 -2 -2 -1 -1 -2 -2 -2 -2 -1 -1 -2 -2 -1 -2 -1 -1 -2 -1 -1 -2 -2 816492704 -1 -2 -2 -1 -2 -2 -2 -1 -1 -2 -2 -2 -2 -2 -1 -1 -2 -2 -1 -1 -1 544072379 -2 -1 -2 -2 -1 -1 -1 -2 -1 -1 -2 -1 -1 -2 -1 -2 -1 -1 -2 -1 732490626 -2 -2 -2 -2 -2 278536212 -1 -2 -1 -2 -2 -2 -1 -2 -2 -1 -1 979491909 -2 -2 -2 -1 -2 -1 -2 -1 -1 -1 -2 -1 -1 -2 -2 -2 -1 -2 -2 -2 -2 -2 -1 -2 -2 -2 26325837 -2 -2 316504590 823054563 -2 -1 -2 -2
-1 -1 -1 -1 -1 -2 -1 -2 -1 -1 -2 -2 -2 -2 -2 -1 -2 -2 -2 -2 -1 570594326 -1 -2 -2 -1 -2 -2 -2 -1 -1 -2 -1 -1 -1 -2 -1 -2 253528285 -1 -1 -2 -2 -2 -1 -1 -2 -2 -2 170220267 -1 -1 966224777 -1 -1 -2 231900736 -2 -2 -2 899960383 -1 -2 -2 -1 -1 -2 -2 -2 -1 -2 -2 -1 -2 -1 -1 -2 -2 -2 -2 -2 -2 -1 -2 -2 163941445 -1 -1 -1 -1 -2 -2 -2 -1 -2 -2 -1 -2 -1 -1 -1 -2 -2 -1 -1 -1 -2 -2 -1 -1 -2 -1 -2 -2 -1 -2 -2 -2 -2 -1 -1 -1 -1 -1 -2 882316898 -2 -1 265808113 -2 129819740 -1 -2 -2 -2 -1 -2 -1 -2 -2 -2
-1 -1 -1 -2 -2 -2 -1 -1 -1 -2 -2 -2 -2 -2 -2 445119134 -2 -2 -1 -1 -1 -2 -1 -2 -1 -1 -1 -2 -1 -1 -2 -2 103839663 -2 -2 -2 -2 -1 -2 -1 -1 -2 -2 -1 -2 -2 -1 -1 -1 -1 -2 -2 -1 -1 -1 -2 -2 850893912 -1 -2 -2 -2 -1 -2 -2 -1 -1 -2 -1 -1 -2 781289486 -1 -2 -2 -1 -1 -1 -1 -2 -1 -2 903900656 -2 -1 -1 -1 -1 -1 -1 -2 -1 -2 -2 996935465 -2 -2 -2 -1 -2 -2 393442406 818844773 -2 -1 -1 131966002 -2 -1 -2 -2 -2 -2 -1 -1 -2 -1 -2 614319682 -2 -1 -1 -2 -1 -1 -2 -2 -1 -1 -2 -1 15245258 -1 -1 -1 -1 -1 -2 -2 -2 -1
-1 437857394 -2 -2 -2 -2 -2 -2 -1 -1 -1 574439201 -2 -1 -2 -1 -1 -2 -1 -2 -1 998524952 -1 -1 -2 -2 -1 -1 -2 -1 -2 111241609 -2 -1 -2 -2 -2 36449351 21032250 -1 81038490 -2 -2 -2 -1 -2 -1 -1 129071632 583345037 -1 -2 -2 -2 -2 -1 -1 -2 -1 -2 680162691 -2 -1 -1 -1 -1 -2 -1 -1 -2 -1 -2 111451088 -2 -1 -2 -1 -2 -1 -2 -1 -1 -2 -2 -1 714557643 849013950 -1 -2 -2 -2 -2 -2 -2 -1 203640209 -2 -1 -1 -1 -2 -1 -2 -2 333658237 -2 -2 -2 242263552 -2 -2 -1 -2 -2 -2 -2 -1 -2 -2 -2 -1 -2 -1 -2 -1 -1 -1 866371099 -1 -2 -2 -2 -1 -1 -1 -1 -2 -1 -2 -2 -2
-2 -1 -2 103204729 -1 91128043 767084564 -1 283589359 -2 -2 -1 -2 -2 -1 -2 -2 -1 -1 -1 -2 -1 -1 -2 -1 -2 -2 -1 -1 -1 -2 -2 185433918 -2 -1 -2 -2 -1 -2 -2 -2 -2 -2 -2 -1 -1 -1 -2 -2 -2 -2 -1 -2 -1 -2 -2 -1 -2 -1 -1 -2 413631737 -1 945569174 -1 -2 -1 -2 610003107 -2 -2 -2 -1 75171503 -1 -2 -1 -2 -2 -2 798085676 -2 -2 -2 -2 -1 -2 -2 -2 396209455 -1 -2 -1 -1 -1 -1 -2 -1 -2 -2 -2 -2 -2 -2 -1 -2 -2 -1 36015152 -1 -1 -2 -1 -1 -2 -1 -2 -2 -1 -1 -1 -1 -2 -1 -2 -1 -2 -2 -1 -1 -2 -2 -1 38526076 -2 -2 -1 -1 -2 -2 -2
-1 -1 -2 -1 -1 627065423 -2 -2 -2 -1 -2 -2 -1 -1 234199583 -1 -1 -2 -1 -1 -2 -1 -1 -2 -2 -2 -1 -2 -1 -1 -2 1088943 -2 -2 -2 -2 -2 944577476 -2 -2 938679603 -2 -1 -1 -2 -2 -2 -1 -2 -2 725239535 -1 -1 -1 -2 -1 -1 -1 -2 -2 752219804 -2 -1 -1 -1 -2 121962899 -2 -1 -2 -1 -2 439876346 -2 -1 -2 -2 -1 -2 -1 -1 -2 -2 -1 -2 -2 448630826 -2 -1 -1 -2 41718850 157942543 -2 -1 -2 -2 -1 146457978 -1 -2 -2 -2 -1 -1 -2 -1 -2 -1 -1 -1 -2 -1 -1 -1 -2 -1 10445584 -2 -2 -2 -2 -2 513766168 -2 -2 -1 -1 -2 -1 -2 -1 -2 -1 -1 -1 585893179 833582047 -2 -2 -2
-1 165172233 -1 -1 -2 585423652 -1 -2 -2 -2 -2 -2 -2 -2 -2 -2 -2 -2 -1 -2 -2 996539423 -1 709327202 -1 -2 -2 -2 -1 -2 -2 540503318 -2 -2 -2 -2 -1 -1 -1 -2 90650433 276048802 -2 -1 -2 -1 -2 -2 -2 -2 -1 -1 -2 -1 -1 -1 -1 -1 -2 -2 -2 -1 -2 -2 -1 -1 -1 -2 -1 -1 -2 -1 917813387 -2 -2 -1 -2 -2 176676362 -1 349241539 -2 -1 -1 718920781 -2 -1 -2 -1 -2 495561120 -1 -2 -2 -1 -1 -2 -1 -1 -2 -2 -1 -2 -2 -2 -1 -1 -2 673503617 -1 122715742 -2 -1 -2 -1 -1 -2 -2 -2 -1 -2 -2 -1 553371320 -1 -1 -2 -1 -2 -2 -1 -2 -1 -2 -1 -1 -2 -1 128066024 -1 -2
-2 -1 -1 -1 -2 -2 685807210 -2 -1 -1 -2 16381295 -2 -1 -2 -2 -1 -1 -2 -2 -1 -2 -2 -2 -2 -1 -1 -2 -1 -2 883156126 -1 289367755 -2 -2 -1 -2 -1 -2 -2 -1 -2 -1 -1 476036788 -1 -1 -2 -2 -2 -2 371177352 -2 -2 991700589 -1 155368776 -1 -2 -2 -2 -1 -2 -2 -2 -1 -1 -2 -1 -2 -2 -1 681257026 766719300 -2 -1 -2 -1 -1 -1 -2 665509292 -2 -1 -1 -1 -1 -2 -1 -1 764155187 -2 601597929 -1 -1 -1 -1 -1 -1 -1 -1 964251091 -1 -2 -1 -2 -2 -1 -1 -1 -2 -1 -1 228448845 -2 -1 -1 972423691 -1 747621591 962534129 -2 -2 -1 -1 -2 -2 -2 -1 -2 -1 -2 -2 631879526 -1 -1 -1 -1 -2 706092881 -1
-2 -2 -2 -2 -2 312369298 -2 -2 -1 -2 -1 -2 -1 -2 -1 -1 -1 -2 -2 -2 -2 -2 -2 -1 -2 -2 -1 -1 -2 188074024 -1 -2 -2 -1 -1 -1 -1 -1 -1 -2 -2 -1 -1 -2 -1 -1 -2 -2 -1 -1 260643827 -1 -2 -2 -1 -1 -1 -2 -2 -1 -1 -1 -1 -2 -2 -1 -1 -2 -2 -2 -2 -2 -2 -2 -2 -1 -1 387184665 -2 -1 462407411 -2 -1 -1 -1 -2 -1 -2 -2 -2 -1 -2 942537852 -2 -2 -2 -2 337898057 -1 -2 -2 -1 -2 -1 -1 -2 -1 -1 -2 902028019 -2 -2 -2 -1 -2 -2 -1 -1 -2 -2 -2 -1 -2 -2 -2 -1 -1 -2 316313852 -1 -1 -2 -1 -2 -2 -2 -2 -2 -2 -2 -1
-1 -1 -2 -1 -2 -1 -1 -1 -2 67086957 -2 -2 -1 -2 -2 -2 -2 -1 -1 872245672 192918390 -1 -2 -2 -1 64887400 159688785 -1 -2 -1 -1 -2 -2 -1 -1 -1 -2 -2 -1 -2 -1 -1 -2 -2 -2 494692535 -1 -1 -2 -2 -2 -1 -2 -2 -2 -1 -2 -2 126551745 -1 -2 -1 -2 -1 -1 -2 789122138 -2 -2 -1 -1 -1 -1 -1 -1 -2 -2 -2 -1 -2 -1 -1 -1 -1 -2 814649673 -1 -2 -1 -1 -1 -1 -1 -2 -1 -1 -2 -2 -1 -1 -1 -1 -1 -1 -1 232953555 -2 -2 -1 -2 393260931 -2 -1 -1 -2 -1 -1 -1 -2 -2 73221192 -2 -2 -1 -2 -1 -2 -2 -2 136143559 948049285 -2 383471476 -1 -2 -1 -1 -1 -2 -2 -1
-2 -1 -2 -1 -2 -2 -2 -2 -2 -2 -2 -2 -2 907660389 -2 -2 -1 -1 -1 -2 -1 -2 -1 -1 -1 -1 -2 -1 -2 -2 483920895 -1 101134660 -1 -2 -1 513586724 -2 -1 -1 -1 -2 -1 -2 -2 -2 342630535 862675665 -1 -1 -1 508792954 -2 -2 17523847 -1 -1 -2 -1 -2 -1 -1 -1 -2 -1 -1 -1 -1 -1 -2 -2 -1 -1 421578574 -2 -1 -2 -1 -2 -1 -2 -1 299557048 -1 653203851 -1 -2 -2 -1 106140482 -1 213773675 800444623 -1 -1 -2 -2 757578615 -2 -2 -2 -2 -1 -2 -2 -2 -2 -1 -2 -2 -1 -2 -2 -2 -1 -1 -2 -2 -2 -2 -1 -1 -1 -1 -2 -1 -2 -1 -2 -1 -1 -1 917418485 -2 -2 -1 -1 -2 -1 -2 -1
-1 -2 -1 -2 -2 -2 -1 -2 -1 -2 -1 420541505 837729692 -2 -2 -2 513948909 -1 -2 -2 -2 -2 -1 -2 -2 -1 750212463 -2 -1 -1 -2 -2 -2 -2 -2 -2 -2 -2 -2 -2 -1 -2 -2 -1 -1 343150657 -1 -1 -1 -1 -2 -2 -2 -2 -2 -2 712266762 -1 -1 -1 -1 -2 -1 -2 -1 -2 -2 -2 879746492 469715679 -2 -2 -2 176481256 -2 -2 -2 -2 -1 -2 -2 -1 -1 -2 -2 -1 -1 74754200 -1 -2 -1 -2 -2 -2 -1 467729345 -1 -2 -2 -1 -2 -1 -1 -1 -2 -2 -1 -2 314855160 -2 -1 -2 -1 -1 -2 -1 -2 -1 -1 -1 -2 -2 -1 -2 -2 -2 -1 948252500 -2 -1 -1 -1 347179046 -1 958922260 -2 -2 -2 643690600 -1 -1
-1 262746500 -2 -2 -2 -1 -1 -2 -2 206479309 -2 -1 -1 -1 -1 -2 -2 37937363 -2 -2 -1 -1 -2 -2 -1 -2 -1 -2 123648522 -1 -2 -2 -1 -2 -1 604245571 -2 -2 -2 -1 -1 -2 -1 -1 -2 606461917 -1 -1 -1 -2 -1 -2 -1 -1 27690838 -1 -1 -1 -2 -2 -2 647196061 -2 -1 -2 -2 -2 -2 -2 -2 -2 -2 -2 -1 -2 -1 -1 -1 8260435 -2 -1 -1 -1 -2 -2 862908031 -1 -2 -2 -1 -2 -1 35503367 -1 -2 -1 -1 -2 -2 -1 284620818 -1 -2 -1 -2 -1 -2 -2 138786326 -2 -2 -1 -2 -1 -2 -1 574839572 -2 -2 -1 -2 49360196 -2 412867571 -1 -2 -2 -1 -2 -2 483966116 241342744 -2 -2 -2 864408552 -2 -1 -1 -1 -2
-2 -2 176886062 -2 -1 -1 -2 -1 -2 -2 -1 -2 -1 -1 -1 -1 -1 -2 -1 -2 -2 -1 901687458 -2 -2 214229427 -2 874080772 -2 -1 -2 372666054 -2 726193851 -1 -1 -2 -2 -2 -1 -2 -1 -1 -2 -2 -1 -2 -1 -2 -2 -1 -1 -2 -2 -1 -1 29717122 -1 -2 -1 -2 -2 -1 -2 -2 -1 -1 -1 -2 -2 -1 -1 -1 -1 -2 -1 -2 -2 -1 -1 -2 -1 -1 -2 -1 707755785 83255855 -2 -1 -1 -2 -2 -1 -2 -2 -1 815813310 -2 -1 -1 771559820 -2 -1 -2 -1 -1 -2 -2 -1 48425814 -2 -1 -1 -1 -1 -2 -1 -2 -2 -2 -1 -2 -1 -2 -2 -1 -2 -2 -1 -1 -1 459901674 -2 -1 -2 -1 -1 -2 -2 -1 114746797
-2 -1 -1 -1 -2 -1 -1 -1 -2 -1 -1 -2 22240071 -2 -2 -2 -1 -1 -1 -2 -2 -2 -1 -2 877127054 -2 -2 65984499 -1 -1 -2 -2 -1 -1 -1 -1 -2 -1 -1 -2 -2 -2 -1 -2 -1 -2 -2 -1 -2 -2 -2 -1 854066810 -1 -2 -1 -1 690988189 337752699 -2 -2 -1 -2 -1 -1 -1 -2 -1 -2 -2 -1 -1 -1 -1 -2 -2 -1 -1 -1 -2 -2 -2 -2 -1 -2 -2 -2 690241460 -1 -2 313150884 -1 708350520 -2 -2 -1 -1 -1 -2 -2 -2 -2 -1 -1 -2 -1 -1 -2 -2 -1 -2 -1 -1 -2 -1 -1 -1 -2 -2 -1 -1 -2 -1 944141721 -2 -1 -2 907829458 968231976 -2 -1 -2 -2 -2 -1 -2 321034019 -2 -1 -1 -2
-2 -1 -1 -1 -2 496968549 -1 -2 -1 -1 -2 -2 -1 -2 -1 123047470 -1 -1 -2 -1 -1 -1 -2 -1 -2 -2 -1 -1 -1 -1 -2 -2 -2 -1 543142419 -2 -1 -2 -2 -2 -2 -1 -1 -1 -2 703368727 -1 -1 757692089 -1 -2 -2 -2 -2 -1 -2 -2 -2 -2 -2 -1 -2 -2 -2 -2 -2 -2 243119870 -2 -2 799209936 -2 -2 -2 -1 -1 -2 -1 -2 -2 -1 -2 -2 -1 -2 -1 -1 -2 -2 -1 991407722 -2 866482075 -2 -1 -2 -2 235955530 -2 -2 -2 -1 -2 -2 -2 -2 -2 -1 -2 -2 -2 -2 -2 -1 -2 -1 -1 -1 -1 -1 -1 -2 -1 -2 -2 -1 -1 -1 -1 -2 -2 -1 697924530 -2 188632973 -2 -1 -2 691969755 -1 -1
-1 -1 -1 194015923 -1 -1 -1 -2 -2 828626172 -2 864725007 -2 -1 -2 101182180 -2 -1 -2 -2 -2 -1 -1 -1 -2 -2 -2 -1 -1 -2 -2 -1 -2 310083346 15485135 -1 322724971 -1 -2 -1 -2 -2 -1 -2 -2 -2 -1 -1 -1 921665511 -1 -1 -1 -2 467405540 -1 -2 -2 -1 -1 -2 -1 -1 -1 -2 -2 -2 -2 -1 -2 -2 -2 -1 -1 -1 800919206 -1 925978046 -1 -1 -1 -2 -1 -2 -2 -2 717681555 -2 -1 -1 -2 -1 -1 -1 -2 -2 -2 -2 -2 -2 -1 -1 -2 -1 -2 -2 -1 -2 -2 -2 -2 -2 -1 -1 -2 370181193 -2 -2 -2 -2 -1 -2 -2 -2 -2 209408288 -1 -1 -2 -1 457988398 -1 488359983 -2 -2 -1 -1 -1 -1 -1 -2
-2 -1 -2 -1 -2 -1 -1 -1 -2 -2 100768365 -1 -2 -1 -1 -2 -2 -1 -2 -2 -2 510601371 -1 -2 -1 -2 -2 -2 -1 -1 -2 -2 -2 -2 -1 -1 -2 -2 -2 -1 -1 -1 -1 400513211 -2 -1 -2 -2 -1 -1 -1 -1 -2 -2 -1 -2 -2 -1 -1 -2 -2 -1 -2 -2 -2 -2 -2 -1 458875271 -2 -1 -2 -1 -1 491772555 -2 -2 -1 -1 -2 -2 -2 -2 -2 -2 -2 -2 -2 -1 -2 -2 -2 -1 989471141 -2 -1 -1 507117309 -2 -2 -1 369351295 -2 -2 -2 -1 -2 -1 -2 -1 -2 -2 433447152 -1 -1 -2 -1 -2 -2 -1 -2 -1 640510760 -2 -2 -2 -2 -1 -1 -1 -1 -1 -1 -1 -1 -2 154780731 -1 -1 -2 -2
-1 -2 -1 -1 -1 -2 -2 -2 -2 -2 -2 -1 -1 -2 939950203 -1 -2 -1 793467020 -2 -1 -1 -2 -1 -1 -2 795054242 -1 -2 -2 -1 522068272 -2 -2 -1 -1 -2 -2 -2 -2 -2 -2 -2 -2 -2 -1 -2 -1 -1 -1 -1 -1 -2 -2 -1 -2 -1 -2 -1 -1 -2 -1 -2 -2 -2 -1 530378451 -2 -1 -1 -1 -1 -1 85577226 -1 -1 -1 -2 -2 -2 -1 -2 -2 -2 -2 -2 -2 -2 777283305 -1 -1 -1 -2 -1 -1 -1 -1 -1 -1 -1 -2 -2 -1 -2 -2 -2 -1 -2 -1 -1 -2 -1 -1 704284372 -2 -1 277935136 -2 -2 -2 -1 -2 -1 -2 -2 -1 -1 -2 -1 -2 -2 -1 -1 -2 -2 -1 -2 -2 -1 -1 -2
-2 -1 545138223 -1 -2 -1 47238156 -1 599818960 -1 -2 -1 -2 914315583 -1 -1 -2 596585801 -2 -2 713623126 -2 -1 -2 -1 29781939 -2 -1 539632832 -2 912072703 -2 -2 -2 -1 -1 -1 -1 -1 -1 -1 -2 -1 -2 -1 -1 -1 -1 -1 -2 -1 -2 -1 -2 -1 -1 -1 -1 -2 -2 43471521 12652301 -1 -1 -2 -2 -2 -2 -2 -1 851141704 -2 -1 -2 -1 -1 50057579 -2 -1 -2 -2 -1 -2 -1 -2 -1 -1 -1 -2 330551706 -2 -1 -1 488551587 -1 -1 -2 728686397 -2 684320588 437777224 906067131 -2 -1 -2 -2 -2 410771452 -2 -1 -2 -2 482794201 -1 -1 -1 -1 -2 -1 -2 -1 -1 -2 -1 -1 -1 806326738 -1 -1 -1 -2 -1 -2 -2 -1 -1 -1 -2 979603424 -2 -1
-1 -2 85940290 -2 -2 -1 -1 -2 -1 -2 -1 -1 -1 -1 -2 -2 -1 -1 -2 -2 -2 673700828 -2 -2 -2 -1 -2 -1 -1 149356747 -2 -1 535895849 708818127 -1 -1 -2 -1 -2 -1 -2 -1 -1 -2 -1 -2 -2 -2 -2 -2 -1 -1 -1 -1 -1 -1 -1 -2 -1 -2 -2 -2 -1 -1 -1 -2 -1 721089521 -2 -2 8470277 -1 -1 -2 -1 -1 -1 -1 -1 -2 -2 -1 -2 -2 -2 74791513 412103967 -1 -2 -2 54085986 78726064 318790820 -2 -1 -1 -1 -1 -1 -1 -2 -1 -2 -1 -1 -1 -1 -1 -1 -1 -2 -1 -2 -2 -1 -2 838917031 -2 -2 -2 -1 -2 -1 -1 -2 -2 -2 -1 -1 -2 -2 -1 -1 -1 -2 -1 -1 -2 -1 484151280 -1
-1 -2 -1 -2 -2 -1 -1 -1 -2 -1 -1 -2 -2 -1 -1 -1 -2 -1 -1 -1 829070134 -2 -2 -1 -1 39166361 -2 -2 -2 -1 -2 -1 -2 -2 -2 -1 -1 -1 -2 689757258 -1 -1 -2 -1 -2 499485645 -1 -1 -2 -1 -2 -1 -1 -1 -1 -2 490089154 -1 -1 -2 -1 537925812 -1 478151860 -1 -1 -1 -1 -2 -1 -2 -2 -1 -2 45178328 31420757 -1 -2 -2 -2 -1 -1 -2 -1 -2 -1 -2 -1 -1 -2 -2 685845504 -1 -1 -2 -1 -1 -2 624976102 -1 238240069 -1 -1 -2 -1 415166171 -2 -2 -2 -1 -2 -2 142196631 -1 -2 -1 -2 -2 -2 816219295 -1 -1 -2 -1 -2 -2 -2 -1 -2 -1 -2 -1 -2 -1 -1 -1 -2 324541756 -2 -2 -1
-1 -2 -1 -2 -2 -2 -1 -2 -2 -2 -2 -2 -2 -2 -2 -1 549557811 -2 -1 -1 642286018 -1 -2 -2 -1 -1 -2 -2 822747731 -2 -2 -2 -1 -1 -2 -2 -1 -2 -1 -2 -1 -2 -2 -2 -1 -1 -1 -1 -1 733693109 -1 -2 -1 -1 -1 -1 -2 -1 -2 -2 -2 -1 -2 -2 -1 -1 -2 -1 -2 -1 -1 -2 -1 -2 -2 -1 -2 -2 -2 -2 -2 -2 -2 -1 -1 -2 -2 -1 -2 -1 -1 -1 -2 -1 -1 380929426 -1 -2 -2 -2 -2 -1 -1 -1 -1 -2 -2 688214248 -2 -1 -1 -2 -1 -2 -2 -1 -1 -2 -2 -1 -1 -2 -2 -1 -1 -1 -1 -2 -2 -2 -2 -1 -1 -1 -1 -1 -1 -1 -2 -1 -2
-1 -1 -1 -2 -1 -2 -2 749553074 -1 -2 -1 -2 -2 -2 -2 -2 -2 -1 -2 -1 -2 -2 -1 -2 -2 -1 -1 -1 -2 -2 -2 -2 40321047 -2 -1 -2 -2 -2 -2 -1 -1 -1 -1 -1 -2 489208973 -1 -1 -1 -2 -2 -1 -2 -1 -2 -1 -1 -2 -1 -1 -1 -1 -2 -2 -1 -1 -2 -1 -2 -2 -1 -2 -2 114649790 -2 -1 -1 -2 -1 -2 70174510 248599118 -1 -2 -1 -1 -2 -2 -2 -2 -2 -2 -2 -2 -2 -1 -2 992533418 -1 -1 -1 -2 -1 27972449 -1 -1 -1 -1 -1 -1 -2 -1 -1 -2 243406561 -2 -1 -1 -1 -1 -1 251591036 -1 -2 -1 -2 -1 -2 -2 -2 -1 -1 -2 -1 -1 -2 -1 -1 -1 -2 -2
-1 -1 -1 -1 -1 -1 -1 -2 -2 -1 -2 948406218 -2 -2 5840305 -1 -2 414597258 924938124 -2 -2 -2 -1 -2 -2 -2 -2 -2 -2 -1 -2 -1 -2 -1 -2 -2 -2 -1 -2 -2 -1 -2 -1 47599487 -1 -1 -1 -1 25408896 -1 -2 -1 326313486 -1 -2 -1 1918282 -2 -1 -2 -2 -1 -2 -1 -1 -1 -2 311380457 -2 -2 -2 -1 -2 -2 674248611 -2 -2 -1 -1 -2 -2 -2 -1 -2 -1 -1 -2 -2 -2 -2 -2 -2 -1 -2 -2 -2 -1 -2 -2 -2 -2 -2 -1 -2 -2 -1 -1 -2 -2 -1 -2 -2 -2 -2 170696220 -2 -1 -2 -1 -2 -1 -1 -2 -2 125291762 -2 255118024 -2 -1 -1 -1 -2 -1 -2 296974338 -2 -1 483244607 -1 -1 -1
-1 31858389 -2 -1 -2 -2 -2 -2 -2 -2 -2 -1 -2 -1 -1 -2 -1 664705821 -1 -1 -2 -1 -2 -1 -1 -2 -1 -2 -1 -1 -2 -1 -1 -1 -2 -1 -1 -1 -1 -1 250008459 -1 -1 -2 66794418 -1 -2 347438648 -2 -2 -1 -1 -1 -2 584009212 -1 -2 -1 -2 -2 -1 -1 -2 -2 -1 -2 -1 -2 -1 -2 -1 -2 -1 -1 70509098 -2 -1 -2 -2 -2 -2 -1 -1 -1 -1 -2 -1 -2 -2 -1 -1 -1 -1 -1 -2 -1 -1 -1 -2 -2 -2 -2 -1 -1 -1 -1 -1 996107737 -2 -1 -2 443192561 -1 -1 224369216 -1 -1 947921134 -2 871642091 -1 -2 -2 -2 -2 -1 -1 -2 -2 -1 -1 -2 -1 -1 -2 -2 -1 646429550 -2 -2 -2
-2 -2 -1 -1 -2 -2 -2 -2 -2 -2 -2 -2 -1 -1 -2 -2 -1 866455725 -1 -2 -1 -2 -1 -1 -2 -1 -2 -2 -1 -2 -1 -1 -1 -2 105448886 -2 -2 -1 -1 -2 -2 -2 -1 -1 -2 -2 -1 -1 -1 -1 -1 -1 -1 5671213 -1 -1 -1 -2 -2 -1 -2 -2 -2 -2 -1 -1 -2 -1 336904965 115356551 -1 -1 -2 -1 -2 -1 -1 -2 -2 -2 -1 -2 -1 -2 -1 -2 -2 151408811 -2 -2 -2 -1 -1 -1 -1 -2 52715219 -2 -2 -2 -1 -1 -1 -2 717106211 -2 -2 -1 811206226 -1 -2 -1 -1 -1 230447349 -2 -2 -1 -1 -1 -2 430052145 -2 -1 -1 504288479 -1 -2 -1 -2 -2 -2 -2 621722020 -2 -2 -2 -1 -2 -2 -1
-2 -2 -2 -2 -2 -1 -1 -2 -1 -1 -1 -2 -1 -2 -1 112911308 -2 -2 336613314 681696796 -1 -2 -2 -2 -2 -1 -2 -1 746575308 -1 -1 -2 780179432 -1 -1 -2 -2 -1 54875081 -2 -1 -1 -2 -2 -1 134924188 -1 -2 -1 -1 -1 -1 -1 -1 -2 -1 -1 -2 -1 -2 -2 -2 -2 -2 -1 -1 -2 -1 152592480 -2 -2 -2 -1 -1 -2 -2 125213977 -1 -2 -2 -2 -1 -1 -1 -2 663007435 -2 -2 -2 -1 -2 -2 -2 -2 -2 -1 309395439 -1 -2 -2 537865740 -2 -2 -2 -2 -2 -1 357744590 -2 -2 -2 961617088 17257428 -2 -2 -2 -2 -1 86801485 -2 -2 -1 -2 -1 -2 -2 -2 -2 -2 -2 -1 -1 -1 -2 -2 -1 -1 -2 -1 -1 -2
-1 -1 -2 810711402 685112214 -1 -2 -2 -2 -1 -2 -2 -2 -1 -1 553229126 -1 -1 -2 -2 -1 -1 -2 573122884 -2 325426651 -2 -2 -1 -2 -1 -2 -1 -1 -1 -2 -2 -1 -1 -2 -1 -2 -1 -1 -2 -1 -2 -2 -2 -2 -1 -1 -2 792744018 -2 -2 -1 -1 -2 178541106 -1 -1 -1 -2 -2 -1 -2 -1 -1 -2 -1 -1 -2 -1 -1 -1 -2 -1 -2 -1 -2 -2 785565122 -2 -2 -1 -2 -1 -2 -2 -1 -2 -1 -2 -2 -2 -1 -1 -2 -2 -2 -2 -2 -1 -2 -1 178887031 -1 -1 789295078 -2 -1 -1 -2 -2 -1 -1 -1 -2 -2 -2 -1 450404664 -1 -2 -1 -1 -1 -2 -2 -2 -1 -2 -1 -2 -2 -2 -2 -2 397260261 -2
-2 248236001 -1 -2 303091980 -1 -1 -2 -1 -2 196011206 -1 -1 -1 -1 -2 -2 -1 -1 659992247 -1 -2 -1 -2 -1 -1 639087464 -1 733494355 -2 -1 472863136 -1 -1 -2 -1 -1 -1 -1 -1 -1 -2 403918218 -2 -1 -2 -1 -1 -2 -2 -2 -2 -1 -1 -1 -2 865599505 -2 -2 -2 113534418 -2 896618976 -1 -1 -1 -2 -2 -1 -2 -1 -1 -1 -1 -1 -2 -2 -2 -2 -2 -2 -2 795702541 -2 -1 -2 -1 -1 -2 -1 -2 -2 -1 -1 -2 -2 -2 728681640 -1 -1 -2 -1 -1 -2 -1 -2 -2 -2 -2 -1 -2 -2 -1 -1 -2 -2 -2 -2 -2 -2 -2 -2 -2 380530714 945107090 380156898 -2 854600529 -1 -1 -2 -2 -2 -2 -1 -1 -2 -2 -1 -2 -2
-2 -1 -1 -2 -1 -1 -1 -2 -2 -1 -2 -1 -2 -2 920214974 -1 -2 -2 -1 48623841 -1 -1 -2 -1 -2 -2 -1 -2 369475219 481333104 -1 -1 -2 -2 -1 -1 -2 196964983 -2 -1 -2 -1 -2 -1 -2 -1 -1 -2 -2 -1 -1 -2 -2 -1 -1 906464491 -1 -1 -1 -1 530633841 -2 -2 -2 -2 -1 -2 -2 -2 -2 -1 -2 -2 -1 -2 -1 -2 -1 -2 -1 -2 -2 -2 -1 -2 -1 -1 -2 -2 -1 -2 -1 -2 -2 630086436 280140692 -2 -2 -2 210264606 -2 -1 -2 -1 -1 -2 -1 -2 -1 -1 -2 -1 -1 -2 -1 -1 -2 -1 546663154 -2 -2 -2 755062174 -2 -2 536538337 -1 -2 -1 -2 -2 -2 225104925 -2 -1 -2 -1 -1 727899022 49303773 -2
-2 -1 -1 -1 -2 -1 -1 -1 -2 -1 -2 -2 -1 -2 -1 -2 -1 -1 -2 -1 199464846 -1 -2 -2 808383696 -2 -2 -2 45736124 -1 -2 -1 -2 -2 -2 -1 -1 -2 -2 -1 -1 -1 -2 -2 -1 -1 -2 -2 -1 -1 347831219 -1 -2 -2 -2 -2 -2 -2 -2 -1 271717776 -2 -2 -2 -1 -2 -1 -1 -2 -1 -1 -1 -2 -1 -2 -2 -1 -1 -2 -2 37264030 -1 -1 -1 -1 -2 -2 958420144 -2 -2 -2 -2 -1 -2 -2 -2 -1 -2 -2 -2 -1 5099207 -1 -2 -1 -2 -1 507478778 -1 -1 26606348 -2 -1 -2 -2 -1 -1 -1 -2 -1 -1 -2 -2 -1 956720185 -2 -2 -2 -1 -1 -2 817224212 -2 -2 -2 -1 89063708 -2 -2 -2 -1
779822135 -2 -1 -1 -2 -1 -1 -2 -1 -2 -2 472417827 -1 -1 -2 -1 -1 -2 -2 -2 745266201 -2 -1 -1 -1 -2 -1 -1 -2 -2 -1 -2 -2 -2 -1 -2 -1 -1 -1 -1 -1 -2 54008040 -2 -1 -2 -2 -1 -2 -2 282403407 -2 719858212 -2 -2 932688735 -1 -2 -1 -2 -2 -1 -1 615057788 -1 -2 -1 -1 729229192 -2 -1 -1 -2 -1 -1 -1 -1 -1 -1 -1 81359966 -1 -2 -1 -1 -1 -1 -2 -1 -1 116354435 -2 -2 -2 -1 -1 -1 -1 -2 -1 -1 -1 -2 -1 -1 -1 -2 -2 -2 -2 275769234 -2 -1 -2 -1 -2 -1 -1 -2 -2 -1 -1 -2 -2 -2 -2 -2 270121063 339089518 -2 -1 -2 -1 -2 -2 -2 -2 -2 -2 -1 -1
-1 -1 -2 -2 -1 -2 -1 826774255 -2 -2 -2 -1 -1 -2 -1 -2 -1 -2 -2 -1 -2 137187999 -2 -2 -2 -2 -2 -2 -1 -1 -1 -2 -1 -2 -2 674074950 -1 -1 -1 -1 -2 -1 -1 -1 -1 -1 -1 525684710 -1 -2 -2 -1 -2 -2 -1 -2 -2 836776234 128432248 -2 -2 -1 687778344 -2 884590659 -2 -1 -2 -1 -2 -2 -2 -2 -2 -1 -2 -2 -2 -2 -2 -1 -1 -2 -2 -2 -1 -2 62135959 -1 -1 -2 -1 -1 -2 -2 -1 -2 -2 -1 -2 520287641 -2 -1 392539013 -1 -1 -1 -1 -2 -2 -1 -2 -1 -2 -2 -2 -2 -1 166846362 -2 -2 -2 -2 -1 -1 -1 -2 -1 -1 -2 33493136 673774581 -2 -1 -2 -1 -1 -1 -2 -1 -1
-2 -1 -1 611873979 -1 -2 -1 -2 239465372 -1 -1 -1 -2 -1 -1 -2 -2 -1 -1 -1 800175187 -2 387919707 -1 -1 699208878 -1 -1 -1 -1 -2 -2 854575293 -2 -1 -2 -2 -1 -1 -1 -2 -2 -1 -1 -1 -1 -1 551292902 -2 -2 -1 866461848 -2 -1 -1 176099845 -1 -1 302685611 661514174 -1 -2 -2 -2 -2 -2 -2 -2 -1 -2 -1 -1 -2 -1 -2 107474440 -1 -2 16853714 -2 -2 -2 -2 -1 -1 -1 -2 -2 -2 -2 -2 -1 229808249 -2 -2 548221641 -2 -1 -2 -2 -1 -2 -2 364560431 -2 987099216 -1 -2 -2 -2 -2 140668111 -2 -1 104818021 -2 556032261 -1 -2 -2 -1 -2 -1 -1 565039969 -2 -2 695509170 -1 -2 -1 -2 -2 -1 -2 -2 -2 -2 -2 -2 -2
-2 -2 -1 -1 -1 -1 -2 -2 48833098 501302543 -1 -1 -2 -2 -1 -1 -1 -2 -2 -2 -1 -2 -1 -1 -1 -2 -1 -2 357396929 -2 -1 -1 -1 -2 -1 -2 -2 -2 -2 -2 -2 282530016 -1 -2 237799965 894689678 -2 -1 -1 -2 -2 143690028 -1 -2 -2 -1 -2 -1 -2 -2 -2 -2 -1 -1 -1 -1 -2 -2 -1 -2 -2 -1 -2 344183541 -1 -2 -1 -1 -2 -1 -1 -2 -2 -1 -2 -1 -1 -2 -2 -2 -2 -2 -2 -1 -1 -2 -1 -2 -2 -2 85346877 -2 -2 520126926 -1 -1 487131207 82956376 -2 -1 -2 -2 -2 -1 -2 -2 -1 -2 -2 -1 -2 -2 -2 -2 -2 -2 -1 -1 -1 -2 -1 -2 826413095 -2 -1 -2 -1 -1 -2 -1 -2
-1 -2 -1 -1 -2 -2 421357913 -1 -1 -2 -1 682300641 -2 -2 -2 -1 -2 -1 -2 -1 -2 -2 -1 -2 -1 -2 686994245 -1 -2 -1 -2 -2 -2 -1 -1 -1 -1 -1 -1 -2 -1 -1 -2 -1 -1 -1 -1 -1 -2 -1 -2 -2 -1 -1 -2 -1 -2 -2 -2 1887848 -1 -2 412401513 -2 -1 -1 -1 -1 -1 -1 -1 895879697 -2 -1 -1 -1 -1 -1 -1 -1 -2 -2 -1 -1 -1 -2 -1 -1 -2 -1 -2 642118615 -1 -1 -1 -1 -2 -2 -1 -2 -1 -1 -1 -2 -1 -1 -1 -1 -1 -1 -1 -1 -2 383490733 -1 -2 -1 845201884 -2 -1 -2 -1 -1 -2 -2 -1 -2 -2 -2 -1 -2 -1 -2 -2 -2 -2 -1 -1 -1 -2 -1
77884090 -2 972070666 -2 -1 -1 -1 -1 -1 -2 -2 -2 -1 -1 -1 70687657 -2 809678018 -1 -2 -2 -1 -2 -1 -1 749308483 -2 -2 -1 -1 -2 19314042 -1 -1 -2 -1 977889482 -2 -2 -2 -2 -1 -2 -2 -1 -1 -2 -1 -1 -1 -1 -2 -2 -2 -1 -2 -1 -1 -2 -2 -2 41833464 -1 -1 -1 -1 921796337 -2 -2 -1 -1 -2 -2 -1 -1 -2 -2 -2 -1 -1 -2 -1 -2 -1 -1 -1 -1 -2 -1 -1 -2 -1 -1 -1 -1 -1 -1 -1 -2 -2 -2 -1 -1 -2 -2 -2 -1 71472084 -1 963869975 -2 -1 -1 729339829 -1 -2 527559302 -1 -1 -2 -2 -2 -1 -2 -1 -1 -2 -1 -1 -1 -1 -2 -2 -1 810378159 -1 270681923 -2 376077832 717524770 -2
-1 -1 -1 -2 921350861 -1 -1 -1 -2 -1 -2 -1 -2 -1 -1 -1 -2 -2 -1 -1 -2 -2 -1 -1 -2 -2 -1 -2 -2 -2 -1 -1 -1 -2 -2 -2 -2 -1 -1 -2 -1 -1 -2 -1 -1 -2 998956419 -2 -2 -2 -1 -2 -1 -2 30307002 -2 -1 -2 -2 -2 -1 -1 -2 -1 -2 -1 -1 -2 -2 -1 -2 -1 -2 -2 -2 -2 -1 -1 -2 -2 -2 -1 -2 -2 -1 -1 -1 -1 -2 -2 -2 237405800 -1 -2 -1 -2 -2 -1 -2 -2 -1 -2 -2 -2 -2 -2 -1 -2 -2 -2 -2 -1 -1 -1 -2 -2 -1 -2 -2 -2 -2 -1 -2 -2 -1 -2 89737677 -2 -1 -2 -1 -2 233610210 -1 -2 -1 -1 -2 -2 -2 -2
-2 -1 -1 -2 -1 -2 -2 -2 -2 -1 -2 -1 -1 -2 -1 63708195 -2 -2 -1 -2 -2 -2 -2 -1 473607284 -1 -2 -1 -2 -2 -2 -2 -1 -1 -2 -1 -2 -1 -2 932179609 -2 -1 -1 -1 -2 -2 -2 -1 -1 -2 482749351 -2 -1 -1 -2 -2 -1 -1 -1 -1 -2 -2 -1 -2 429512449 -2 306649319 -2 -2 -1 -2 -2 -2 -1 -2 -2 -1 803979579 -1 -1 -2 -2 -1 -1 -2 -1 -1 635187108 -2 -2 -2 -1 -1 -2 495695772 -2 -2 -1 -2 -1 -1 -2 -2 -2 -2 -1 -1 -2 -1 -1 144940380 -1 -1 -1 -2 -1 183439112 -2 -2 -1 -1 -2 -1 500607457 -1 -2 -2 -2 -2 -1 -2 -1 -2 -2 -2 -2 -2 -2 -2 -1 -1
402957432 -2 -2 -2 -1 -2 -1 -1 -1 -1 -2 -1 -2 -2 -2 -2 -2 -1 -1 -1 -2 -1 -1 -2 -1 -2 -1 -1 -1 555975635 -2 -2 563548620 -2 -2 -2 912337673 172747864 -2 -2 -2 -2 149134062 -1 -2 -2 -1 866856880 -1 -2 -2 -2 -2 -2 -1 -2 18461559 -1 -2 -1 -2 -2 -1 -1 -1 -2 -1 -2 -1 -1 -1 -2 -2 -1 -2 -1 -2 -1 -1 -2 34106890 30512559 -2 -1 -2 -2 -1 -2 -1 -1 -1 -2 -2 -1 -1 -2 -2 -2 -2 -1 -2 -2 -1 -1 -2 -1 -2 -1 -2 975422156 -1 -1 -1 -1 -2 -1 -2 -2 -2 -2 -1 -2 -2 -1 -1 626932151 -2 -2 -2 -2 -1 936984190 -2 -1 759535486 -1 -1 -1 -1 4017208 -2
-2 -2 -1 -1 -2 -2 -2 -2 -1 -2 -1 -2 -2 -1 -2 -2 -1 -2 -1 -2 -1 -2 -2 -2 -2 -2 -1 -2 -1 -1 -1 -2 -1 -1 537654952 -2 925025041 -1 -1 187140499 666725842 -1 -2 -2 -2 -2 767016981 -2 -1 123511465 -2 -2 -1 -2 -1 -2 -2 -2 -1 -1 -1 805168609 -2 -2 -2 -2 -2 -1 -1 -2 -2 -2 -1 839313111 -2 -1 -2 -1 -2 870305371 -2 -2 -2 -2 -1 -2 -2 -1 -1 -1 850565089 -2 -2 -2 -1 -2 -2 -2 -2 -2 -2 -1 228317677 -2 -1 -2 -2 -2 -2 -1 -1 -2 -1 -1 -2 -2 -2 -2 -1 -2 989336693 -1 -1 -2 -2 -2 -2 -1 -2 -1 -1 -1 -2 -2 -2 -1 -2 -1 -1 -1 -1
-2 -2 -1 -2 -2 -1 -2 -2 -2 -1 -1 -1 -2 15516731 -1 -1 -1 -2 -2 -2 -1 -1 -2 -2 408728263 431551970 -2 -1 -2 -2 -1 -2 -1 -2 -1 -1 -1 -1 -2 -2 -1 -1 -1 -2 -2 -2 -1 -1 -1 -2 -2 -1 -2 -1 -2 -2 -1 -2 -1 -1 -1 -2 -2 -2 -1 -2 833720181 -2 -1 -2 -1 -1 -2 -2 -2 -2 -1 -2 -2 -1 -1 -2 -1 -1 -2 -2 -2 -1 -1 -1 -1 -1 -1 -2 -1 -2 -1 -1 98470575 -1 -1 -1 -2 102943108 -1 -1 -1 -2 -1 -2 -2 -1 -2 634196170 -1 208473429 -2 -2 -2 -1 -2 -1 -2 -1 -2 -2 497573837 -2 -2 -2 -1 -2 -2 -2 241446558 -2 -2 -2 -2 -2 -2
-2 -2 -2 -2 -2 -2 192524337 -2 -1 -2 339516037 -2 -2 343976821 -1 -1 709225160 -1 -2 423976469 -2 -1 -1 251032686 -2 -1 -1 -2 -2 -2 -1 -1 -1 -2 -1 -2 -1 -1 -1 -1 -2 -1 -1 -2 -2 390737338 705738251 -1 -1 985508331 -1 -1 -1 -2 -1 -2 -2 -1 -2 -2 144733764 14745091 -1 -2 -1 -1 -1 776591933 336394622 -2 -2 -2 -2 -1 -1 -1 -2 -2 -1 -2 -2 113016940 -2 -2 -2 -1 -2 -2 -2 -1 -2 -1 -1 -1 -2 859270490 -1 -2 280817039 -1 -2 -1 -2 -1 -2 -2 -2 -1 -1 -2 -1 -2 -2 -1 804932551 -2 -1 -2 -1 -1 -1 -2 -1 -1 -1 -2 -1 -1 -1 -1 -2 881537897 -1 -1 -1 -1 -2 -2 -2 884369221 -2
-2 -2 293542482 735886602 -2 -1 -2 -1 -2 110887142 -2 -1 -1 -1 -2 -1 -2 -2 -2 -1 306087803 254605483 -2 -2 -2 -1 -1 -1 -1 -1 -2 -1 -1 -1 -2 981413501 -1 -2 -2 -1 -2 -1 -2 -1 -2 -2 -1 -2 -2 -1 -2 -1 -2 -1 -1 741679766 -1 -1 -1 -1 -1 -1 -2 -1 -2 -2 -2 -2 -2 -2 -2 -1 -1 -2 -2 -2 -2 -1 -1 -2 96521748 514605973 -2 -1 869827475 -2 -2 -1 891831490 -1 -1 999515406 -2 -2 -2 -2 -2 -1 -2 -1 -1 -2 -1 625844497 -2 -1 -1 -1 -2 -1 -1 912084432 -2 -2 -2 -1 -2 -2 -1 24624364 -2 479833138 -1 -2 -1 -2 -2 -1 -1 892610217 -1 -1 -1 -1 -1 -1 -2 -2 -1 -2 -1
-1 -2 -2 -1 -1 -2 -1 -2 531255411 -2 -1 -2 -1 -2 -2 -2 -2 -2 -2 625013705 -2 -2 -2 -1 -1 890900257 -2 995347602 -2 -1 -1 -1 -1 323379274 -2 -1 -1 -2 525590814 -1 -2 -1 -1 -2 -1 -2 -1 -1 -2 -2 -1 -1 -2 -2 -1 -2 579473842 -2 -2 -1 -1 -2 541270268 -1 -2 -2 -1 702863795 -1 -2 -2 -1 106174750 -2 -1 -1 -1 -2 -1 -1 -2 -1 390166376 -2 -2 -2 -2 -2 -2 -1 -2 -2 -2 -2 -1 -2 -2 -1 -2 -2 -1 -2 471093045 -2 -1 345570317 -1 -2 32678049 922258859 876818061 -1 -2 -1 -2 -2 -2 -2 -1 -2 -2 -2 -2 -2 -2 -1 -1 -1 -2 -1 -1 -2 -1 -2 -1 -1 416869420 -1 -1 26178902 -1
-2 -2 -2 -1 -1 -1 876817113 -2 -2 -1 -1 -2 -1 -2 -1 -2 -2 -2 -1 -2 -1 -1 892447048 -2 -2 -2 -2 11435143 -2 -2 -2 -2 -1 -1 -1 -1 -2 -2 -2 -2 -1 -2 -1 555183530 -1 -2 -1 148551935 -1 -1 -1 -2 -1 -2 -2 -2 -2 -2 449530962 -1 -2 -1 -1 -2 -2 -1 715570324 -2 -2 -2 -1 -1 34102747 -1 -1 -2 -1 -1 -2 -2 -1 -1 -1 -2 -1 -2 -2 -1 -1 -1 -1 -1 -2 -1 -1 -1 -1 -2 -1 -2 -1 -2 -2 -1 -2 -1 861131264 955617153 -1 -2 462160619 -1 -1 877272186 191397857 -2 -2 -2 -2 -1 -1 -2 -1 -2 -1 -1 46189702 -1 -1 -1 -1 -2 -1 -2 -2 -2 -2 -1 -1 -2 76589110
-1 296741097 -1 -1 -2 -1 -2 -1 -1 -2 -2 378214611 -2 -1 -1 -1 -1 -2 -2 905231178 -1 -2 -2 -2 -2 -2 -2 -2 432877793 -2 -1 -2 -1 -1 -2 -1 -2 -2 -1 -1 -1 -1 -2 -1 -2 -2 -1 -1 -1 -1 -2 782619989 665052267 431168395 137903763 -2 -1 -2 -1 -2 -2 -1 -2 33503994 -2 -1 -2 -2 -1 -2 -1 -1 -1 703098944 177644460 -1 -2 -2 -1 896129878 -2 -1 -2 -2 -1 -2 -1 -2 -1 -2 -2 -2 -1 -1 -1 -2 -2 -2 -2 -2 -2 -1 -2 -2 -2 -2 -1 -2 -1 -1 676839136 -1 -2 -1 -1 -1 -2 -2 -1 -1 -2 -1 -2 -1 -2 -1 -1 -2 -2 -1 -2 -2 -1 -1 -1 -2 -2 -2 -2 -1 -2
-2 -2 -1 -2 -2 -1 -1 -2 518233686 -1 -2 -1 -2 -2 -1 -1 -1 -2 -2 -1 -1 -2 -2 -1 -2 -2 -1 -1 851629993 -2 540562204 -1 -2 -1 -1 -2 -2 -1 -1 -2 -2 -2 -1 -1 -2 -2 579899178 -1 -1 -2 -1 -2 -1 -2 -2 -1 -2 -2 -1 -1 -1 -1 -2 -1 -1 -1 -1 -1 115695265 -2 -1 -2 536994488 -1 -1 474922676 -2 -2 -2 -1 -2 -2 -2 -2 -2 -1 963531245 -1 -2 356383606 -1 -1 -1 -1 -2 -1 -2 55495662 -1 634170393 -2 -2 -1 -1 -2 -2 340450267 -1 -2 -1 -1 961001313 -2 587452067 -1 -1 -2 -1 -1 538820217 -1 -1 -1 -1 -1 -2 121614528 41221290 -2 -1 207349770 -2 -2 -1 -1 -1 -2 -1 -1 -1 -1
-1 -2 -1 -2 -2 -2 -2 -2 -1 -2 -1 -2 -1 -1 -2 -2 -1 -2 -2 -2 -1 -2 954458 -2 -2 -1 -1 -2 -1 -2 -1 -1 344060228 -1 -2 -2 260852702 278643373 -2 -2 -1 -1 -1 -1 -1 -2 -1 -2 -2 -2 -1 -1 -2 -2 -1 -1 -2 -1 -2 -1 -1 -2 81359126 -2 -1 -1 -2 -2 -2 -2 -2 -1 -2 -1 -2 -1 -1 -2 -2 -1 -2 -1 -1 -2 -2 -2 366120577 -1 -2 -2 -2 -1 71277594 -2 -1 -2 -1 -1 -2 -1 -2 -2 -1 -2 -2 -2 -1 -2 -1 -2 188448545 -2 -1 -1 -1 -1 -2 -2 -1 562394553 -2 -1 -1 -1 -2 -1 127361288 -1 -2 -2 -2 -1 -1 -1 -2 -2 -1 624426066 -2 -2 175404669
-2 -1 -1 -2 -1 -1 -2 -1 -1 -1 -1 -1 -1 -2 -2 -2 -2 -1 -1 -1 396553817 -1 840368729 -1 -1 -1 222079509 178853896 -1 -2 -2 -2 -1 -1 -1 -2 -2 -1 -1 -1 -1 -2 -1 -2 -2 -1 -2 -1 -1 -1 -1 -1 -2 642316361 -2 -1 -2 -2 -2 -1 -2 -1 -2 -2 -1 -2 -1 -1 -2 -1 -1 -2 -2 -1 -2 -1 350024211 -1 -1 -1 -2 -1 -2 -1 -2 -1 -1 -2 -1 -2 342670955 -2 -2 -1 -2 -2 -1 -1 -2 -1 -1 -1 -2 -2 -2 -2 -2 -2 63777321 -2 -2 -2 -1 -1 39954660 -1 -1 -1 -2 -1 -2 -1 -1 -1 -1 -2 -2 -1 -2 -2 -1 -2 -1 -1 -1 471676350 -2 -1 -1 -1 -2
-2 -2 -2 -2 -2 -1 -1 -2 -1 -1 -2 -2 -1 -1 -2 527848588 -2 -1 -2 -1 714921777 -2 -2 -1 -2 -1 -2 -1 -2 -1 -1 -2 -1 -2 273498010 -1 -1 -1 -1 -1 -2 -1 -1 -1 52274815 -2 -2 -1 -2 -1 -2 -2 -1 -2 -2 -1 -1 -2 -1 -1 -2 -2 -2 -2 -1 -2 -2 -1 -1 -1 -1 -1 -2 -2 -1 -1 -2 -1 733475182 -2 -1 -2 -1 -2 -1 -1 -1 -1 -1 -1 -2 -2 -2 -1 -1 -2 -2 -1 -1 -2 -1 -2 -1 -2 -1 -1 -2 -2 -2 -1 -1 -1 -1 -2 -1 -2 -1 4545766 -1 -1 -1 -2 -1 -2 -1 -1 -2 -1 -1 -1 -1 -2 -2 109648946 -2 -2 -1 -2 -1 -2 462864988
-2 -1 -1 -2 31504367 -1 -1 -2 -2 -2 -1 -2 -2 -2 -2 -2 -2 -2 33045459 -2 -1 -2 -2 -1 -2 360387790 -1 -2 -1 -2 -1 -2 -1 -2 -1 -2 -1 -2 -2 -1 -1 -1 677840106 -2 -2 -2 -1 -1 -1 -2 -1 -1 -2 -1 -2 -1 -1 -2 -1 -1 -1 -2 -2 -1 -2 -2 -1 -1 -1 -2 -2 -1 500616986 -2 -1 -2 358984764 -2 -1 -1 -2 -1 -2 -1 -1 -2 582110600 -1 -1 -2 -1 -1 -2 -1 -1 -2 -2 -2 -1 -1 972272352 406245210 -1 -2 -1 -2 60241138 -1 -2 -2 -1 -1 -2 -1 -2 -1 -2 -1 -1 -2 -2 -2 -2 -2 -1 -2 -1 -2 7410366 -1 -2 -1 -1 -2 544282154 -1 -2 -1 -2 -2 -1
-1 -1 -2 -1 -1 -2 -2 -2 -1 -1 -1 -2 -2 950656907 -2 -2 -1 -2 -2 -1 -1 -2 -1 -1 -1 -2 -1 319824425 -1 -2 378771688 -2 -2 -1 -2 -1 -2 -1 -1 -1 -2 -1 -2 -2 -2 -1 -2 -2 -2 -1 545147337 138047752 -2 275436344 996432967 -2 162753300 -1 -1 -2 -2 -1 -2 -1 -2 -1 -1 348807484 -1 -1 -1 -1 -2 -2 -2 -2 615515025 55970077 -1 -1 -1 -1 -2 -1 -2 747456370 -2 -2 -2 -2 -2 -1 -2 -2 11910745 -1 -2 -1 -2 -2 -1 142709862 -1 -1 -1 733110388 -2 995583154 -1 -2 -2 -2 -1 -1 -2 -2 -1 -2 -2 -2 -2 601618712 464627970 -1 -2 -2 -1 -2 -2 -1 -2 -2 -1 -1 36295304 -1 -1 78338317 -2 389568170 -1
-2 -1 -2 -1 561600933 -1 -2 -2 -1 -1 -1 -2 -2 -1 129025292 -2 -1 -1 690730365 -1 -2 -1 653387435 -2 -2 393684075 -2 -1 -2 -1 -2 -1 -1 -1 -2 -2 -2 -2 -1 -2 375408815 -1 -2 -2 -2 -1 -1 -1 -2 -1 40894961 -1 -2 -2 -2 -1 -1 -1 -1 -1 -2 -1 -2 -1 -2 898633998 960291286 -2 -1 -1 -2 -2 -1 107763571 -1 -1 -2 -1 -1 -2 -1 -2 -1 -2 -1 -1 -2 -2 -1 -2 -1 -1 -2 -2 -2 -1 -2 718665098 -1 -2 997004953 -1 -1 -2 -1 -1 -2 -2 -2 -1 500447764 -1 59445301 -2 -2 -2 -2 -2 -1 -2 -2 -1 -1 -2 -1 -2 -1 -2 -1 -2 -2 -1 -1 -1 -2 -2 -1 -2 -1 303165580 -2
-1 -1 -1 -1 -1 -1 -2 -2 -1 -2 -1 -2 -2 -1 -2 -2 305340284 -2 -1 -2 -2 -1 -2 -2 -2 -2 -2 -1 666679210 -2 -2 -2 -1 -2 -2 -2 -1 -1 -1 -2 279758418 -1 -1 -1 -2 -2 -2 -1 -1 -2 -2 -1 -1 -2 48562447 -1 -1 388401438 -1 924225769 -1 -1 -1 -2 -1 -1 -1 -1 -1 85254747 -2 -2 -2 -2 -1 -2 -1 -1 -1 -2 125754870 -1 -1 -1 -1 -2 -2 -1 -1 202139717 -2 -2 -2 -1 616329526 325783540 -2 -2 -1 -1 -1 -2 -2 372972949 -2 -1 -1 -2 -1 -2 -1 -2 -2 -1 -1 -1 -1 -1 -2 -2 -1 -1 -2 -1 391527049 -2 -2 -2 575244322 -2 -1 -2 -1 -1 768911412 -1 -1 -1 -1 -2 -1
-2 -1 -1 -2 -1 -1 -1 -2 -1 -1 -1 869398237 -2 -1 -2 -2 -2 -1 -2 -1 -1 -1 -2 -1 -2 -2 -2 -1 116840290 -1 -1 742864758 -2 -1 -1 -1 -1 -1 -1 -2 34530505 -2 -1 -2 -2 6777839 -2 -1 -1 -1 -1 -1 -1 -1 -2 -1 -2 -1 545392623 -2 -2 -2 -1 -2 -1 -1 -1 -2 -1 269776316 -1 -2 -2 -1 -1 -1 -1 -2 -2 -2 -1 -2 -2 -1 -2 -2 -1 -1 -2 -1 -1 -2 -1 -1 142652221 -1 -1 -1 -1 -1 -1 -1 -2 -2 -2 -1 -1 -1 -1 -1 -1 -2 -1 -2 -1 -2 -1 -2 -2 296697788 -2 914109921 -2 -2 -1 -2 -2 -2 -1 -2 -2 -1 -1 -1 -2 -1 -1 149524149 -2 -1 -2
-2 -1 -2 -2 -2 -1 -2 -2 -1 -1 -1 -1 -2 -2 -2 -2 -2 -1 -1 -1 -2 -1 -2 -2 -2 -2 -2 -1 417272350 -2 -2 -2 -1 -2 -2 -2 -1 -1 -1 432223520 -1 -2 -2 -2 -1 -1 -2 -2 -1 -2 -1 -1 -1 -1 -2 -2 -1 -1 -1 -1 -2 660781301 -1 -1 -2 -2 -2 -2 -2 -1 -2 -2 -1 -2 -1 -1 -2 -2 -2 -1 -1 737935550 -2 455164053 -1 972812009 -1 -2 -2 -2 -2 -1 -2 -1 -1 -1 -1 -2 -2 -2 -2 -2 -2 -2 -1 -1 -1 -2 -2 -2 -2 -1 -2 -1 -1 929540571 -2 -1 -2 -1 -1 898698911 -2 -2 -2 -1 -2 -1 -2 -1 -2 -2 -2 -1 176096316 -2 -1 -1 -2 -1 -1
-2 -1 -2 -2 -2 -2 -1 -1 -1 -2 -1 -1 -1 -1 -1 -2 -1 -1 -2 -1 -2 -1 -1 -1 -1 -2 -2 -2 14203842 -2 -1 -1 -1 -1 -2 -2 -2 -2 -2 -2 38641964 -1 -2 -2 -2 -2 -1 -2 -1 -2 -1 -1 -2 -2 -1 -2 -1 -1 -1 -1 -2 -2 -2 -2 -2 -1 622374118 -2 -1 -1 -2 711615844 -2 -2 -1 -2 -1 47142566 -2 -2 -2 138534336 -1 -2 -2 -2 -2 -2 -1 -1 -1 -1 -2 -1 -2 -1 -2 -1 -1 265592136 -2 -1 -2 120181305 -2 -2 -1 -1 882248029 -1 447703135 263413255 -2 -1 -1 -2 -1 -1 -2 -2 -1 -2 572757496 -2 -1 -1 -1 -1 -2 -2 -2 -1 -1 -2 -2 -1 -2 -1 -1 -2 -1
-2 -2 -1 -2 -1 -2 -2 -2 -2 -2 -2 -1 -2 -2 -2 -2 -1 -2 -1 -1 -1 -2 -2 -1 -1 -2 -1 -1 -2 499153205 -1 -1 -2 -1 35704605 -1 -1 -1 -2 -2 -1 -2 -2 -1 -1 -1 -2 -1 -1 -2 -2 -2 -2 -2 -2 -2 217083737 -1 -1 -1 -1 898896198 407077703 -2 -2 230841596 -2 -1 -1 -1 -2 -2 -2 -2 865825211 -2 -2 -2 -1 -2 -1 269778017 -2 -2 -2 -2 -1 -2 -2 -2 -2 -1 -2 -2 -1 -2 -2 -2 -2 -1 735513863 -2 -1 -1 -1 651977895 486485545 -1 -1 -2 -1 -2 -2 -1 -1 -1 -2 -2 -2 -1 -2 518106046 -1 -1 -2 747970658 -2 484374030 -1 -2 -2 -2 -2 -2 -2 -2 -2 -1 -2 -1 -1
-1 -2 -1 -2 -1 63909339 -2 -1 310800432 -1 -2 -1 -2 -2 -1 -1 -2 -1 -1 -1 -1 890235505 -1 -2 -1 -2 750578433 -2 -2 -2 337311445 -2 -2 -2 -2 -1 -2 -1 -1 -2 877173901 -1 -2 -1 -2 -1 -1 -1 -1 -2 -2 -2 -2 -2 -1 -1 -2 -1 -2 506215310 -1 886070276 -2 -2 -1 -2 -2 -1 -1 -1 604577660 -2 -2 -1 -2 -2 -1 -2 -1 817907319 -2 -1 -1 -2 -1 -1 -2 -2 -1 -2 -2 -1 -1 -2 -1 980027394 -1 -2 -2 -1 652443168 -2 -2 -2 -1 -1 -1 -1 -1 -1 850969531 -2 -1 -2 -1 -2 -1 -2 -1 -2 -2 -1 -1 -2 -2 -1 -2 -1 -2 -2 -1 -1 -1 -2 -2 -2 -2 -2 -2 -1 -2
-2 -1 -2 -2 -2 -2 912646105 -1 -2 982843458 -2 -1 -1 -1 -2 -1 -1 -1 -1 -1 -1 -1 -2 -1 -2 -1 -1 -1 -1 -2 -2 -1 -2 -1 -2 -2 -2 -2 -1 -1 -2 -1 -1 -1 -2 -1 460192483 24559884 -1 -1 -1 65906234 -1 -2 -1 -1 -1 -1 -1 -2 -1 -2 -1 -2 -1 -1 -2 -2 -1 231292959 -2 -2 -2 -1 -2 50694760 -1 -1 -2 -1 -2 -1 -1 213377902 -2 -1 -2 -1 -1 -2 -1 -2 -2 519189284 -2 884896056 24757901 -2 -2 -1 -1 -2 -2 -2 800843315 -1 -2 -1 -2 -1 -2 -2 761046768 151535256 -1 -1 -2 -1 -1 -1 -2 -2 -2 -2 104240432 -1 -2 -1 -1 781100020 -2 17220322 -2 318139923 -1 46209686 -1 -1 -1 -2 -2
25639532 -1 -2 -2 -1 -1 798501610 -1 -2 -1 -2 -2 -2 -2 -2 -2 -1 -2 -2 -2 409363023 -2 -2 -2 -2 -2 -2 -2 -2 858540872 -1 -2 -2 -2 -1 -2 -2 -2 -1 -1 -2 -2 -1 652858958 961940625 -1 -1 -2 -1 172385808 -2 -1 -1 234921484 -1 -1 -2 -2 -2 -1 -1 -1 -1 -2 18849452 -1 -1 -1 -1 -1 -1 -2 -2 -2 -1 234544254 -1 315685300 -2 -1 -1 -2 614541446 -1 78176035 -1 -2 -1 312018601 -1 -2 -1 -1 -1 -1 -2 -2 -2 -1 -1 -1 -1 -2 -2 59512202 -1 -2 -1 -2 -2 -2 927534307 -2 -2 -2 626869341 -2 -1 -1 -2 -1 -1 -1 -1 -1 -1 -2 -1 -2 -1 -2 -1 -1 -1 -2 -2 -1 -1 -1 -2 312561522
-2 -2 -1 -2 -1 -2 -1 -2 -2 65267209 -2 -1 -1 -2 -1 -2 -1 -2 -1 -1 -2 -1 -1 -2 -2 -2 -2 -1 -2 -1 -2 -2 -1 626427743 -1 -1 -1 -2 -1 622513548 -2 434535820 356730820 -2 -1 -2 -2 -2 -2 -2 -2 339246007 -1 -1 -2 -2 -2 -1 -2 -2 -2 -1 -2 -2 -1 -2 -2 -2 -1 -2 -2 -2 -1 -2 -2 848209434 -2 -1 -2 668487822 -1 -2 -1 -2 -2 -1 -2 -1 529046552 -2 -1 -1 -1 -1 -1 -1 -2 -2 -1 -1 -2 -2 -1 -2 -2 -2 -1 -1 -2 -1 -2 -1 -2 -1 -1 -2 -1 -2 -2 -2 -2 -2 -2 250899721 -1 -2 128110084 -1 -2 -1 -1 617191135 -2 -2 -1 -2 -2 -2 -2 -2 -2
-1 -1 -1 424320300 -2 -2 -2 -1 -2 -1 -2 -1 49361645 -1 -1 -2 -2 -1 -1 -2 -1 707482115 -2 -1 -2 -1 -1 -2 -1 -2 -1 -2 168699220 -1 454241610 -1 -1 -2 -1 395976247 -1 -1 -2 -2 -2 -1 -2 -2 -1 -1 -2 -2 -2 -1 -2 -1 -1 -1 -2 715296400 -2 -2 -2 -1 -2 786898980 -1 -1 -1 -1 -1 563704648 -1 -1 -1 -2 823630697 -1 -1 -1 -1 -2 -2 -2 -2 -1 -1 -2 -1 -1 -2 939899258 19460199 -1 -1 -1 874517599 -2 -1 -1 -2 504069272 -2 -1 217662590 -2 -2 -1 -2 -2 -2 -1 -2 -1 -1 -1 -1 -1 38877071 -2 -2 -2 -1 -1 -2 -2 -2 -2 -1 -1 -1 -2 -1 -2 -2 -2 -2 -2 -1 -1 -2
-2 -1 -1 -1 -1 -2 888986810 -2 -1 -2 845884538 -2 -2 866496662 -1 -1 560445416 849580334 113751867 -1 -2 -1 -1 -2 -1 -1 -1 -2 628287376 -1 -2 -2 -1 -1 -2 331824371 -2 -1 -2 -1 -1 -1 -2 914627757 -1 -2 -2 -2 311501 -1 -2 -2 -1 -2 -2 -1 -1 -1 -1 -1 -2 -1 -1 20240838 -1 -2 -1 -2 -1 -1 -1 -2 -1 -2 -2 -2 -2 -1 -2 -1 -2 -2 -1 -2 -1 -2 -2 -1 -1 -2 -2 -2 447152217 -1 -1 -1 -2 -1 401679208 -1 -2 -2 825143367 -2 -2 279836728 520422984 -1 -1 -1 -1 -2 -2 470866705 -2 -1 -1 -1 -2 -2 -2 367736213 -1 -1 -1 636563608 -2 -1 -1 -2 -1 -1 -1 -1 -1 -1 -2 813026330 -1 489043522 -1
-1 -1 408574658 -2 -2 -2 -1 -1 -1 -1 -1 -1 -2 -2 -1 -1 -1 -2 -1 -1 -2 -2 502286091 -2 -2 -1 -1 -1 -2 -1 -2 -2 -1 273620522 -2 -1 -1 -2 -1 -2 -1 -1 -1 -2 -1 -1 -1 -1 867300145 -2 -1 -2 555819856 -1 -2 -1 -1 -1 -1 372008185 -1 -2 -1 -1 -1 -1 392392973 -1 -2 -2 -2 -1 -1 -1 503462087 -1 989171447 -2 -2 -2 -2 -2 -1 -1 510327205 -2 -2 -1 280529406 -2 -1 -2 -1 -2 -2 -2 -2 -2 -1 -2 137120785 -1 -2 -2 -2 -2 -2 -1 -1 -1 -2 -1 -2 -2 -2 -2 -2 722303358 -1 -2 -1 -1 -2 -2 -1 -2 -1 -2 -1 -2 -1 -1 -1 -1 -2 -2 322614412 -1 -2 176080818 -2
-1 -2 -1 -2 546250302 -1 -2 -1 -1 -1 -1 -1 -2 -2 292750539 -1 -1 -2 -2 -1 -2 -1 -1 -2 -1 -1 -2 -1 -1 -1 -2 -2 -2 -1 -2 -2 -2 -1 -1 402225986 -1 -1 -2 -1 -2 -1 -1 -2 -1 -1 4013992 -1 -2 -2 -1 -1 -1 -2 -1 -2 -2 -1 -1 -1 -1 -2 -1 -2 -1 -1 -1 -2 -1 -2 -1 -1 -2 -1 21611894 -2 -2 -1 -1 -2 -2 81466990 -1 -2 -1 -2 -2 -1 -2 -2 -2 958173527 -2 -2 -2 -2 -1 -2 -1 -2 -2 -1 -2 -2 -2 -1 -2 -1 -2 -2 -2 165518680 -1 -2 -2 -2 -1 -2 -2 -1 -2 381646421 -2 -2 -2 -1 -2 -1 -1 -1 -1 -2 -2 -1 -2 -2 -1
-1 -1 -2 -1 -2 -2 -1 -2 -1 447053220 -1 -1 -2 -1 -1 -2 -1 -2 -2 -1 -1 -1 848895339 -1 -2 -2 -2 -2 -2 -2 -1 -2 -2 -1 -1 -2 -2 -1 -2 -2 -2 -1 586074533 -2 -1 884253547 -1 -2 -1 -2 -2 -1 -1 -2 -1 -1 942563028 -2 -1 -2 -2 -2 -1 -1 -1 -2 -1 -1 -2 -2 -2 -1 -1 -1 -2 -2 -1 -1 -2 -1 97589658 -1 -2 -1 943102517 -1 -1 -1 -1 -2 -2 -2 -1 -1 -1 -2 -2 -1 -1 986295685 -1 -2 -2 -2 135880478 -1 -2 -2 -2 196003819 -2 -1 -2 -1 -1 -1 -2 -2 -2 -1 -1 -2 -2 -2 -1 -1 -1 -1 -2 -1 -2 -2 -1 -2 -1 -1 -2 -2 -2 -2 -2
-1 -1 -2 -2 -1 -1 -2 -2 -2 -2 360027314 -1 -1 133455587 -1 -2 -1 -1 -2 -2 -2 -2 -1 -2 -2 -2 -1 -1 -1 -1 -2 -1 -1 -1 -1 -1 -1 156307467 -1 -1 773459606 -1 -1 -1 -2 -1 -1 -1 -2 54527901 -1 -1 -2 -2 -2 -1 -2 -2 -2 -1 -2 -1 -1 -2 -2 -2 -1 -1 -2 -1 -1 156786789 -1 -2 -2 -2 -2 -1 -1 -1 -2 -1 280383810 -2 -2 -2 -2 -2 -1 -1 -2 738353805 -1 -1 -2 -1 -2 -1 -1 -1 -1 -1 -1 268880085 -2 -1 -2 -2 -1 -2 664416936 -2 414786463 -2 37051026 18199804 -2 -2 -2 -2 -2 -2 -2 953763625 -2 -1 -2 -1 -1 -2 -2 -1 490936777 -2 -1 -1 -2 -1 -2 -1 -2
-1 -1 -1 -2 -2 -1 -1 249102626 -1 -1 -2 -1 -1 -2 -2 -2 -2 -1 -2 -2 -2 -1 -2 -2 -1 445469928 -1 -2 -1 912888086 -2 170529832 -1 819472946 -1 -2 -2 -2 -2 -2 -1 577868654 -1 -1 -1 -2 -2 -2 -1 -2 -1 -2 -1 -1 82127365 -1 -1 -2 -2 -2 249015458 -1 -2 -1 93963735 -1 -1 -1 -2 -1 -2 -1 -1 -2 -1 -2 -2 -2 -2 -1 -2 -1 -1 -1 9682678 -1 -2 -2 -1 -1 -1 -1 431398136 -2 -1 -2 -2 -1 -1 -1 -2 -1 -1 -1 -2 -1 -2 -1 -2 -1 -1 442199680 78725835 56468209 -2 -2 -2 -2 -1 934607469 -1 -1 -2 -2 36664738 -2 -1 -2 -1 -1 -1 -2 -1 -1 -2 -2 -1 -1 -2 -2 -2
-2 -1 -2 -1 -2 26035122 -2 -1 -2 -1 -1 -1 -2 -2 -1 -1 321962134 -2 409533054 203314862 524228849 -1 -1 -1 -2 -1 -2 -2 64943143 -2 -1 -2 -1 -2 -2 261717380 -2 513119625 -2 -2 -1 -1 -2 -1 -1 -2 -1 -1 -2 -1 -2 -1 -2 -1 -2 -2 -1 -2 -1 -1 -2 -1 -1 -2 -1 -1 -1 366236124 -1 -2 -1 -1 -1 -1 -1 -2 -1 -1 -2 -1 -2 -1 -2 -1 -1 -2 -2 -1 -2 -2 -2 -1 273196301 -1 -2 -2 -1 -2 -2 -2 -1 -1 -2 -2 754672366 -2 -2 -1 -1 -1 -1 -2 -2 -1 449652481 -2 -2 -2 -2 -2 -2 -2 -1 232001904 -1 -2 -2 -2 -2 -2 -2 -2 -1 -2 -2 -2 -2 -1 585032750 149207556 -2
-1 522644793 -1 -1 -1 -1 -2 510077311 -1 -2 -1 -1 -2 -1 -1 927830470 -2 -2 -2 -2 -1 -1 400867018 -1 629754270 -1 -2 -1 -2 -2 22035971 -2 -2 832039510 -1 -2 -2 -1 924520360 -1 -1 -1 -1 -2 -2 -1 -2 -1 -1 -1 8603260 -1 -2 -1 -1 999760375 -1 -2 -2 -1 -1 -1 -1 -1 -2 -1 -1 -2 -2 -2 -2 -1 -1 674141222 -1 -1 -2 -2 -2 -2 440127234 -2 -1 -1 -2 -2 -2 -1 -2 -1 -2 -1 -2 948745489 -1 -2 320867137 -2 -2 -2 -1 -2 -1 104903468 -2 -1 -1 -2 -1 -2 -2 -2 -1 -1 -1 -2 -1 -1 -1 -1 -2 -1 -2 -2 94600931 -1 -1 -1 -1 -1 -1 -1 -1 -1 -2 -2 279251863 -1 237751147 -1 66945027
-1 -2 -1 -1 -1 -2 -2 -1 -2 -1 -1 -2 -2 -1 -2 -1 -1 -1 -1 -1 -2 554952264 -2 -2 -2 -1 -2 -1 -1 -1 -1 -1 369617283 -1 -2 -1 -1 -1 -2 -1 -1 240983679 -2 309047383 -2 -2 -1 -1 -2 -2 -1 -2 -2 -1 165890821 -1 -1 846811452 -2 -2 209458964 -2 -2 -2 -1 -2 -1 -2 -2 -2 -2 -2 -1 975764102 -1 -1 -2 -2 -2 -2 -2 929837737 -2 -2 -1 -2 -2 -1 -1 -2 -2 863950439 -1 -2 -2 -1 -2 -1 -2 -1 -2 -1 -1 -2 -2 -2 -1 -2 -1 168353570 -2 -1 -2 -2 -1 -2 -1 -2 -2 -1 -2 -2 -2 -2 -1 -2 -2 -1 -1 466103194 -2 -1 -2 -1 926111754 -1 -1 -2 -2 -1 -1
-1 922514847 388944453 -2 -2 -1 -1 -1 577593806 -2 -1 -2 -1 -1 -2 -2 -1 -1 -1 -1 -1 -1 -1 -1 -1 -2 -1 -1 -1 -1 -1 -1 -2 -1 61401220 -2 334163124 -2 366687273 783848873 -2 -1 -1 -2 -1 -2 -2 -1 -1 -1 -1 -2 -2 -2 -1 -1 -2 -2 -1 -2 -1 -1 -2 -1 -1 -2 -2 -2 -2 -2 -2 -2 -2 -2 -1 -2 -1 613699286 -1 -2 -2 -2 -2 -2 -1 -1 -1 -2 -1 -1 -1 -1 -1 -2 818784457 -1 -1 -2 -2 -2 -2 -1 -2 -1 -2 -1 -2 -2 -1 -1 -1 -1 -2 -2 -1 -2 -2 -2 -2 -2 -1 -2 -1 -2 -2 -1 -2 -1 -2 -1 -2 -2 -1 -2 -2 230563510 -2 -1 -2 466564413 -1
-1 66624987 -2 -1 853369 -1 -1 -2 -2 -2 -1 -1 -2 -2 -2 -1 -1 647954704 -2 -1 -2 -1 -2 -1 -2 -2 -2 -2 -2 -1 -2 -2 -2 -2 -1 -2 599012435 961336289 -2 -1 -2 -2 -1 -2 -1 -1 888166436 -2 -2 -1 -1 -1 -2 -1 -2 -1 -2 -1 -1 -2 -2 -2 -2 -2 -2 -1 -2 -2 -2 -1 -2 -2 -2 -2 -1 -1 -1 -2 -1 -1 335092284 -1 884597487 -1 -1 -2 -2 -1 -1 -2 -2 -2 -2 -1 -1 -2 -2 -1 -1 -2 -1 -1 -1 -1 -1 -1 989617432 -2 -2 -1 618632406 -1 -2 -1 -1 -1 -2 -2 -1 59720337 -1 -2 -1 -1 -2 -1 -1 -2 -1 -1 -1 -2 -1 849906957 -2 -2 -1 -2 -1 -2 -1
47769202 -1 -2 -2 -2 -1 -2 -2 -2 -1 444599444 -2 -2 -2 -2 -2 -1 440686707 -2 -1 -1 857198138 -1 -2 3617167 -2 -1 -1 -2 25362307 110209777 -2 -1 -1 919340384 -2 -2 -2 -1 -1 -2 -2 -1 -2 -1 -2 828144928 -1 312722139 -1 -1 -1 -1 219515713 -2 -2 -2 112206077 -2 -1 -2 -1 -1 -1 -1 -2 -2 -1 -1 -1 -2 -1 -1 -1 -1 -1 -2 -2 -2 -1 916298243 -1 -1 -2 -2 -1 -2 -2 -2 -2 -2 -2 -2 -2 -2 -2 -1 -2 -2 -2 -2 -2 -2 -2 -1 -1 -2 -2 -2 -2 -2 -1 71396664 -2 -2 -1 -2 -2 184354749 -1 -2 39173979 -1 -1 37696324 -2 -2 -2 -1 -1 -1 -1 -1 -2 -2 -1 -2 -2 -1 -2 -2
-2 756821043 -2 -2 -2 -2 -2 -2 -2 -1 838866443 -1 22105983 -1 -1 -1 681887944 -2 -1 -1 -2 -1 -1 -2 -2 -1 299120739 -2 -2 -2 652953607 -2 -1 -2 -2 -1 -2 -2 -2 -2 -2 -2 -2 -1 -2 -2 -1 -1 -2 -1 -1 -1 534608661 -1 -1 -2 -2 -1 -1 -2 -2 -1 295433636 -1 -2 -1 -2 -2 -1 409861671 -1 -2 -2 -2 -1 -1 -2 -1 -2 -2 -2 -1 112919411 512978160 -1 -2 -2 -2 -1 -1 -1 -2 -1 195686651 -1 -1 472998878 -1 -2 -2 -2 -1 -2 -1 696834655 -2 -2 -1 -2 -1 -2 -2 -2 -1 -1 -1 -2 -2 121360400 -2 -2 -1 -2 -1 -2 -1 -2 -1 -1 -2 697231758 -1 -1 -1 -2 -1 -1 -1 -1 -2 -2
-2 -2 -1 -2 -1 -2 -2 -1 -2 -2 -2 -2 -1 -1 -1 461129791 -1 -2 22164845 -2 -2 -2 396912670 -1 -2 -1 -2 -2 -2 -1 -2 -1 36306383 -2 -1 -1 797442593 -2 -1 -1 -2 -1 -2 -1 -2 -2 -2 -2 -2 -1 -1 -1 -1 -2 -1 -2 -2 -2 -1 -1 -1 -1 -2 -1 -2 -2 -2 -1 -1 903782403 -2 -1 -1 -2 -2 -1 -2 -2 -1 -2 -2 -2 -1 -2 -2 -2 -1 -2 -1 -1 -2 -2 -1 -2 -1 -2 -2 -2 -1 -2 190328773 -2 -1 -2 -1 -1 -1 -1 -2 -2 -2 -1 -1 -1 -1 409110312 -1 -1 -1 548487370 -1 -2 -2 -2 -2 -2 -2 -2 -2 -1 -2 -1 -1 387267288 -2 -2 -2 -1 -1 -1 -1
-2 -2 -1 -2 -2 -2 -1 419801614 -1 -1 -2 -1 -2 -2 -2 -2 -1 -2 -1 -1 -2 -1 -1 -1 -1 -2 -2 -1 -2 -2 -1 -1 -2 -1 -2 -1 -2 -1 -1 -2 -2 -1 -2 -1 -2 -1 -1 -1 -1 -2 -1 -1 -1 -2 147445851 -2 -2 -1 -1 -2 -1 -2 -2 -2 -1 -2 -1 -2 590539625 -1 -2 -2 274893142 -2 -1 -2 -2 59233069 -2 -2 -2 -2 -1 -1 -1 -1 -2 -1 731797010 -2 -2 -1 -2 418801712 861978538 -2 -1 -2 -1 -1 -2 -1 -2 -1 212321581 -2 -1 -2 -2 -1 -2 -2 484897539 -1 -2 -1 -2 975736076 -1 -2 939860691 -2 -2 -1 -1 -2 -2 -2 472504228 84641605 -1 -1 -2 -2 -1 -1 -2 -1 -1 -2 -2
-2 -2 -1 -1 -2 -2 -1 -2 -2 -1 -2 -1 -1 -1 -1 -1 -2 -2 -2 -2 -1 -1 263559706 -2 -2 -2 -2 -2 -1 -1 19658471 -1 -2 -1 -2 -2 -1 -2 -2 -2 -2 -2 -2 -1 -2 -2 -2 -2 -1 403369900 -2 -1 -1 -2 -1 -1 -2 -2 -1 -2 -1 -1 645511644 -2 -2 -2 -1 -2 -1 -2 -1 -1 -1 -2 693049504 -1 -2 -1 -2 -2 -2 -2 -1 -2 -1 -1 -2 -2 -2 -1 -1 -1 -2 -2 -2 -2 120988725 -2 -2 -1 -2 676912176 -2 -2 -2 -1 -1 -1 -1 -2 -1 -1 577325254 -1 -1 -1 -1 -2 -1 -2 -1 -2 -2 -2 -2 -1 -2 -1 -1 -1 -2 -1 509890972 -1 810528818 -1 -2 651669841 40990186 -2 -1
-2 -1 -2 -2 -1 -1 -1 -2 -1 -2 -1 -2 -2 -2 -2 -1 -1 -1 -2 -2 520211629 -2 -2 -2 -2 -1 -1 -2 483312702 -2 -2 -1 -1 -2 -1 -1 -2 -1 -2 -1 -1 461000734 55624931 -1 -2 -1 761178250 -2 -2 -2 -1 -1 -1 87813722 633158944 -2 -2 -1 -2 -1 -2 256673184 -2 -1 -2 -2 -2 -2 -1 -2 -1 644109707 387240441 -2 -1 -1 -2 -1 -2 -2 -1 480377486 -2 -2 -1 -1 -1 -2 -1 -2 -1 -1 2672833 -2 804183727 -1 -2 864771078 -2 -1 -2 -2 -2 -2 -2 -2 -2 -1 -1 -1 -1 -1 -2 -2 -2 -2 -2 -1 -1 -1 -1 -2 -2 -1 -2 582676484 -1 -2 -1 -1 -2 -1 -1 -2 -2 -2 -2 -2 -1 -1 -1
-1 -1 -1 -2 538433079 -1 -2 371701484 -2 -1 -1 -1 -2 -2 -1 -2 -1 -1 814990284 -1 -1 -2 -1 -1 -1 -1 531069542 -1 -1 -2 -1 -2 -1 -2 -2 -2 -1 -1 -2 -1 -1 -2 -1 -1 -1 -2 -2 -1 -1 -1 -2 -2 -2 -2 -1 -2 -1 -2 -1 566150977 -1 -1 -2 -1 564301565 -2 -1 497913181 -2 -1 -1 959525967 -2 -1 -1 -2 693818507 -2 -1 -1 -1 -1 -1 -2 -1 -2 794034894 -1 236228104 638691362 -2 -2 -1 -2 -1 -1 -2 -1 632455792 -2 -1 -1 -2 -2 -2 -1 -2 -2 -1 -1 -2 -1 -2 -1 -2 -2 -2 -1 -2 -2 -2 -2 -1 -1 -1 -1 -1 -2 -1 -1 363252381 -1 242643975 -2 -2 -1 -1 -1 -1 -1 -2
-2 -1 -2 -1 -2 -2 -1 -2 -2 -1 -1 -1 -2 -1 630603387 -1 -1 -1 -2 -2 -2 -1 -2 -2 -1 -1 -2 -1 -2 -1 -1 -2 -1 -1 -2 103174297 -2 -1 -2 -1 -1 -2 -1 -2 -1 -2 -2 -2 -1 -2 -2 -1 -1 -2 -2 -1 337312605 92743254 -1 -1 -1 -2 -1 -2 -2 -1 -1 -1 -2 -2 -1 187346726 -1 -1 -1 -1 -2 -2 -2 -1 -1 -2 -1 29224053 -2 -2 -1 -1 -2 -2 999846368 -2 -1 -2 -2 -1 -2 -2 367629196 -1 -1 -2 -1 -2 -1 118257058 -1 -1 -1 -2 -2 950482573 -2 -1 -1 -2 -1 -1 -2 -2 -1 -2 -1 -2 -1 -1 -1 -1 -1 -1 -1 -2 152662908 -1 -2 -1 -2 -2 -2 -1 -2
248263827 -2 396726594 443821820 -2 -1 465906564 -1 -2 91484883 -1 -2 -1 -2 -2 -2 419889501 -2 -1 -1 -1 -1 -2 -1 -1 -1 39423175 -1 -2 -1 -1 -1 -2 -1 -2 -2 -2 438404333 -1 -2 -1 -1 -1 -2 -1 -2 -1 -1 -2 -2 -1 -1 -2 -1 -2 828618469 -2 -2 -2 -2 -2 -2 -1 721285978 661353472 -1 -1 -1 -1 -1 -1 -2 -2 113555671 -1 -1 -2 -2 -1 -1 -2 -1 -2 -1 -1 -1 -1 995632050 -2 -1 -1 -2 -2 -1 -2 -2 -1 -1 845109777 -2 -1 -2 -1 -1 -2 -2 -2 -1 -1 -2 -2 -2 -2 -1 -2 -2 -2 -1 -2 -2 -2 -1 -2 -1 -1 -2 -2 -2 -2 -2 -1 -2 -1 -2 -1 -2 -1 -1 -2 -1 -2
-1 -1 -2 -2 -1 -1 524819774 -2 -1 -2 -2 -2 -1 325825004 -1 271910063 -1 -2 -1 -2 -1 -1 -2 88144533 -2 -1 -1 -2 -1 -2 -1 -2 -2 -2 -2 -2 -2 -1 -2 -2 -2 -2 -2 -1 791681193 -2 -1 311605093 -2 -2 -1 -1 -1 -1 -2 -1 -1 -2 -2 -2 -2 -2 -2 -1 -2 -2 336855423 -1 -2 -2 -2 -2 -2 -2 280185763 -2 -2 -1 966516872 -2 -2 -1 -1 -2 -1 131836023 -1 -1 -1 380719693 686690735 902598355 -1 -1 -1 -1 -2 -1 -2 -2 -1 -1 -1 -2 -1 -2 -2 -1 -2 -2 -1 -2 -2 -2 -2 -1 -2 -1 -2 -2 -2 262421087 -1 -1 369463744 -1 -1 -1 -1 -1 -1 -2 -1 -2 -2 -2 -1 -1 -1 -1 -1
-1 -2 -1 409460075 -1 -1 -2 -2 -1 179378676 -2 -2 884019517 -2 -1 -2 -2 -1 -2 -2 -2 886785539 -2 962781163 -1 -2 -2 -1 -2 -2 -2 -1 -2 -1 -1 -1 -2 -1 -2 -2 -2 -1 490791208 -2 -1 -2 -2 -1 507429252 -2 -1 -2 -1 -1 -2 -1 214663647 -1 -2 -2 -1 -1 907646072 -2 -1 -2 -1 -1 -1 -2 -1 -2 562015223 -2 -2 204839998 -2 -2 -1 -1 -1 196035419 -1 -1 -1 -1 -2 -2 -1 -1 -1 -2 -1 -1 -2 -1 740537404 -1 -2 -1 -2 -1 -1 -1 -1 -1 -1 -1 481063528 -1 -1 -2 -1 423782750 -2 -1 -2 -2 -1 -2 -1 -2 -2 -1 -1 -2 -2 -1 -1 -2 575650782 -2 -2 -2 -2 -2 -2 -1 -2 -1 -1
-2 -2 -1 -1 -2 847104717 -2 753958703 -2 926502409 -1 -2 -2 -2 -2 -2 -1 -2 -1 -2 -2 173926801 -1 -1 -1 -1 -1 -1 -2 -2 -2 -1 -1 840055924 -2 -1 785281272 -1 166696780 -2 -1 -2 -1 -1 -2 -2 -1 -1 -2 -1 -1 -2 -2 -1 -1 -2 -1 603229279 -1 -2 -1 71518458 -1 -2 -2 -2 -2 -2 -1 -2 -1 -1 -1 682380554 -2 -1 -1 -1 868206658 -1 -1 -2 -1 -1 -1 -2 -2 -2 -1 -1 -2 -2 -1 -2 -2 -1 -2 -1 -1 -1 -2 -1 -2 -1 -2 -1 -1 -1 -2 -1 -1 -2 -2 -2 -2 -1 -2 -2 -2 127496234 -2 -1 -2 -2 -2 -1 -1 -2 257348066 -2 -1 -1 -1 -2 -2 -2 607315366 -1 -2 -2 -1
-1 -2 -1 -1 -2 -1 -2 660454191 975009658 -2 -1 -2 -1 -1 -1 -2 -2 -2 -2 -1 981846397 -1 -2 -1 -1 -2 306933627 864017733 -1 -1 -2 -2 -1 -2 -2 -2 -1 -2 -2 180184918 532538871 -2 -2 -1 -2 -2 -1 -1 -1 -2 -1 -2 -1 -2 -2 -2 -1 -1 -2 -1 -1 -1 -2 -2 -1 -2 -2 -2 471303688 -1 -2 -1 -2 -2 -2 -1 -1 -2 -1 -1 720093930 -2 -2 129820715 -1 -2 -2 -1 -1 -1 -1 -1 -1 -2 -2 -2 -2 -1 -2 -1 -2 -2 -1 -1 -2 -1 994938015 -2 -2 -1 -1 -2 -1 835029659 -2 559367235 -1 -2 -2 -2 -1 -2 -2 -1 -2 -1 -2 -1 -2 -1 -1 -1 744300862 -2 -1 174753060 272335847 -1 -2 -2 -1
-1 -1 431832207 -1 -2 -2 775583527 -1 -2 -1 -2 -1 -2 -2 -2 -1 -2 -1 -1 -2 -2 -1 -2 -2 -2 -2 -2 -1 -2 -2 797278773 -1 326258081 727082067 -1 -2 -2 -1 -2 -2 -1 -2 -1 -1 -2 -2 -1 -2 -2 -1 -1 -2 -2 -1 -2 -2 -1 -1 -1 -2 -1 -1 -1 -1 -2 265606649 -2 -1 296211014 -2 860194842 -2 -1 -1 -2 -1 -2 -2 -2 -2 -2 -2 -1 -2 -1 -1 -2 -1 -2 -2 -2 -2 216358467 -1 -2 928368453 -2 -2 949227563 -1 -2 -1 -2 -2 -2 -1 -2 -1 -2 -1 -2 -1 -1 -2 -2 -2 -2 483636938 -1 -2 -1 -2 -2 -2 -2 -2 -2 -1 -2 -2 -1 -1 -1 -1 -2 -2 177265431 -1 -2 -1 -2
-1 -2 -2 -1 -1 -1 -1 -2 157260422 -1 -1 -2 -2 -2 -1 -1 -2 -2 -1 -2 -1 -1 -1 -1 -2 -2 84008251 -2 -1 -1 -1 -1 -2 -1 -2 -1 -1 -2 -2 -1 -2 -2 -1 -2 -2 -2 -2 858846041 -1 -1 -2 -2 -2 -1 -2 -1 -2 -2 -1 -2 -2 -2 -1 -1 -2 -2 -1 -2 -1 -2 -2 -1 -1 726122805 -1 -2 -1 -2 196300034 -2 -2 -2 -1 -2 -1 -2 -2 -1 -1 -1 733115191 -2 -2 -1 -2 -2 -2 -1 315967053 -1 -1 -2 -2 -2 -1 -1 -2 -2 -2 -2 194535939 -1 -2 20726160 -2 -1 -2 -2 -2 -2 -1 -2 -1 -1 -2 541850880 -1 -1 -1 802000849 -1 -1 -2 -1 -1 -1 -2 -2 -2 -2 968416364
-2 -2 -1 -1 -2 -2 -1 -1 -2 -1 -1 -2 -2 -1 -2 -1 -2 -2 -2 -2 -1 -1 -2 -2 -1 -2 -2 -2 -1 -1 -2 -2 -1 -1 -1 -1 -2 -2 -2 -1 -2 -2 102329958 -1 -1 -1 945606898 -1 -2 -1 -1 -2 -1 -2 -1 -1 -1 -1 -1 -2 -1 -2 -2 -2 -2 -2 -2 -1 -2 -1 -2 -1 -2 -2 -2 -1 -2 -1 -2 -2 195623151 -2 505079271 309888009 -1 -1 -2 -1 651701026 -1 -2 -1 -1 -2 -2 -1 -1 600326041 -2 356938496 -2 -2 -1 -1 -2 -1 -2 588707187 -2 -1 -1 -2 -1 -2 -1 -2 26944608 -1 -2 -1 -1 -2 -1 -2 -1 -2 -1 -2 342064629 812130457 -1 -2 -1 872612171 -2 -1 -2 -2 -2 479153536 -2
-2 -1 178588159 -2 -2 -2 -1 -1 -1 -2 -1 -2 -1 -1 -2 -2 -2 -1 -1 939366723 -1 260016180 -2 -1 392303651 144670261 -2 -2 -2 -2 -1 -1 -2 -2 -1 -2 -2 323702019 -1 195527757 -2 -2 -1 -2 -1 -1 -1 876187635 -2 -1 -1 -1 -2 -2 -1 -2 -2 -2 -1 -1 632119885 -1 216217868 551725756 -1 343633889 -1 -1 -1 291841365 -2 -2 -1 -1 -2 25634005 -2 -2 -2 -1 -1 -1 -2 -1 -2 -2 -1 -1 -1 -1 -1 -2 -2 -2 -1 195463976 -2 -1 -2 -2 -2 -2 274563417 -1 -2 -2 -1 -2 704648986 -1 -2 670173934 -1 -1 -2 -2 -2 -1 -2 -2 -1 -1 -1 46805723 -1 876144288 -1 -2 -1 -2 872917856 -1 -1 -2 -1 -1 -2 -2 368081674 -1 -1
-1 -1 -2 -1 -1 -2 -2 -1 -1 -1 680024388 -1 -1 -1 -1 -1 -2 338251403 -2 -2 -1 -1 -1 -2 -1 -1 -2 -1 -2 -2 -1 -1 -1 -1 -2 -1 -2 -1 -1 -1 -1 -1 -2 -1 -2 -2 -1 -2 -1 -1 -2 -1 355426388 -1 -2 -2 -2 94709363 -2 -1 -1 -2 -2 362048917 -2 -2 5540381 -2 -1 -2 -2 -2 -1 -1 -1 -1 -1 -2 -2 -2 -1 -2 -2 -1 -1 -1 -1 -1 -2 869556668 -2 624873802 -2 -2 -1 -1 523256371 -1 -1 -2 506778433 -1 -1 -1 -2 -2 -2 -1 -1 -1 -1 -1 -2 -2 -2 -2 -1 -2 -1 -1 -1 -2 -1 -1 779012370 -1 -1 -1 -2 -1 -2 -1 -1 -2 -1 -2 -1 -2 -2 -1 -2
-2 -1 -2 -1 -1 -1 -2 -2 -2 -1 -2 -2 -2 -1 -2 -1 -2 -2 -2 -2 -1 -2 -1 -2 -2 -1 -1 -2 -1 -2 -2 -1 -2 -1 -1 -2 -1 -2 -1 -1 689254381 -2 -1 -1 -1 -1 -2 -1 -1 -2 -2 -2 -1 -2 -2 -1 -1 -2 678628191 -2 -1 -2 -1 -1 -1 310809901 -1 -2 43408160 -1 551972588 -2 -1 -1 -2 -1 -2 -1 -1 500019348 -2 -1 -1 -2 963814951 -1 678856307 -2 -2 -1 -1 -1 -1 -1 -1 -2 -2 -2 -1 -2 -2 -1 853074117 -2 -2 -1 -2 -1 -2 -1 -2 -1 -2 -1 916426448 -1 -2 422597563 -1 -1 -2 -1 -2 -1 51354936 -2 -2 -1 -1 -2 -2 -2 -2 -2 -1 -2 842993504 -1 425717226 -1 -1
-2 -1 -1 -1 -2 -2 -2 -2 -1 -2 -2 -2 -1 -2 -1 -1 -1 -2 -1 -2 -1 -2 -1 392347788 464680892 -1 -2 -2 -1 -2 486072350 -2 356881012 -1 -1 -1 -1 -1 -1 -2 -1 188419334 -1 -2 -2 -1 -2 -1 -1 -1 -1 -1 -2 -1 -2 -2 -1 -1 -1 -1 -1 -2 -2 -2 -1 11570516 -2 -2 -2 -2 -2 501326642 -1 -2 -2 -1 -2 -2 -1 -1 -1 -2 -2 -2 -1 -1 -2 -1 -2 -1 -1 -1 -2 -1 -2 -1 -2 337760578 -1 -2 -1 -2 418790567 -2 -2 -2 -2 -2 -2 -1 -1 -1 -1 -2 -2 -2 68521268 -1 103214232 -2 -2 83222508 -1 -1 257910398 -2 -1 144159098 -1 -2 -1 -2 717710830 -1 -2 -1 -2 -2 -2 -2 -2
-2 -1 -2 -1 -2 -2 -1 -2 -2 488594095 -2 -2 -2 -2 -1 929353641 -2 -2 -2 -2 799934511 -1 -2 -2 -2 -2 -1 -2 -1 -1 -2 -2 718718933 -2 -1 -2 -1 -2 -1 -2 -2 -1 -1 -2 64898205 -1 -1 -2 -2 -2 316182703 -2 -2 -1 -1 -1 -1 -1 -1 -1 -2 -2 -1 -2 -2 -1 -1 -1 -2 -1 -2 -2 -1 -1 -2 -1 -2 -2 -2 -2 -2 -2 -1 -2 -1 -1 894926553 -1 -1 -1 -2 864622733 -2 -1 -1 -1 -1 -1 -1 649570119 -2 -2 495357158 -1 -2 -2 -1 -1 -1 -1 -1 -2 -1 -2 -1 -2 -1 -2 -2 -2 -1 -2 -1 -1 -1 -1 -2 686484221 -1 -2 -2 -1 -2 533830482 -2 -2 -1 -2 -1 -1 -1
-2 -2 -2 -2 -2 -2 -2 -1 -2 -2 866990916 -2 -1 -2 -1 -1 -2 -2 -1 -2 -2 -2 -2 -2 -1 -2 588333439 -1 -1 -2 -2 -2 812269576 -1 -2 -1 -1 -2 -1 -2 -2 -1 -2 -1 8780287 -1 -2 -1 -2 -1 -2 -2 -2 -2 -1 -1 -2 -2 -1 -2 -2 63993857 -2 -1 -1 -2 -1 -1 -2 -2 -1 -2 -2 -1 -2 -1 -1 -2 -1 -1 -1 -1 -1 -1 -2 -1 -1 -2 -2 -1 -1 -2 -1 -2 -2 -2 557338081 -2 -1 -1 -1 -2 -2 -1 -1 -1 -1 -1 -1 -1 -1 -2 -2 -2 -1 -1 -1 -1 897618612 -1 -2 -1 -1 -2 693649795 -1 -1 -1 -2 -2 -1 -1 -2 -2 -1 -1 -2 -2 -2 -2 -1
616830840 -1 -1 -2 -1 -2 -2 -2 -1 311843172 -1 -1 -1 -1 -2 -2 432583094 -1 -1 -1 -1 309145052 -2 -2 -1 -2 -1 -1 -2 -1 -2 -1 -1 -1 -1 126803326 -1 -1 -1 99582776 -2 -1 -2 -2 -2 -1 -2 -1 -2 -2 -1 -2 -1 -1 75623105 70643280 -1 -1 -2 -2 -2 -1 -1 -1 -2 -2 -1 -1 -1 -2 -1 -1 -1 -2 -1 -1 -2 306643551 -1 -2 -2 -2 -2 -2 -2 -2 -2 -1 -2 -1 569441167 -2 -2 -2 -1 262802446 307001774 -1 -1 148782500 -1 -2 -2 -2 -2 -1 -2 -2 -1 -1 -2 -2 -1 -2 -1 -1 -2 125499267 -1 -1 -1 668255951 -2 -1 -2 -1 327047317 802819337 -2 -1 -2 -2 -1 746375207 -1 -2 -1 -1 -1 -2 -1
767230614 -1 -2 -2 -2 -2 -1 -2 -2 -2 -2 -1 -2 -2 -1 -2 -1 -1 -2 -2 -2 -2 -1 -1 -1 -2 -2 -2 -2 -2 -2 -1 -2 -2 -2 -2 -2 229535679 -1 892113373 -1 -1 -1 -2 -1 -1 524855671 -2 -1 -2 -1 -2 -2 -1 -1 -2 -2 -2 -1 -1 -2 -1 -1 -1 -2 -1 -2 -1 193162782 -2 -2 959926211 -2 -1 -2 -2 -2 -1 -1 -2 105432729 84257132 -2 -1 190114080 -1 -1 -2 -2 -2 -1 -2 -2 -1 -2 676307361 -2 -2 -2 -1 718735127 -2 -2 -1 -2 -1 -2 778439661 -2 -2 -1 -1 -2 -1 -2 -1 -1 -2 -2 -2 145447015 -2 -1 -2 420337237 921678203 -2 -2 -1 -2 -1 -1 -1 -2 -1 -2 -2 -2 -2 -1 -1
-2 -2 -1 -2 -2 -2 -1 -2 -2 -1 -2 -1 -1 -2 -1 -1 -1 -2 -2 -1 -2 -1 -2 -2 -1 -2 -2 445698364 103648764 -2 230647078 -1 -1 -2 -1 -1 -1 -1 219294037 -2 -1 -1 587233744 -2 -1 -1 -2 -2 -2 -1 -2 -2 -2 -2 -2 -1 -2 -1 -2 -2 -2 -1 -2 -1 -1 -2 -1 -2 -2 -2 772090331 -1 -1 -2 -2 -2 -1 -1 -1 -2 -2 -1 -2 -1 -2 -1 -2 -2 981017991 -2 362235838 -1 -2 -1 -2 -2 -1 -2 -2 -1 -2 -2 -2 -2 -2 -2 -2 -2 -2 -2 -1 -2 691508933 -2 -1 -1 -1 -1 -1 -1 -2 -2 928774237 -2 -2 -2 800137923 -2 -2 -1 -2 929339158 -2 -1 -2 -2 -2 -2 -1 -2 -1
-2 -2 -1 -1 -1 -2 -2 -2 -2 -2 -2 -1 -2 -2 -2 159064786 -1 -1 -1 -2 -2 -1 957667018 -1 -1 -2 -2 -2 -2 -1 -2 -2 -1 -2 -1 -1 -1 -2 -1 -2 -1 -1 -2 -2 200102006 -1 -1 -2 -1 -2 -1 391510691 -1 -2 -2 -1 -2 -1 -1 -2 -2 -2 -2 -2 -2 -2 -2 -2 -2 -1 -2 -1 -1 -1 -1 -1 -2 -1 -2 -1 -1 -1 -2 -2 -1 -1 -1 -1 -2 -2 -2 -2 -1 -1 -2 -1 -1 -1 -2 -2 -1 -1 -1 -1 -2 -1 -1 -1 -2 -2 -2 -1 -2 -2 -1 -2 -2 -2 -2 -1 -1 -1 -2 -2 -1 -2 -1 -1 -1 -1 140614212 -1 -2 898615774 -1 -2 -2 -2 -1 -1 -2
-1 169642394 -2 -1 -2 -1 -1 -1 -1 -2 -2 -1 -2 -2 -2 -2 -2 -2 585523340 -1 -1 -1 -2 -1 -1 -2 -2 -1 -1 -2 -1 -1 -1 -2 -1 -2 414839039 -1 -1 -1 -2 -2 -2 -1 -1 -2 -2 -1 -2 -1 -1 -2 108198398 -1 -1 -2 -1 -2 -2 -1 -2 -1 -2 -2 -1 -2 -2 -1 -2 -2 -1 -2 -2 -1 -1 -2 -1 -2 -1 -1 -2 979638759 -2 -2 -2 -2 -1 -2 -2 -1 -2 -2 -2 -2 -2 -1 -2 -2 -2 -2 -1 -1 -1 -2 -1 -2 -1 -2 -1 -1 641076764 -1 -1 -1 -2 -2 161554194 -2 -2 -2 -1 -2 -1 -2 -2 -2 -1 -1 -2 -1 -1 281468375 -2 -1 -2 -1 -2 -1 -2 61225740 -1
