22 38
-1 -1 -1 -2 -2 -2 -1 -1 -2 -2 -2 -2 -2 -1 -1 -1 -2 -1 -1 -2 968981533 -2 -2 -1 -2 -1 727802444 -1 -2 -1 -2 -2 412926194 -2 -2 -1 -2 -1
-1 -2 -2 -1 -2 -2 -1 -2 -2 -2 -2 -1 -2 -1 -1 -2 -1 546497993 -2 -1 -2 -2 -1 -2 -2 -1 -2 -2 -2 939087785 -2 -2 -2 674594076 -1 -1 -1 -1
-1 -1 -2 -2 -2 -1 -2 -2 -2 -2 -1 -2 -1 -1 -1 -1 -2 -1 -2 383889923 -2 -1 -2 -2 -2 -1 -2 -1 -1 -2 -2 -1 -2 -2 -1 -2 -1 -1
-2 98772118 -2 97229128 -2 -2 -2 -2 -2 24973403 -1 -2 -2 -1 -1 342963224 -2 -2 -2 -2 -2 -1 -2 -2 -2 -2 -1 -2 -2 -2 -2 -1 -2 -1 -2 663937127 -1 -1
-2 -1 -1 -1 304680224 -1 -2 -1 388928254 -2 -2 -2 819536424 -1 -2 -2 -2 -2 -2 -1 -2 -2 -1 -2 -2 -1 -2 230873907 -2 -2 -2 -1 -2 -1 -2 -1 -2 -1
-1 -2 -1 -2 -1 -1 -1 -2 101132282 -1 127276356 -1 -1 -1 -2 -2 -2 -1 -2 -2 -2 -2 -2 -2 -2 -2 -1 -2 -1 -2 -2 266964084 -1 -2 577398404 -2 -1 -2
-1 -1 -2 110980324 743828094 -2 -1 -2 -2 -2 -2 -1 -2 -2 739426867 -2 -2 -2 -1 -1 -2 -1 -1 -1 -2 -2 990928570 -2 -2 -1 -2 -2 -2 235746839 640254712 -2 -2 -1
-2 -2 -1 404037786 -2 -1 -2 -2 -2 -1 -2 -2 -2 -2 -1 -2 -2 -1 -2 -2 -1 -1 -1 566488457 -1 -1 -1 -2 -1 -1 -2 692277727 -2 -2 588418272 -1 -2 -1
-1 -1 -1 -1 -1 -2 -1 -2 -1 -2 -1 -1 -1 -1 -1 -1 -2 52424693 346398841 -2 -1 -2 -1 -2 -1 -2 -2 -1 -1 -2 -1 -2 -2 104746172 -2 -1 301968461 -1
-2 -2 -1 -1 -2 -1 -2 -1 -1 -1 -2 -2 -1 -1 477780237 -2 -2 -1 -1 -2 -2 -1 -1 -1 -2 -2 -2 479320247 -1 -1 -2 -1 -1 -1 -2 -2 -1 -2
-1 -1 -2 -2 -2 -2 -1 -1 -1 -2 -2 -1 -2 -2 -1 -2 -2 -1 789997124 -2 -2 -2 -2 -2 -1 -2 -2 -1 -1 -2 -2 -2 -2 -2 -1 -2 -1 -2
-2 -2 -2 931920830 -2 -1 -2 -1 -2 -2 -1 -2 -2 -2 -2 -1 -1 -2 -2 -1 -2 -2 -1 -1 -2 543136602 -2 -2 -2 -2 -1 -1 -2 -1 -1 -1 -2 -2
-2 -2 -2 -2 -1 -1 -2 -2 -2 -1 -1 -2 -2 -2 -1 -1 570391133 -2 -1 855591218 -2 -2 -2 -2 -1 -2 67146621 -2 -2 -1 -1 -1 -1 -2 -2 -1 -2 -2
-2 -1 -2 -2 -2 -2 -2 -1 -1 -2 -2 -2 -2 -2 -2 -2 -2 -2 -2 576898952 275287284 -2 -2 -2 -2 -1 -2 -1 -2 -2 -2 -1 -1 -2 -2 -1 -2 661707872
-2 -1 526934278 -2 -1 -2 -2 -2 -2 -1 -1 -2 -2 -1 -2 -1 -1 -1 -1 -2 -2 471689295 -2 -1 -2 -2 -1 -1 -1 -2 -2 -1 -1 -2 80529002 -1 -1 -2
-2 -2 -1 -2 -1 -1 -2 -2 -2 -2 -2 -2 -2 -2 -1 -2 -2 -2 -2 -1 -2 -2 -2 -2 -1 -2 -1 -2 -1 -2 560482544 -2 -1 -2 -2 -2 -2 881572252
-2 -1 -1 -2 -2 -2 -1 -2 -1 -2 -2 -1 -2 -1 -2 -2 -2 -1 -2 -2 -1 -1 -1 -2 -1 -2 -2 -2 -2 -2 -2 -2 -2 396549612 -1 -2 -2 -2
-1 -2 24949704 -2 115955261 -1 -2 -1 -1 -1 -2 -2 -2 -1 -2 -2 -2 -2 -2 -1 -1 864335612 -2 -1 -1 -2 682710830 -1 -2 -1 -2 -1 -1 -1 -1 -1 -2 -1
-1 -1 -2 380851964 -2 -2 977865367 -2 493358866 -2 -2 -2 -2 -2 549345486 -1 -2 -1 -1 -1 -1 -1 -2 -2 -2 -2 -2 -1 -1 -1 399634526 -2 90623886 -2 -1 -1 -1 140247304
-1 537536501 140148699 -2 -2 448177845 -2 -2 -1 751596466 533003642 -1 -1 -2 -2 193958814 -2 311463558 -2 -1 -2 -1 -2 -1 -1 -2 -2 -1 -2 -1 -2 -1 -2 -2 -2 -1 -2 42360525
-2 -2 -2 -2 -2 -2 740574895 -1 -2 -2 -2 -1 -1 -1 -1 -1 -2 -1 -1 -2 -2 -2 -1 -1 -1 -2 -1 -2 -1 -2 -2 545170388 304594747 -2 -2 -2 -1 -1
-2 -2 876497429 -2 -2 -2 556988873 -2 -2 -2 -2 -2 -2 -2 -2 -1 -2 -1 -2 -2 -1 -1 -2 -2 -2 -2 -1 -2 -1 -2 -2 -1 -2 812838199 57076829 -2 -2 -1
