63 45
-1 -2 -2 -2 772626156 -1 -1 -2 -1 -1 -1 -2 -1 -2 -2 -2 -2 -2 -1 -2 -2 -2 -2 -1 351303067 -2 -1 -1 -2 -2 378972950 -2 -2 -2 -1 -1 -1 -2 -1 -2 -2 -2 -1 -1 -2
-1 92584383 -2 -1 -1 -2 770705445 -1 604999159 -1 -1 -1 -2 253741667 -1 -2 77637226 583994439 -1 -2 -2 -2 -2 545781098 -2 -2 -2 746420451 -2 -1 526047168 -2 -2 -1 953171928 -2 -2 -2 -2 687185813 61310007 -1 -2 -2 -2
-2 609372473 -2 -2 -2 -2 -1 -1 -2 -1 -1 -1 -1 -1 -2 -1 -1 -1 -2 90859002 -2 -2 -1 -1 -1 -1 433806166 -2 -1 -1 -1 -2 -2 -2 -1 108863955 -1 122215980 -2 -2 -1 -1 -2 -1 -1
-2 -2 -1 -2 -1 -1 -2 -1 -2 -1 -2 -1 -1 -1 -1 -1 -1 -2 -2 -1 -1 -1 -2 -2 -1 -2 -2 -2 719966754 768316148 -2 -2 -2 -2 -1 -2 -2 -2 -2 -2 -1 -2 -1 -2 -2
-2 -2 870273875 -2 -1 -2 -2 -1 -2 -1 -2 -2 -1 988516485 -2 -2 -1 -1 -2 -2 -1 -1 -1 -2 -1 447040637 -2 -2 -2 -1 -2 -2 -2 -2 290127204 -2 -2 -1 -1 820151794 -1 -2 -2 -1 -1
-1 625288828 -2 -2 -2 27040593 -2 -1 9720153 -2 -2 -1 16195338 -2 -1 -1 -1 -2 -2 -2 -1 -2 -2 -1 -1 -1 -2 -2 -2 -2 746678108 -1 216229606 -2 -2 -1 -2 -2 92268079 -2 -2 -2 -1 -2 -2
-2 -2 -1 -1 -1 -2 -2 785458079 -2 -2 -2 -1 -2 -1 -2 -1 -1 -2 -2 -2 -1 -2 -2 -1 -2 74761120 -1 773727126 -2 -1 -2 -2 -2 -1 -2 -2 -1 -1 -2 -2 -2 -2 -2 -1 -2
-2 -2 349069897 340897699 664763988 -2 -2 -2 -1 -2 -2 -2 -2 -2 -1 -1 -2 -2 -1 -2 -1 74660280 -1 -1 -1 -2 -2 -2 -2 -2 -2 -2 -2 -2 -2 -2 -2 -2 -1 -2 -2 -2 -1 -2 447924174
-1 -1 -1 352782206 -1 -2 691802113 -2 -2 -2 -2 -2 -1 -2 -1 -1 -2 -1 -1 -1 -1 -1 -2 46123590 -2 -1 -1 -1 -1 727587106 -2 -2 -2 -2 -1 -2 -2 -2 -2 -2 -2 -2 -2 -1 -1
-2 511026585 -2 -2 -2 -1 -2 217031537 -1 366661819 -2 -2 -1 -2 876702895 -1 -2 -2 -2 -2 -2 -1 -1 -2 -2 -1 -1 -1 -2 -1 -1 -1 -1 -1 -1 -1 -2 -1 -1 -2 -2 -2 -2 -2 -1
-1 -1 -1 -2 -2 -2 -2 -2 -1 683363088 -2 -1 -1 -2 -1 -2 -1 -2 -2 -2 90342364 -2 -1 358364073 -2 808802729 -1 -2 -1 -1 -1 -1 -2 454180643 -2 -1 -2 -2 -2 550764402 -1 -2 -2 -2 -2
-1 -2 592039180 -2 183298921 -1 -2 475721736 -2 -1 -2 -2 -1 -1 -1 -1 -1 -2 -2 -1 -2 -2 -1 -2 -2 -1 -1 -1 -2 -1 -1 -1 -1 -2 -2 -1 -2 -2 320633358 -1 -1 -1 -1 -1 -1
-1 -1 -2 -1 -2 -2 -1 316454300 -1 -2 -2 -2 -2 -2 -2 -2 -1 84044174 87213359 -2 -1 -1 -1 -1 -2 -2 -2 -2 -1 -2 -2 -2 -1 -2 378295169 -2 -2 -2 245886186 -2 709048808 -1 -2 -1 -1
-2 -2 -2 -2 -2 -1 -1 -1 616332608 -1 -2 -2 913831900 -2 -2 889714509 -1 -1 -2 -2 -2 -2 -2 -2 -2 -2 -2 -2 -1 -1 -2 -2 -1 -2 -1 -2 -1 313899473 -2 -2 -1 -2 -2 970019600 -1
845028916 -2 -1 723418647 -1 -2 -1 -2 -2 -2 -2 414970657 -2 -2 -2 -2 -2 -1 947650708 -1 -2 -2 -1 33492507 -2 -2 -1 -2 -2 -2 -2 -2 -2 -2 -2 -1 -2 -1 -2 -1 -2 -1 -1 -2 -2
-2 -2 -1 -1 -2 -1 -2 -2 -2 -2 -2 -2 -2 -2 -1 -1 -2 -1 -2 -1 -1 -1 2887962 -2 -1 145740927 -2 -2 -1 -1 -1 -2 -1 218955568 -2 -1 -2 -2 -2 -1 -2 -2 -1 -2 -2
-2 -1 528810637 -2 -2 743077746 -2 465204605 -1 380126306 -2 -1 -1 -1 -2 -2 -2 -2 -2 -2 -1 -2 -2 -2 247269281 -2 -2 -2 -2 -2 -1 -1 -1 -2 -2 -2 -2 -1 -2 -1 -2 -1 -2 -2 -2
-1 10741572 -2 87227720 -1 857583229 -1 -1 -2 -1 -2 -1 748959398 -2 -1 -1 -1 -2 -2 -1 -1 -2 -2 -1 -1 -2 93562663 -2 -2 -1 -1 -2 -1 -1 -1 -1 -2 -2 -2 560103120 -1 -1 -2 -2 -2
-1 -2 -2 -1 -2 -1 -2 -1 -1 -2 -1 -1 146499856 -2 -1 -2 -1 -1 -1 -2 -1 -2 -2 -2 -1 -1 985558895 -1 -2 -2 447340981 -2 -1 -1 -1 -1 -2 880814142 -2 -2 -2 -2 -1 -1 -1
-2 -2 -2 -2 -1 -1 -2 -2 -2 -2 964315511 -2 -1 -2 694738860 -1 -1 -2 -2 -1 -2 -1 -1 -2 -2 -2 -2 -2 -2 -2 130497746 -2 -1 -2 -2 -2 -2 -2 -1 -2 -1 -2 -1 -2 -2
-2 -2 -2 -2 -1 -1 -2 -2 -2 42681223 -2 -1 -1 -1 -2 -2 -2 -2 -2 -1 -1 -1 29906119 -1 -2 911968387 -2 -2 -2 320451844 -2 -2 -1 -2 -1 -1 -2 -2 -1 -1 -2 -2 -1 -2 -2
-1 -1 -1 -1 -1 -2 -2 -1 -2 -1 -2 -2 -2 115765494 -2 -1 -1 -1 -2 -1 -2 433067897 -1 -2 -2 92547482 -1 -2 614762394 -2 -1 -1 -2 940120995 -1 -2 -2 -1 -1 -1 -2 -2 -2 -2 -2
236313382 -2 -2 -2 -2 -1 778542824 -2 -2 -1 180146797 -1 -1 -2 -2 899413430 -1 -2 -1 -2 -1 -2 -2 -1 148415949 -1 -1 -1 178548946 -2 -1 -1 -2 -2 -2 -2 -2 -2 -2 -2 -2 -1 -1 -2 -1
-2 -2 -1 -2 -2 -1 -1 37910648 153172779 -2 -1 -2 -2 -1 -1 -2 -2 -2 -2 360233032 -2 -2 -1 -2 -2 -2 -2 -1 -2 -2 -2 251227342 -1 -1 -1 -1 832555526 -1 -2 -1 -2 -2 -1 -2 -2
-2 -1 -2 -2 -2 471702149 -1 -1 -2 -2 -2 -2 -1 -2 -2 -1 -2 -2 -2 -2 -1 -2 -2 -2 -2 689883912 6874064 -1 -1 -2 -1 -2 -2 -2 -1 -1 -1 -1 -2 -2 -2 -1 -1 -2 -1
-2 -2 -2 -2 -2 -2 -1 -1 -2 435837142 -2 226500358 -2 -1 -1 -2 -2 -2 -2 -2 -1 -2 -2 -2 -2 -1 -1 -2 -2 -2 -1 -1 -1 989367082 -1 -2 -1 -2 -2 -2 -2 -1 -1 -2 -1
-2 -2 -2 -2 -2 -2 -2 -2 -2 -1 -2 664673241 -2 -1 -2 -2 -1 -2 -2 -1 -2 -2 -2 -2 -2 -1 -2 -2 -1 -1 -1 -2 -2 -2 -1 -1 -2 -2 -2 337965597 517610008 -2 -2 -2 -1
-1 -2 -1 -2 -2 -2 -2 -2 -2 -2 -1 -2 -2 -2 -2 -2 298710789 -2 -1 -1 -1 658980871 -1 -2 -1 -2 -2 -2 887025024 470165053 -2 -2 -2 -2 -2 -2 -1 51177027 -1 -1 -2 -1 -2 736668995 -2
101872890 -1 -2 -1 -2 -1 -2 -2 -2 -2 -2 -1 -2 -2 -2 -2 -2 -2 -2 -1 -2 -1 -2 -1 -1 -2 -2 -1 -2 -2 -1 -1 -1 -2 -1 -1 -2 -2 -2 -2 -1 -1 -2 -1 -1
-2 -2 -2 -2 -2 -1 -1 -2 301117242 274054910 -1 -1 -2 644117681 134530264 -2 -2 -1 -1 -2 -1 -1 -2 107039322 -2 -1 -1 -1 -2 -1 -2 -2 -1 -1 -1 -2 -1 361158255 -1 -1 -2 -1 -2 -2 -2
201995277 -1 -2 -2 -1 -1 -2 -1 -1 -1 852202685 -2 -1 -1 -1 765884896 -1 -2 -1 -2 -1 -2 -2 -2 -2 480959918 716351841 -1 -2 -2 -2 -2 -1 -1 -2 -2 -1 -1 -1 -1 -2 -2 -2 -1 -2
-2 -1 -1 -1 416661707 -1 -2 -1 -2 -2 -2 -2 -2 40039712 -1 -1 -2 -1 -2 -1 328622328 -2 -2 -2 -1 -2 -1 -2 -1 -2 -2 -2 -1 -2 24789402 -1 -1 -1 -2 -2 -2 -2 463378949 -1 -1
-2 -2 -2 -1 -2 -2 -1 207075611 -1 -2 -1 -1 -1 -2 -2 -2 -2 -2 -2 -1 -2 -2 -1 -2 -1 -2 -2 -1 -2 -1 -1 -1 -2 -1 -2 -2 -2 -2 -1 -1 -1 140063475 -1 -2 -2
-1 -2 -2 -1 -2 -1 -1 -2 -2 -2 -1 -2 -2 -2 -1 -1 -1 750284816 -1 -1 -2 487385184 473039837 -2 -2 -1 -2 -1 -2 26716301 -2 -1 -1 -2 -2 -2 -1 529460134 -2 -2 -2 -1 -2 728510440 -1
-2 -2 -2 -2 -1 -1 -2 -1 -1 -2 -2 -2 -2 -2 -2 504728195 -2 -2 -1 -1 -2 -2 -1 -2 -1 -2 991376886 -2 -2 -2 430931766 -1 -2 -2 -2 -2 -1 676789511 -2 -1 -2 -1 -1 -1 -2
-2 -1 -2 981969171 -2 -1 -2 -2 463358522 524700857 357778863 -1 -2 -2 -2 -2 -1 142384152 -1 -1 -2 -1 -2 -2 -2 -2 -2 -1 -2 -1 -2 -2 -1 -1 990201413 -2 -1 345796174 -1 -2 -2 593104297 92540448 -2 -2
-2 -1 -2 -2 -2 -2 -2 -1 -2 -2 -2 508302470 -2 -2 -2 -2 -2 796394710 -1 372249089 -2 -2 -2 -2 -2 -2 -2 -1 -2 998723888 -2 -2 118063530 -2 -1 -1 -2 -2 -2 -2 -1 -2 -1 -1 -1
-1 -2 -1 -1 -1 492844418 -2 966253525 -1 -2 -2 -2 -2 -1 -1 -2 -2 -2 -2 -1 -1 -2 7048762 -2 -2 -1 -2 -2 -2 -2 -2 -2 -2 -1 -1 -2 733493908 -1 -2 -1 -2 -2 853675419 -2 -2
-1 -1 -1 -1 -2 -2 -1 -2 -2 -2 -1 -2 -1 -1 -2 -2 258890403 109071457 -1 -1 123928759 -1 -1 98132787 -2 -2 -1 519081273 -1 -2 -2 -2 -2 -1 -1 -2 -2 -2 -2 -1 -2 -1 -1 -2 -1
-1 -1 -1 -2 -2 276973341 -2 -2 835217605 -1 -2 -1 -1 -1 -2 -2 -2 -1 -2 -1 -1 -2 -1 -2 -2 -1 -2 -2 -2 -1 -2 -2 -2 -2 -2 -2 -2 -2 -2 -2 -1 -2 -1 -1 -2
-2 -1 -1 -2 -2 -2 -1 -1 -1 -2 -1 645129615 -2 287701505 -1 -1 -2 -1 -2 -2 -2 -2 751943189 72037457 -1 -1 -1 -1 -2 -1 -1 -1 -2 -1 -2 -1 -2 -1 -1 -1 628143774 -2 -2 -2 -1
-2 -2 -2 -1 -2 -1 -1 465878870 527430422 -1 -1 -1 -1 -2 -2 212102628 -2 -2 -1 -2 -1 -2 -1 -2 -2 -1 -2 476099325 -2 -1 -2 -2 -1 -2 -2 -1 -2 -1 -2 -2 -2 -2 -2 -2 -1
-1 -2 202155520 -2 -2 -2 -2 -1 -2 -2 -1 -1 -1 -2 -2 -1 -2 -2 -2 -2 -1 -2 -1 -2 -2 -2 -1 -1 -2 -2 -1 -2 -2 -2 -2 -1 -1 -2 -1 -2 -2 -2 -2 -1 -2
-1 -2 -2 906583292 301499105 856511470 -2 -2 -2 -1 -2 -2 236988508 -2 -2 820318790 -1 -2 -1 -2 -2 -1 -2 -2 -1 -1 -2 -2 880408483 -2 -2 -1 -2 -2 -1 877419190 -2 -2 -2 -2 -2 -1 -1 -2 -1
-2 -2 -2 -2 -2 -2 -2 -2 -1 -1 -2 -2 -1 -2 449231051 -2 -2 -2 -1 564148075 -1 -1 32720510 -2 -2 161063670 -1 -1 -2 -1 -2 -2 -1 -2 -2 -2 -2 -2 -2 -1 -1 -2 -2 -1 -2
-2 92287179 -1 -1 -1 -2 -1 283593919 -2 -2 777470666 -1 -1 -1 -2 -2 -1 -2 -2 -1 -2 552580066 -1 -2 -2 -1 -1 -2 -1 -2 -2 -2 -2 -1 -1 -1 -2 -1 -2 -2 -2 -1 179654073 -2 -1
-2 -1 -2 -2 -1 -1 -2 -2 -1 -1 -1 -1 -1 -2 -1 -1 469532116 -2 -2 -2 -1 -2 -2 -2 -1 -2 -2 -2 607332773 -2 -2 983299002 -2 -2 -2 -1 -1 -1 -1 -2 -2 -1 -2 -1 -2
-2 -2 -1 -1 -2 -2 -2 -1 -2 -2 -2 -1 -1 37236195 565875553 -1 -2 -2 -1 -1 -1 -1 301329574 -2 -2 -2 -2 -1 -2 -1 -1 -1 -2 -1 -2 -1 -1 -1 -2 -2 -2 -1 -2 -2 -1
-2 -2 -2 -2 -2 -1 -2 117628242 -2 -2 -1 -2 -1 -2 -1 -2 -2 -2 -2 -1 -1 -1 136180532 -2 -2 -2 -1 -1 -1 -1 -2 -1 -1 -2 -1 -2 -1 -2 541924956 -2 112928928 -1 -2 228515867 -2
-2 -1 -1 -2 -1 -2 -1 -2 480512091 -1 -2 -1 -2 -1 -2 -1 -2 -1 -2 -1 -2 -2 -2 -2 -1 -1 -2 -1 -2 -2 -2 -1 -2 -2 -2 -1 750457416 -1 -2 -2 -2 -2 -2 -1 -1
-1 -1 -2 -2 -1 -2 -2 -2 307201755 -1 -1 -1 -2 -2 -1 -2 -1 40919489 -1 -1 -1 -1 -1 -2 675128683 -2 -1 123680641 -2 -2 -2 -1 -2 -2 435673218 -1 -1 -1 -2 -2 -1 685086179 -2 -2 -2
-2 -1 -2 -2 -1 -2 -1 -2 -2 -2 -2 -2 -2 -1 -2 -2 41953522 -2 -1 -2 -2 792009119 -1 -1 -2 -2 -2 -1 -1 -2 -1 -2 -1 -1 -1 -2 -1 -1 -1 -2 -1 -1 868046361 -2 -2
958009815 -2 -2 -2 -2 -2 -2 -1 -1 -1 -2 -1 -2 -2 -1 -2 -1 -1 -2 -2 316891100 -1 -2 -2 -2 586354459 606122559 -2 -2 -1 -2 -2 -1 -2 421209150 -2 -1 297025392 -2 -1 -1 -2 -1 -2 -2
-2 -2 -1 -1 -2 -2 -2 -2 -2 668713036 -1 -2 -1 -2 -1 -2 -2 -1 -2 -2 -2 -1 -1 -2 -2 672302050 -2 -1 -2 -2 -2 -2 -1 432903348 -1 -2 -1 -1 -1 -1 656498768 -1 -2 -2 -2
-2 718693636 -2 -1 -2 -1 -1 -2 259545612 -1 -2 -2 -1 -1 -2 -2 -1 -2 -2 -1 -1 241469654 -2 -2 -2 -2 -2 -2 -2 -1 -1 -2 -2 -2 -2 -1 -2 -2 -2 -2 -1 -1 -2 -2 -1
-2 302181259 -1 -2 -1 -1 -2 -2 508104985 -1 -2 -2 -2 -2 -2 -1 -2 -1 761609482 -2 490561686 -2 -1 1051634 -1 -2 -1 -1 -2 -2 -1 -1 -2 -2 -2 -1 -1 -2 -2 -1 -1 -2 -2 -2 -2
-1 -2 -2 -2 -2 -2 -1 -2 -1 -1 -1 -1 -2 -2 488985998 -1 -1 -1 -2 -2 -2 -2 -2 -1 207129658 -2 -1 -2 457684875 -2 -1 475810830 -2 -2 -2 -1 -2 -2 -2 -2 -2 -1 -2 -2 -2
26564482 -2 -1 -2 -2 -2 -2 -1 -2 -2 -2 4753693 -2 -2 -1 -2 -1 -2 -1 -1 -2 -2 -2 -2 -1 -2 -1 -2 747846879 23482807 -2 -1 -2 -2 377632090 -2 -2 -1 -1 -1 -1 -1 -2 -2 -2
-2 -2 -2 -1 -1 -2 -1 -2 -2 -2 -2 -1 -1 -2 -1 -1 -1 -2 -1 -1 -1 -2 -1 -2 -1 -2 -2 -1 94285318 -2 -2 -2 -1 -2 -1 -1 -1 -1 -1 -2 -1 -1 -2 -1 -1
-1 -2 -1 -2 -1 -1 -2 -2 -1 -2 -2 -2 -2 -2 -2 -1 -1 316816027 -1 -2 243421102 -1 -2 -2 -2 -2 -2 -1 -1 -2 -2 -2 -2 -2 347431399 -1 -2 -1 -2 -2 -1 -1 -2 -2 -1
-1 -2 -2 -1 -2 961953730 -2 -1 -1 -1 -1 -2 -1 -1 -1 -2 -1 -2 451406470 -1 -1 -1 -2 -2 -2 -2 -1 356251778 -2 -2 -1 -1 -2 829410664 -2 -1 -2 -2 260449260 -1 -1 -2 -1 -1 -1
-1 -1 161159109 -1 -2 -2 -2 807453899 -2 -1 -2 -1 -2 -2 -2 -2 -2 -2 -2 -1 -2 -1 -1 -1 -2 -2 -1 -2 -1 -2 -2 -1 -2 317052378 -1 -1 -1 -1 -2 -2 -2 -2 -2 -1 -2
-2 -2 -2 -2 -2 -2 -2 -1 -1 -1 131090066 -1 -1 -1 -2 -2 -2 -1 -2 -2 -1 -2 140838078 -2 -1 -2 -1 -2 -2 30978837 -1 -1 -2 -1 -2 -1 -1 -2 -2 -2 -2 503788100 -2 -1 -1
