37 30
-1 -2 -1 -2 -2 -2 -1 -2 -1 -2 -1 -1 -2 -2 -1 143074149 -1 -1 344851115 -2 -2 -1 -2 -1 -1 -1 -1 -1 -1 -2
-2 -1 -2 -2 -1 -2 -2 -1 -1 -2 -2 -2 -2 -1 -1 -2 -1 690920899 -2 -2 -2 -1 -2 -2 -2 876390076 -1 -2 -2 -2
-1 -2 -1 -1 -1 -1 -2 -1 -1 -1 -2 -2 -1 -2 329081681 -2 -1 -2 -2 -1 -1 -2 -2 -2 -1 -2 -2 -2 -1 -2
-1 -2 -1 865372701 -2 -2 -1 -1 -1 -2 -1 -2 -1 366896924 -1 -2 -2 -1 -1 -2 -2 -1 -2 -1 -2 -1 151427191 -2 -2 -2
-2 -1 -1 -1 -2 -1 -2 -2 -1 -2 -2 -1 -1 -1 -2 -1 -1 -2 -2 134607274 -2 -2 -1 -2 -1 -2 -2 -2 -2 533531398
-2 -1 -1 -2 246228067 -1 -1 -1 -2 -1 -1 -2 -2 -2 -1 -2 969744434 -1 -1 -2 95596520 -2 -2 -1 598689243 -1 755303373 -2 -2 435971257
-1 -1 -2 -2 -1 -2 -1 -1 -1 -1 -2 -1 -1 -2 980619227 -1 -2 782885727 -1 -2 -2 849065469 -2 -1 791337719 -1 -1 -1 -2 -1
-2 -2 -1 -1 -2 -2 -2 -2 -1 -2 -2 -2 -2 655268427 440527814 -2 -1 -2 -1 -2 -2 -2 -2 -1 -1 -2 -1 -1 -2 -2
241025493 -2 -2 -2 -2 785862081 -2 -1 -2 -1 -2 -2 -2 -2 -2 -1 -2 -2 -2 -1 236168360 -2 -2 -2 -2 -1 -1 -2 -2 -2
-2 -1 -1 370378117 -2 -2 480196102 283575747 -1 -2 -2 -2 -2 -2 -1 -1 -1 -1 -2 -2 -2 200988608 -2 -2 -1 -2 -1 -1 -1 -1
-2 -2 -1 -1 795721336 -1 -1 -1 -2 -1 -1 -1 -2 -1 -2 -2 -1 -1 -1 -1 -1 -2 -1 -1 -2 -2 -2 -1 -2 -1
-2 -1 -2 -1 -1 -1 -1 -1 -1 -2 -1 -1 -1 -2 -1 930901570 66871679 -1 -1 -2 -1 611307650 -2 -1 -2 -2 -1 -1 -2 734520685
-1 -1 162676907 -1 -2 -1 -2 -2 -2 -1 -1 -2 -1 -2 -2 -2 928155678 -2 -2 -2 -1 -2 -2 -2 -1 -2 -2 -1 462626588 -1
-2 -1 -2 -1 -2 -2 -1 -1 -2 -2 -2 -2 -2 226745493 -2 -1 -1 -1 -1 -2 -2 933190533 -1 -2 -2 527421416 -2 -2 -2 -2
213393844 -1 -2 -1 -2 -2 -2 -2 -2 -2 -1 -2 -2 -1 736619227 75489526 211929227 -1 -2 -2 -1 -2 -2 -2 -1 -2 -1 -2 240701401 -1
-2 -2 -2 -1 -1 -1 -2 -2 -1 -1 223471049 -1 -2 -1 -2 -1 -2 -1 -2 37413494 -1 -1 -1 427336194 -2 -1 -2 -1 -2 -2
-1 -2 -2 -1 -1 -2 -2 -2 967256303 -2 -1 -2 -1 -1 653914233 120256324 -1 -2 -1 -2 -2 -2 -2 -2 -2 -1 -1 -2 -1 706250045
15365873 -2 737398916 -2 -2 -1 -2 -1 -2 -2 -2 -1 -2 -2 222323395 -2 -2 -2 -2 -1 -2 -2 -1 -1 -2 -1 -1 -1 -1 -1
-1 -2 -1 -2 -1 -2 -2 -2 -2 -1 -1 111697248 -2 -2 -1 -1 -2 -1 -1 -2 -1 -2 -2 -2 -1 91037277 -2 -2 -2 -2
-2 -1 -2 -1 -2 -2 -2 81897588 -1 -2 -2 -1 -1 -1 -1 -1 -1 -2 231993980 129723842 -2 -1 -2 -1 -2 -2 -1 -2 -1 -2
-2 -2 -2 -2 -2 -2 -1 -2 -2 -2 -2 -1 -2 -2 -1 -2 -1 -2 -1 -2 -2 23317598 -1 -2 -2 -1 -1 -2 -1 -2
-1 -1 -1 -2 235427830 -1 -1 -2 -2 -2 -2 -2 -2 -1 -1 -1 -1 -1 -1 -2 -2 -1 -2 966154240 -2 -2 -1 -1 -2 -2
-1 -2 -2 -2 -2 -1 -2 -2 -2 -1 -1 -1 -2 -2 68872111 -2 26786737 -2 88988754 -1 -1 -1 -2 -1 -2 -2 -2 391756654 626778305 -2
-1 -2 -2 -2 -1 -1 -2 -2 -1 -2 -2 -1 -2 -2 -2 -2 -1 -2 -2 5879189 -2 -1 -2 -2 -2 -2 -2 -2 158588885 -2
-1 -2 -2 -2 -1 -2 -1 -1 -1 -2 -1 -2 -2 -1 -2 -1 -2 973481175 -1 -1 -2 -2 -2 -2 -1 -1 -2 -2 -2 -2
-2 -2 -1 -2 -2 -2 -2 -1 -2 -2 -2 -2 -2 -1 -2 -2 -2 -2 -2 -1 -2 -1 -2 655041637 -1 -1 -1 -2 822226463 -1
-1 -2 -2 -2 -1 -1 10608107 -1 -1 -2 -2 -2 613940166 -2 -1 -1 -2 -2 -2 790996397 -2 -1 -1 -2 -1 -2 -2 -2 -2 -2
-1 -2 -2 -1 -1 570047003 -2 -2 -1 849471002 492155706 -1 -2 -2 -2 -2 -1 -2 -2 76815868 -2 -2 -2 -2 -2 -1 -2 -2 -2 -2
-1 -2 -1 -2 -2 -2 -1 -2 -2 -1 -1 -1 -2 -2 -1 -2 -1 468771191 616075848 -1 -1 -2 -1 -1 -1 -2 -2 -1 -2 50424229
-2 -1 -2 -2 -2 -2 -2 -1 -2 -2 -2 -1 -2 -1 -1 -1 -2 -1 -1 -1 -2 -2 -1 163999422 -2 -2 -2 -1 -1 -2
392126129 -1 -2 -2 -1 -1 -1 -2 -2 -1 -2 -2 -1 873665749 736734845 60077668 -2 163064214 -2 -1 -2 -2 -2 -1 6020865 -1 -2 -2 -1 -1
-2 464253827 -1 -1 -2 603413608 -2 -2 -1 -2 -2 303433185 -1 -1 -1 -1 -1 -2 -2 -1 -1 -2 -1 -2 -2 -2 201791985 -1 808826146 816833824
-1 -2 294496365 -2 -1 -1 -1 -2 -1 -1 -2 -2 -2 -2 -1 -1 -2 -1 -2 838838796 -1 -1 -1 -2 204062550 316451522 -2 -1 -2 -1
-2 -2 -1 -1 -1 -2 203830099 -1 -2 -1 338976378 -2 -1 -2 -2 -1 -2 -2 513061449 -2 -2 -2 -1 879074629 -2 -1 -2 227195803 -1 -2
-2 -1 -2 228710947 -2 -2 -2 -1 402733381 -1 -2 -1 737384280 -1 -2 -1 -2 -2 -2 -1 -1 -2 -1 -2 -2 -1 -2 -2 918012877 -1
-2 -2 -2 -2 -2 -1 842171462 -1 -2 -2 394311460 925713225 -2 -2 -1 -2 -1 -1 -1 -1 -1 -1 -1 -1 -2 -2 -1 -2 683996161 -2
-1 -1 -2 -2 -2 -2 -1 -1 -1 -1 -1 871691015 -2 -1 -1 -2 -2 554675417 -2 377848482 -1 -1 -2 -1 -2 -2 -2 -2 -2 -1
