148 142
-1 -1 -1 -2 -1 -1 -1 -1 -1 -2 -1 -1 528130996 -2 -2 -1 -2 341028861 -1 -2 -2 328111142 -1 -1 -2 -1 -1 612946534 -2 87554687 -2 -2 -1 -1 -2 -1 -1 -1 -1 -1 -1 -2 -1 -1 -2 -2 -2 -1 -2 -1 496842449 -1 -2 -1 -1 -1 -1 -1 -2 -1 -2 -1 281189429 -2 -1 -1 -2 945600170 -2 -1 -1 -2 -2 -1 -2 -1 -2 -1 -1 -2 -2 -2 -1 -2 -1 -1 -2 -2 -2 -2 -1 46924638 -1 -2 -2 -2 192326276 193312957 -1 340289408 -1 -1 -2 -2 -2 -2 -1 -1 -2 -1 -2 -1 -2 -2 -2 -2 -1 -1 -1 -2 -2 -2 -1 516175870 -2 -1 -1 -2 68145784 -2 -1 -1 -1 -2 -2 492307557 -1 485405791 -1 -1 -2 -2
-2 -2 -1 -1 -2 -1 -1 -1 -2 -2 -1 -2 -2 -1 -2 -1 -1 -1 -1 -1 182273843 -1 -1 -1 -1 -1 -2 -2 -2 -1 -1 545340449 -1 -2 -2 -2 -2 -1 -2 -2 -1 -1 205789306 -1 127679739 -2 -1 292705399 -1 -1 859840799 -1 343303245 -2 -1 -2 -2 405859487 -1 -1 -1 -2 -2 724264487 -1 -1 -2 -1 -1 -1 -2 -2 -2 946665516 -1 -2 -1 -1 -2 -1 -2 -2 -1 -1 -2 575411024 -2 395338848 -2 -2 -2 -1 -1 -1 -2 -1 -1 -1 355804830 -1 -2 -2 -1 -2 -1 -2 -1 -2 -2 -1 -1 -1 -2 -2 -1 -2 -1 -2 -1 -1 -1 -1 -1 -2 -1 460679065 -1 -1 11378859 -2 -2 -1 -1 -2 -2 -1 -2 -1 -1 -2 -2 -2
-2 -2 -1 -2 -2 -2 -2 -2 -1 -2 -2 -2 -2 -1 -2 -1 -1 -2 -1 -2 -2 -1 -2 -1 -1 -1 -2 -1 -1 698553271 -2 -1 767714711 -2 -2 865805343 -1 -1 -1 -1 -1 -2 -2 404529910 -2 -1 -2 -2 -1 -2 -1 617098937 819577114 -2 -1 -2 872645422 -1 -2 -1 -1 -2 -2 -2 -1 -2 -1 -1 -1 -1 -2 -2 -1 -1 -2 -1 -1 -1 -1 -2 -1 143446065 -1 -1 -2 -2 -2 161927205 -2 -2 -2 -1 -1 -1 -2 -2 -1 -1 773532098 -2 -2 -1 -1 -1 460280872 -2 -2 262912718 -1 -1 -1 -1 293511669 -2 -1 -1 -2 -1 -1 -2 -1 -1 -1 -1 -2 850631999 -2 -1 -1 -1 -1 -1 -1 -1 -1 -2 -1 -1 -1 -2 -2 -2
-2 -2 -1 -2 -1 -1 -2 -1 136574435 -1 -2 -2 -2 -1 -1 -2 -2 -1 -2 -1 -2 -2 -2 -2 -1 -1 -2 -1 -1 -2 -1 -1 -1 -2 -2 -1 -1 -2 154988737 -2 -2 -1 -1 -2 -2 -2 -2 912124996 -1 40935561 -1 -1 -1 -2 -1 -1 -1 -1 -1 -1 -2 -2 -2 -1 -2 -1 680155164 -1 -2 -1 -2 -1 -1 -1 -1 -1 931265395 -1 -2 -2 -1 -1 -1 -1 -2 895919587 -1 -2 -1 -2 -2 -2 -1 -1 -1 -1 -2 745191479 -1 -1 -2 -2 -1 -2 -2 -2 -2 -1 258614213 510909174 -1 -2 -1 -1 -1 -2 -2 -2 -1 -1 -2 -1 62622562 244833515 -1 -1 -2 -2 -1 -1 521855673 -1 -2 -2 -1 -2 -2 -2 -1 -1 -2 -2
-1 -2 -2 -1 -1 -2 -2 -2 -2 -1 -1 -1 -1 937307706 -1 -2 -2 -2 -1 -2 -2 -1 -1 -1 347585194 -1 79310528 229977479 -1 670937704 -1 -1 -2 -2 -2 -2 -1 -2 -2 -1 -2 -1 -1 436365226 -1 -2 -1 -1 -1 -2 -2 -2 -2 -1 -1 -1 -2 -2 -2 -2 -1 -1 -2 -1 -2 -1 -1 -1 -1 208406737 -2 -2 -2 -1 -2 -1 -1 -1 -2 -1 -1 -1 -2 -2 -2 -1 -1 -1 -2 -1 -2 -2 829533958 -2 -1 -1 -2 -1 -1 -1 54613460 -2 -2 -1 -2 -2 570898197 -1 -1 -2 -1 -2 -1 -2 -1 -1 -2 -2 857638725 -1 -1 -1 -1 -1 -1 -2 -1 -2 -1 -1 -1 -2 -1 -2 -1 -1 -2 -1 -1 -2 -2 -2
-2 -1 -1 -2 -2 -1 -1 -1 -2 -2 -1 -2 -1 -2 -2 -1 -2 -2 -1 -1 -1 -1 -1 -1 -2 -2 -2 -2 -2 -2 -1 -1 -1 376844987 -1 -2 987903748 114740338 -1 -2 -1 -2 101984139 -1 -2 -2 -2 201457300 -1 -2 -2 -1 -1 -1 987616356 -2 -1 -2 -1 -1 -1 -2 -2 -1 -2 -2 -1 -1 -2 -1 -2 -2 -1 -1 -2 -1 -2 -1 -1 -1 -2 -2 -2 -2 -1 -1 -2 -1 -1 -1 -1 -2 -1 -2 -1 -1 -1 -1 -1 -2 -1 -2 -1 -1 -1 941439025 -2 15324805 -1 -2 -2 -2 -1 -2 -2 -2 -1 191052382 913256553 -1 -1 -1 434950314 -2 -2 924672966 -2 -2 -1 -2 -2 -2 -2 -1 -2 -1 -1 -2 -1 -2 -1 -1
-2 -2 -1 -1 -1 -1 109776013 -1 -2 -1 -1 -1 -2 -1 613184485 -1 -1 -1 -1 -1 104509172 -1 -2 798668553 -2 -2 422110135 -2 -2 -2 -1 504184243 -2 -1 -1 -2 -2 -2 -2 -1 -2 253427966 -1 -1 -1 -2 -1 -1 -2 -2 -1 -1 460892192 -2 -1 -1 -2 -1 -1 -1 -1 -2 -2 -2 -1 -1 -1 -1 -2 -2 -2 -2 -1 -1 -2 -2 -2 -1 -2 479187794 -1 -1 -1 -2 -2 -2 -2 -2 -1 -1 -2 -2 -1 -1 -2 -1 -1 -1 -1 -1 -1 -1 -1 -2 -1 -1 -2 -2 -2 -2 -2 -1 -1 -2 -2 -1 -2 -1 -2 -1 -1 -1 -1 -2 -2 388210423 -1 -2 -2 -1 -2 -2 -1 -2 -2 -1 -1 -2 -1 50646640 -1 -1
-1 -1 -2 -1 -1 -2 -2 -2 -1 -2 -1 -2 -2 -2 -2 -1 -2 -2 -1 -2 -1 -2 -2 -2 -2 -1 -1 -2 -2 -1 -1 -2 -1 -2 -1 -1 -1 -2 -1 -1 -2 -1 -1 -1 -1 -2 -2 -2 -1 76793199 -1 -2 -1 922947431 -1 -1 -1 -2 -1 -2 -1 -2 50175538 -2 195717033 -1 -1 -2 -2 -2 -2 -1 -1 -1 -1 -1 -1 -2 -2 -2 -2 -1 -2 -1 -2 -1 -2 -1 -1 -1 -2 907151647 336747616 -1 -1 -1 -1 -1 -2 -1 -1 -1 -1 -1 -2 -1 -2 645007629 -2 -2 -1 -1 -2 776789184 -2 -1 -1 -2 -1 87711493 -1 -1 -1 -2 -1 -2 -1 -1 -1 -1 36641450 -1 -2 -1 81140653 -1 -1 -2 -2 -1 -1 -2
-1 -1 -2 -2 -2 -2 48287602 -2 -2 -1 -2 -1 -2 -2 41677328 -2 -2 -1 -2 -1 -2 -2 -1 -1 -2 -2 -1 -2 -1 -2 -1 -2 -2 -2 -1 -2 -2 -2 -2 -2 -2 807461805 -1 -1 -1 -2 -2 -1 -1 -1 -2 -2 -1 -2 -1 -2 -2 -2 -1 -1 -2 -2 -1 -2 -1 -2 -2 -2 -1 -1 -1 -1 -2 -2 -1 -2 -1 -2 -1 -1 -1 -1 309369891 -1 -2 -2 -1 -1 -1 -2 -2 -1 -1 -1 -2 -2 -1 -2 -2 -2 -2 -1 -1 -2 -2 -1 -1 -1 -1 -2 -2 -2 274044585 -2 -1 118720678 -1 -2 -1 -1 -1 -1 -1 -1 -1 -1 -1 -1 -1 -1 -2 -1 -1 -1 -1 -1 -1 -2 -2 -1 -1 -1
-2 -1 -2 -1 -2 -1 -2 -2 -1 -1 -2 -1 -2 -2 238415240 -1 -2 433813409 -2 -2 -1 -2 -1 -2 -2 154118324 276589039 -1 -1 -2 -2 -1 -2 -1 -2 -1 -2 -1 -2 -2 -1 -2 -1 -1 -1 -1 -1 -2 -1 -2 -1 -1 -2 -2 -1 -1 -1 -1 -1 -2 -2 -2 -1 -2 -1 -1 -1 -2 -2 -2 -1 -2 674986713 -1 -1 -1 690284269 -1 -1 -2 -2 -1 564416558 -2 -2 -1 -2 -2 -2 -2 -1 117685801 60288986 -2 -1 -2 -1 -1 -2 -1 -2 -1 -1 -1 -1 -1 837788383 -1 564797058 630128157 -1 -1 -1 788168532 -2 -1 -2 -2 684090582 -2 -1 -1 -2 -2 -2 -1 -1 -2 -2 -2 -2 -1 -2 -2 -1 -1 -2 -2 -1 -2 -1 -1
-2 -1 -2 -1 127716006 -2 -1 -1 -2 882646277 -1 -2 -1 308732964 -1 998192348 -1 -1 -2 -2 -1 -2 -1 -1 -1 -1 197799880 525107894 -2 -1 -1 948911627 -1 -2 -2 -1 -1 -2 -2 -2 -1 -1 -1 -2 -2 -1 -1 -1 -2 -2 -2 -2 -2 -1 -2 -1 -2 -1 -1 -1 -1 -1 6067995 -2 -2 -1 625901309 -2 -1 -1 -1 -1 -1 -1 -2 -1 -1 -1 99666007 -1 -1 227057729 -2 -2 -1 -1 -2 -2 -1 -2 -2 -2 -1 -1 -2 -1 -2 -2 -2 -1 -1 -1 -1 63980255 -1 -2 -2 -1 -1 -1 -1 -2 -2 -1 -2 -2 -1 -2 -2 -1 -2 -1 -2 -1 -1 -1 -2 -1 -1 -1 191693468 -1 -2 -2 -1 -2 -2 -2 -1 -1 -1 -1
-2 -2 -2 -1 -1 479473106 -1 -1 -1 -2 -1 551769348 290888859 -2 -1 -1 -2 -1 -1 661083549 -1 -1 -2 -2 670050534 -1 -1 -2 -1 -1 -2 110328950 -1 -2 -2 -1 -1 -2 -2 -2 -1 -2 -1 -1 -1 -1 -1 -1 -2 -2 -2 -2 522666486 -1 190942512 -2 -2 -2 -1 -1 -2 -1 -2 -1 -1 -1 468900372 -1 -1 -2 -1 -1 -1 -2 -2 -2 -2 -1 -1 -1 -2 -1 -2 -1 52585856 -1 -2 -1 -2 -1 -2 -1 -2 -1 -1 -2 -2 -2 -1 -1 -1 -2 -2 -1 -2 -2 -1 -1 -1 -1 -2 -2 -2 -2 -2 -1 -2 -2 -1 -2 355020544 -2 -1 568189855 -2 -1 -2 -2 -2 -1 -2 717959243 -2 -1 -1 -1 -2 95730493 -1 -1 -2 626453200
-1 -1 -2 -2 28574146 -2 -2 -2 -2 -2 -1 -1 -2 -1 -2 -1 -2 -1 -2 -2 -1 -1 -1 -1 220596900 -2 -1 616121541 -1 -2 -1 -2 -2 -2 -2 -2 -1 -2 -1 -1 -2 -1 -2 -1 -2 -2 -2 -2 -2 -1 -2 123821704 -1 -1 -1 -1 -1 628200256 -2 70685675 -1 -2 -2 -2 -2 -1 -2 -1 -2 -1 -1 840871238 -2 -1 -2 -1 -1 -2 949019306 -1 -2 -2 -2 -2 -1 -2 -1 -1 -2 -1 -2 -1 -1 -2 -1 -1 -1 -2 -1 -1 -2 -1 -1 -1 -1 -1 -1 -2 -2 -1 221839375 -1 -1 -1 -1 -1 -2 -2 -1 -2 -2 -1 -1 974191195 -1 -1 -1 -2 -2 -2 -1 -2 419689460 -2 -1 -2 -2 -1 -2 -1 600967553 -2
-2 -1 -1 -2 -1 -2 -2 -2 -1 -2 -1 -2 -2 -1 -2 -1 -2 -1 -2 -1 -1 -2 273007488 -2 -1 -2 -1 -1 -1 -2 -1 -2 757259834 -2 -1 477208034 -1 -1 -2 767170799 -1 -1 363285506 -1 -1 -2 -1 -2 -1 371630604 409756247 -1 -2 -2 -1 -1 -2 -2 -1 -2 -1 -2 -2 -2 -1 -2 -1 -1 -2 -2 -2 115281456 888346759 -2 -1 -2 147431828 -1 -2 -1 -1 209901425 -2 -1 -1 -2 -2 -2 -2 -1 -2 -2 -2 -2 -1 -1 -1 -2 548972405 -1 -1 -2 -2 -2 -1 -2 -2 -1 -1 84175487 -2 -2 -1 -1 -2 -2 -1 -1 -1 -1 -2 -1 -2 -1 -2 -1 -1 -1 -1 -1 -2 -1 -1 -1 -2 -1 -1 -1 -1 -1 -1 -1
-2 -1 203328255 -2 -1 -1 -1 -2 -1 -2 -1 -2 -2 -1 -2 -2 -2 -2 -1 -1 445994155 -2 -2 -2 -1 -1 -1 -1 107321843 -1 -1 -2 -2 -1 -1 -2 -1 -2 -1 -1 130172290 -2 -2 -1 -2 -2 372879673 -2 400539140 -1 -1 -2 85371104 -1 -2 -1 -1 -2 -2 -1 -2 -2 -1 -1 -1 -1 -2 -1 -1 -2 -2 -1 3834701 188399573 -2 -2 -1 -1 448050257 -2 718099535 -2 -1 -1 -1 -1 -2 -1 -1 -1 -2 -2 -1 -1 -1 -2 -2 321512265 -2 -1 -1 -1 -1 -2 -2 -1 -1 -1 -1 -1 -1 -1 -2 -2 -1 -1 -2 -2 -1 -1 -1 -1 -2 -2 -1 -1 -2 -2 -2 -1 -1 -2 -1 -1 305653029 -2 -1 -1 -1 -1 -1 -1
-1 -2 -1 -1 -2 -2 -2 -2 -1 -2 -1 892463205 -1 -2 -1 -2 -1 -1 -2 -1 -1 -2 -1 -2 -2 -2 -2 -1 -2 -1 -2 -2 -2 -1 -2 -2 -1 -2 -2 -1 -1 -1 -1 -2 -1 -2 -1 -1 -1 -2 -1 -1 -2 -2 -2 -1 -1 -2 64747519 938488216 -1 -1 -1 -1 -1 -2 83953209 -2 -2 823016472 713548926 -1 -2 -2 -2 -2 -1 -1 -1 -2 -1 -2 -1 -1 -2 -2 -2 -2 -2 -2 -1 -1 -2 -2 -2 -2 -1 -1 639324198 957052672 620391115 -1 141482345 -1 158198840 -2 -2 -1 -1 -1 531965219 -2 -1 -2 -1 793524089 -1 -1 -1 -1 -2 -1 -1 -1 -2 -2 -2 809064633 -2 -1 -1 -1 -2 -2 -1 -1 -1 -2 -1 -2 -2 -1
-2 -1 -2 -1 -1 -1 -1 -1 -2 -1 -1 -1 -1 102118726 -1 -2 144591298 -2 507435848 -1 -1 -1 -2 -2 12446532 -2 -2 -1 -1 -2 -1 -1 -1 -1 -1 -2 -1 -1 -2 -1 -2 -2 -1 -1 -1 -2 -1 -1 -1 -1 -2 -1 -2 -1 -2 -1 -1 -1 -1 -2 -1 -2 -1 -2 -2 -2 -1 -1 636446508 5238537 -1 -1 -1 -2 -2 -1 -2 62634494 -2 41645883 -1 808850509 -2 -1 -1 -2 -1 115878877 -2 -2 -2 -2 -2 556502365 -2 -2 99666465 -1 -2 688470031 -2 -2 -2 -2 -2 -1 -1 -1 94191570 674032680 14123588 -2 -2 -2 -2 -1 -1 -2 215297730 -2 -2 -1 -2 -1 -2 -2 -1 -1 -2 -1 -1 -2 -2 -1 -1 -2 -1 -1 -2 -1 -1 -1
-2 -1 -1 43148130 -1 -2 -2 -1 -2 924940279 -1 127340708 -1 -1 -2 -1 -1 -2 -2 -2 -1 195910079 309490869 -2 -2 -2 -1 -2 -1 -2 -2 -2 -2 -1 -1 -2 -1 -2 -1 -2 -2 490536375 -1 -1 -1 -2 -1 -1 421562812 -1 -2 725463463 -1 -2 22746943 -1 -2 -1 -1 -2 -1 41478195 -1 -2 -1 -2 -1 -2 -2 -1 -1 -1 -1 -2 -2 -2 -2 -2 -2 275014117 -2 -1 92043119 -1 -2 -1 -1 -2 -1 -2 -1 -1 -1 -2 -1 -2 -2 -2 -1 149286196 -1 -1 -1 -1 -2 -1 -2 824247236 -1 -1 -1 -1 -2 -1 -1 -1 -2 -2 -1 -1 -2 -1 -2 -2 517737468 -1 -2 -2 -1 -1 -2 -2 34274235 -2 -1 -1 -1 304849194 -1 -2 -1 -2
-1 -1 -1 -1 945437209 -2 -1 -2 -2 -1 -2 -1 835046466 -1 396827246 -1 -2 -1 -2 -2 55534329 -1 -2 -2 -1 -2 -2 -2 990416942 -1 -2 -1 47366115 -2 -1 -2 -2 -1 -2 -1 -2 -1 -1 -2 -1 -1 -2 -1 -1 -1 -2 -1 -2 -1 -2 -2 -1 -2 -2 -1 -2 -1 -2 -2 -2 -2 -2 -2 -1 -1 -2 -1 -2 -1 -1 -1 -1 -2 -2 -2 -1 -2 -1 -2 -2 -1 -2 -1 -2 972116821 968743317 -2 -1 -1 -2 -1 -2 -1 -1 -1 -1 -1 513860089 -2 -2 -1 -1 648562477 497296742 -1 -1 -1 -2 -2 259693398 -1 -2 -1 371830103 -1 -1 -2 -2 -1 -2 -2 -1 -2 -1 -1 -1 -2 -1 -1 -1 -1 432155763 -1 -1 -1 -2 -2
-2 203291562 -2 -1 403752845 -1 -1 -1 -1 -1 -1 -1 -2 885975388 -2 -1 -2 -1 840277044 -2 -1 -1 -1 813363049 -1 -1 -1 88128536 -1 -2 -1 421417068 -1 373658217 -1 -1 -1 -1 -2 -1 -2 -2 -2 -1 -1 -2 -1 -2 -2 -1 -1 -2 -1 -2 -1 -1 -2 -2 -1 -1 -2 -2 -2 -2 -2 693715087 -2 -1 -1 -2 -2 -2 -1 -1 -2 -2 -2 -2 -2 731032995 784133358 -1 -1 -1 -1 -1 -1 -1 -1 -1 765445683 -2 259943221 -2 -2 -1 -2 -1 -2 -2 -1 -1 -1 -2 -1 -2 -2 -2 -1 -2 -2 115449910 31291579 -1 -2 -2 -2 714987191 -2 -1 -2 -1 -1 145053745 -2 -1 273028809 364131006 -2 -1 -2 -1 -1 -1 -1 -1 -1 -1 -2 -1 961445363 -1
-2 -1 -2 -2 -1 12180717 -1 -1 -1 -1 -2 -1 -1 -1 -2 -2 -2 -2 -1 -2 -1 -2 918374150 -2 -1 -2 -1 -1 -1 -1 -1 -1 -2 -2 -1 -1 -1 -1 -2 -2 -1 -1 -2 -1 -1 -1 -1 485842054 -2 -1 -1 -1 -2 -2 926494296 -2 -2 -1 -2 -2 -2 -1 -1 -1 -1 -2 -1 -2 -1 535719959 -1 -1 -2 -1 -1 -1 334065537 -1 -1 -2 562861479 -2 -2 284147505 -1 -1 -2 -2 -1 -1 -2 -1 -1 -1 -1 -2 -1 548999060 -2 -2 -1 -1 -1 -1 -2 -2 -1 -2 -1 -2 -2 -2 -2 100206760 -2 -1 -1 -2 -1 -2 -2 -1 -1 327674615 -1 509472660 -1 -1 547027086 -1 -2 -1 -1 -1 -1 -1 -2 -1 -1 -2 -1 -1
-2 178824996 249227300 -1 98075888 -2 -2 -1 -1 -1 -1 -2 -2 -1 -1 -2 -1 -2 806270452 -1 -2 -1 -2 -2 103288987 -1 -2 -1 -2 -1 -1 -2 -2 -2 -2 -1 -1 -1 -2 -2 -1 -2 452147075 -2 -1 -1 996243655 -2 -2 -2 -1 -1 -1 -1 -1 -2 -1 95555267 -1 -2 -1 -1 360485452 -2 -2 -2 -1 -1 -1 -2 -2 -1 -2 -1 -1 -2 -1 -2 -2 -2 357024372 -2 -1 -1 -1 -2 -1 -1 -1 -1 -1 -1 -1 -2 -1 -2 -2 -1 -2 -2 -2 -1 -1 -2 -2 -2 -2 -1 -1 -1 -1 984267700 426837088 -2 -2 -2 -2 -1 -1 -1 -2 -1 -1 -1 210137580 -2 -1 -1 -2 -2 38283194 -2 -2 -1 -1 -1 -1 -1 -2 -2 -1 -1
-2 -1 -1 -1 158075364 590181335 -2 -1 -2 -2 -2 -2 -2 -2 -1 -2 -2 -1 873306242 -1 -1 -2 810272483 -1 -2 -1 -1 -1 -1 -1 -2 366733796 -1 -1 -2 -2 931150919 -1 -2 -2 -2 -1 796600245 -2 -1 822381677 -2 -2 390447258 -1 -1 674950518 -1 -1 -1 -1 -1 -2 -1 -1 -1 -2 -1 -1 -1 -1 -2 -2 -2 185378096 -2 -1 -2 -1 -1 -2 -2 -2 -1 -1 -2 -2 52145968 -2 44000474 -2 -1 -2 -2 -1 -1 -2 -2 -2 -1 -1 -1 -1 -1 -2 -2 -1 -1 -1 460523359 -1 -2 -1 -1 -2 -1 -1 -2 -1 -1 -1 -1 -1 -2 -1 -2 -2 -2 -1 -2 -2 -1 -2 -2 -1 -1 -2 -2 -2 245726284 -1 -1 -1 -2 -1 556049090 161330425
-2 55184522 -2 -1 -1 -1 -1 -1 373705390 -1 -2 -1 -2 -1 -1 380474780 -1 -2 -1 -1 -2 -2 -1 -1 -1 112435138 -1 -1 -2 -2 -1 -1 -2 -1 -1 12582197 -1 -2 -2 -1 325726995 297050943 -2 479372874 -1 -1 -2 -1 -1 -1 -2 -1 -1 -2 319595533 -1 -2 -2 -2 -1 -2 -2 -1 -1 -2 -2 -1 -1 -2 -2 272275076 -1 -1 -1 -2 -1 -1 -1 -1 -1 -2 -2 -1 -1 -1 -1 -2 -1 -1 -1 -1 -1 -1 -1 -1 -2 -2 -2 -1 -1 -1 -2 -1 -2 -1 -2 -2 180300190 -1 -2 -2 -1 -2 -2 -2 -1 -1 -2 -1 -1 -2 -1 -1 -1 -2 -2 -2 -1 -2 -1 -1 -2 -2 -1 -2 999503047 403515127 -1 -2 -1 -1 -1
-1 -2 -2 -2 -2 732034094 -1 -1 -2 -2 259844485 64303833 -2 -1 -1 -2 -1 -1 -1 -2 -2 -2 -2 -1 -1 -1 -1 -1 -1 -2 -1 -1 -1 -1 922833347 -1 -2 -1 -1 -2 -1 -1 -1 -1 -1 -2 -1 -2 -1 -2 -2 -2 -1 -2 288738728 -2 -1 -1 -2 -2 -1 788077686 -2 -1 -1 -2 -2 -1 -2 -1 61960404 -2 -2 -2 -1 -2 376881983 -1 835910721 -1 -2 -2 -1 -1 -1 -2 -1 -1 -1 -2 -2 -2 -2 -1 -2 -1 -1 -2 -2 -1 -1 -1 -2 -2 -2 -1 -2 -1 -1 -2 -1 879653042 -1 -2 -1 -1 -1 -1 -2 -1 -2 217911118 -2 -2 -2 -1 -2 -1 -1 -1 -1 -2 -2 -1 -1 -1 -1 517252074 -2 -2 935370331 -1
-1 -1 -1 -2 -2 -1 -1 859741026 -1 -1 -2 -2 -2 -2 -1 -2 -2 -2 -2 -2 -2 -1 -2 -2 -1 -1 -1 -1 -2 -2 -1 -1 870156569 -1 -2 -2 -1 -1 -1 -1 -2 -1 -1 -1 -2 -2 -2 -1 -2 -1 -2 -1 -1 -1 344895982 621160144 -2 -2 -1 -1 -2 -1 -2 -2 -1 -1 -1 -1 -1 -1 -1 -1 -1 266283323 -1 -2 -1 -1 -2 -1 -2 -2 -2 131560725 -2 -1 -1 -1 -2 -2 -2 -2 -2 -2 -1 -1 -2 -1 -1 -2 -1 -2 -1 -1 36594720 -2 -2 -1 -1 -2 -2 -1 -1 -1 -1 -1 -1 -1 404984739 -1 -2 -1 -2 -2 -2 -1 -1 963313613 23406410 -1 -1 -1 -1 310617133 -1 -2 -1 -1 -2 -2 -2 -1
-1 -1 -1 -2 -2 -1 -2 -2 138610321 -2 -1 -2 -2 925406029 -2 -1 -1 -1 -1 -2 -2 -2 -1 -2 -1 -2 -1 -1 -1 -1 -1 -1 270293525 -1 -2 -2 -2 -1 -1 -2 -1 -2 -2 -2 -1 -1 -2 -1 -2 -1 -2 -2 -2 -1 -1 -1 -2 -1 -2 -2 -1 962550338 -2 -1 -2 -2 -2 -1 -1 -2 -1 -2 -2 -2 -1 -1 -1 -1 -1 -1 -2 -2 -2 -1 -2 -2 -2 -2 -1 -2 -2 -1 -2 -1 -2 -1 -1 -2 869826224 539849941 -1 -1 -1 -1 -1 -1 -2 -1 -2 -2 -2 -2 -2 -2 -2 -1 -1 -1 -1 -1 -1 -1 -1 914354668 303735402 -2 -2 -1 -1 -1 -2 -1 -1 -1 -1 -2 -1 -2 -1 -1 -2 -1
-1 -1 -1 -1 -1 -1 335618163 -1 -2 -1 -2 -2 -1 -2 -1 -2 -2 343404399 -2 -1 -1 -1 246138630 -1 -2 -1 -1 -1 -2 -2 -2 884648554 -2 -1 -2 -2 -2 -1 -2 -2 -1 -2 -1 -1 -2 -1 -2 -2 -2 -2 -1 -2 -1 -2 -1 -1 586480856 -1 -2 -2 -1 -2 4615863 -1 -2 -2 -1 -1 -1 -2 -2 -2 -1 -2 -2 -2 -2 -2 -1 -1 -1 -1 -2 -2 -1 -1 -2 -1 -1 -1 84422396 -2 -1 -2 -1 -2 -2 -1 -1 -1 -1 -2 -1 -2 -2 -1 -2 -1 -2 -1 -1 -2 811769871 -2 -1 914036492 -1 -2 -1 -1 207963982 -2 -1 -2 -2 -2 5991161 -1 133428494 255979987 -1 -1 -1 -1 -1 -2 -1 290345606 -1 -2 63635398 -2
-2 -2 -2 -1 -1 -1 -1 -2 -1 -2 -1 -2 -1 -1 537842572 -2 -2 -1 -2 -1 -2 -1 -2 -1 -1 -1 -1 -1 -1 -2 -1 -1 -1 -1 -1 -2 -1 -2 -2 -2 -1 -1 -2 -2 -2 -2 -1 -1 -1 -1 -1 -2 -2 674593182 -1 -1 -1 -1 500787526 -1 -1 -1 -2 -1 -1 -2 -2 992827260 1039157 -1 -2 -2 -2 -2 -1 -1 -2 -1 -2 -2 -1 -1 -1 -2 -2 -2 -1 -1 -2 -1 -2 -2 -2 -1 -1 -2 -1 -1 -2 -2 -2 -1 -2 -2 -2 -2 -2 -1 -1 936342892 -1 -1 -1 -2 -1 -1 -2 -1 -1 -2 92200111 48327661 976555206 -1 -1 -1 -1 -2 -1 -2 -1 -2 -1 -2 -2 -2 -1 -1 -2 69580344 -1 -2
50587001 -2 -2 -1 -1 -1 -2 820465417 -2 -1 -2 -1 955088402 -1 -2 -1 -1 -1 693630439 -2 -1 -2 -2 -2 -1 -1 -2 -1 -2 -2 -2 -1 -2 -1 -2 -1 -1 -2 -1 -1 -2 -2 -2 -2 -1 -1 -1 -1 -1 -1 -2 -1 -2 -2 -1 -2 -1 -2 -1 -2 -2 -1 -1 -1 -1 -1 -2 -2 -2 -1 751555964 -2 118521196 -2 -2 -1 -2 -1 -1 -2 -2 -1 -1 -2 -1 -2 -2 -2 -1 961908036 -2 -2 -2 -2 -1 -2 -2 -2 -2 -2 -1 -1 14007582 -1 -2 -1 -2 -2 -1 -1 -1 -2 -1 -2 -2 563474120 -1 399852958 -2 344085053 -1 -1 -1 261198069 -1 -2 -2 -2 -1 -1 -2 -1 -1 -1 -2 -2 -1 -1 -1 -1 -2 -1
-1 -2 -1 -1 -2 830888061 -1 -2 -1 -2 -1 -1 -1 -2 -1 -1 -1 -1 -2 -1 -2 -1 -2 -1 -1 -2 -2 -1 -2 -2 -2 -2 -2 -1 -1 -1 -1 -2 -1 -1 -1 -1 26505320 -1 -1 -1 -1 -2 77340325 -2 -2 -2 624508273 -2 -1 -1 745723981 55955968 -1 -1 -2 -1 -1 -2 801897700 -1 -1 -2 -1 -1 -1 -1 -1 -2 -2 -1 -1 -1 -1 -1 -1 -1 -1 -1 -1 -1 -1 -2 -1 739807922 -2 -2 -1 -1 -2 -2 -1 -2 -2 -2 -2 -1 -2 -1 -1 -1 -2 -1 -2 -1 -1 -2 -1 -1 -2 -1 -2 -1 -1 -1 240489583 -1 -2 -2 -2 -2 -2 162634851 -1 397347716 473987651 -2 -1 -2 -1 547505080 -1 -1 -1 -1 -1 -1
-1 -1 -1 -1 -1 886575542 -1 -2 -1 -1 -2 -1 -1 -2 -1 -2 -2 -1 -2 -1 7787934 -2 -1 -1 -1 485665415 -1 -1 -1 -1 -2 -1 -2 471582173 -1 74752942 -2 -2 -2 -2 -1 -1 -2 -1 -1 -1 -1 173983452 -2 -1 -1 -2 -1 -2 -2 -1 -1 -2 -2 -2 -1 -2 -1 -1 477389187 -1 -1 -2 -1 -2 -1 -2 -2 477183776 -1 -1 -2 -2 -2 -1 -2 -2 -1 -1 -1 -1 -1 -2 -1 -2 -1 -1 -1 -2 -2 -1 -1 -2 -1 264178356 -1 -2 -2 -2 -1 255590769 -1 -1 -1 -1 -1 -1 -1 -2 -1 -2 -2 -2 810604264 -2 -1 -2 -2 -1 538010862 -1 977769702 -1 948379382 -2 -2 -2 672824360 -2 -2 -1 -1 -2 -2 -1 -1 -1
-2 -1 -1 -1 -2 949420338 -1 -1 -2 -2 -2 -1 -2 -1 -2 -1 -1 -2 -2 -2 -2 335757953 -1 -2 -2 -2 -1 -1 -1 -1 -1 -1 -1 -1 -2 -1 -2 762325910 -1 -2 -2 -2 -1 860384177 -2 -1 -2 -1 403539509 -1 -2 -2 -2 -2 -1 -1 -2 -1 -2 -2 -1 -1 -1 -2 -2 -1 -1 488043021 75994176 -2 -1 -1 -1 581375449 -1 -1 -1 -1 -1 -2 -1 -1 -2 -1 -1 -1 -1 -2 -2 -1 -2 -2 -2 828818582 411032021 929203655 -2 -1 -2 -1 -1 -2 -2 -2 325514098 -1 -1 -1 -1 -2 -2 -2 -2 -2 -2 -1 -2 -2 -2 -1 -1 -1 -1 -2 -1 -2 -1 -2 -2 -2 -1 -2 -1 -2 -1 828034019 -1 -2 -2 -1 -1 366644662
-1 -1 -1 -2 -2 -2 -1 -2 -2 -1 -2 -2 -1 -1 -2 -1 198742403 216633355 761784011 -2 -1 -1 -2 -1 -2 -1 -1 -2 -2 -1 780569654 672538811 -2 -2 -1 -2 -2 -2 -2 -2 -1 -2 -2 -2 -2 -2 -1 -1 -1 -2 -1 -1 -2 -2 -2 -2 -1 -1 -2 -1 -2 -1 -2 -2 -1 -1 -1 -1 -1 -2 35297896 -2 -1 -1 -2 522771075 955767625 -1 -1 -2 -1 -1 -2 -1 -1 -1 -2 -1 -2 68439192 -1 -1 -2 -1 -1 -1 -1 -2 -1 -2 -1 -1 -1 -1 -2 -2 -2 -2 -2 -2 -1 -1 -1 -1 -1 -1 -1 -1 -2 -1 -2 -2 -1 -1 -1 -2 -1 -2 -1 -2 -2 -1 -1 -1 -1 -1 -2 -1 -1 314065725 -1 706611674
-2 -2 -2 -1 -2 -1 -1 10158912 56403092 -1 -1 931125333 -2 -1 756030982 -2 -1 -1 -2 -2 -1 -1 -2 -2 -1 -1 -1 -1 -1 -1 -1 -2 523182513 -1 -1 -1 -1 450959995 -1 103975817 282876994 -2 -2 -2 -2 -2 -2 945689862 -1 -2 -1 -1 -1 -1 -2 -1 -2 -2 -1 -1 -1 574562272 879163178 -2 -2 -2 240307501 -1 -1 -2 -1 -1 -1 -2 -1 -1 -1 -2 -2 -1 -1 -1 -1 -1 -2 -1 -2 -1 -2 -2 -1 -2 793677878 532117882 -2 -2 -1 822322743 -1 -2 203885096 -1 822952713 -2 -1 -2 -1 -2 -1 -2 -2 -1 -1 -1 -1 -1 -1 -2 -1 942295214 -2 -1 -2 -2 -2 -2 -1 -2 -2 -1 -2 -1 -1 -2 -2 -1 -1 -1 -1 -1 -1 -1
960573413 -1 -1 112519416 -1 -2 -2 -1 -1 -1 -2 -1 -1 -1 -2 -1 -2 -1 -1 766033192 -1 -1 56541004 -1 -1 -1 -2 -1 -1 -2 -1 -2 -1 -2 151969201 -1 -1 -2 -2 -1 -2 -1 -2 -2 -2 -2 -1 -2 -1 -1 -2 445940640 920729245 -1 -1 -2 -1 -2 -1 -2 -2 -1 -1 -2 604604075 -1 -1 -1 -1 -1 -2 -1 -1 -1 -1 519596706 931395947 -1 -1 -1 -1 -2 -1 -1 -2 -1 -2 -1 1821439 -1 -1 -1 -2 -2 -1 -1 -2 -2 -2 -1 -2 -1 -2 -2 -2 -2 -1 -1 -1 -2 -1 -1 -1 -2 -1 -1 -2 -1 -1 -1 -1 910618564 -1 -1 -2 -1 -2 -2 -1 -1 -1 -2 -2 -2 -2 -2 -2 -2 -2 -2 -1 -1
-2 -2 -1 -2 -1 632228244 -1 436912656 820330316 -1 -1 -1 -1 -1 -1 -1 -2 -1 -2 -2 -1 -1 -2 -1 -1 -1 -2 -1 -1 323975432 584857451 -2 -1 106706292 -2 -2 -1 -1 -1 112658212 -1 -1 -2 -1 -2 -1 -2 -1 -2 -2 925458819 -1 -1 -1 -1 -1 -2 -2 -1 -1 -2 -1 -2 -1 -1 -1 -2 -1 -1 -2 -1 -1 373007334 450709493 34771058 -1 -1 -2 -2 -2 -1 -1 -2 -1 -2 -2 -1 -1 -1 -2 -2 -1 -1 -1 35111655 -1 -1 -2 -1 -2 -1 2855531 -2 -1 -1 -1 -1 -1 -2 -1 -1 -2 -2 -1 -1 -1 -2 -2 -1 -1 -2 -1 -2 -2 -1 -2 -1 -1 -2 -2 -1 -2 -1 -1 -2 -1 -2 997036207 -2 -1 -2 -1
-2 -1 -2 -1 -1 -2 -2 -1 -1 -1 -1 -1 -1 -2 -1 -2 -2 -2 -2 -2 -1 -1 -1 -1 -2 -1 -1 -2 -2 -1 -2 34473131 -1 -2 -2 -1 -2 -2 -1 -2 -1 -1 -2 -2 922340726 -2 -1 -2 -2 -1 -1 -1 -2 -2 -1 -2 -2 -2 -2 -1 -1 -2 927556400 -1 -1 -1 -1 -1 -1 -1 -2 -2 -1 -2 -1 -2 -1 -2 -2 908128453 -2 -2 -1 -2 -2 -2 -2 -1 -1 -2 -1 -1 -1 -1 -2 -1 -2 140154656 -2 -2 -2 -2 -1 -1 -2 -1 -2 -1 -1 -2 -1 -1 -2 273160047 -1 -1 -2 -1 -1 -1 -2 -1 -1 -2 302775155 -1 -1 -2 -1 -1 -2 -1 -2 -1 -1 -2 248043731 -1 -1 -1 -2 807395399
-1 -2 -1 -1 -1 -2 -1 -2 -2 -2 -2 -2 -2 -1 -2 -1 727294969 180928444 -1 -2 -1 -2 -1 -2 -1 -2 -1 -1 -2 -2 -1 -1 -1 -1 137337147 -1 447281418 -2 -1 -2 -2 -2 -2 -2 -1 -2 -1 -2 -1 -1 -2 266640963 384160737 -2 -2 -1 -1 -2 -2 -1 -1 533561604 -1 -2 -1 -1 -1 217865977 559566897 -2 -2 -2 -1 -2 -1 -2 -1 -2 -1 -1 -2 -2 -1 -2 -1 -1 522667148 -1 -2 -1 -1 -1 288632235 -2 -1 -2 -2 -1 -1 -1 -1 -2 -1 -1 -1 -2 -2 -1 -2 -2 -1 -2 -1 -2 -2 -1 -1 744498279 -1 -1 890066831 -1 -1 -2 -1 -2 -1 -1 -2 -1 -2 -2 -1 828114349 -1 -2 -2 -1 -2 -1 -1 -1
-2 -2 -1 -1 -1 -2 -1 -1 -2 -2 -1 -1 -1 -2 -1 -1 -1 -1 -2 -1 -1 980157426 -1 -1 -1 -1 -2 -2 764910558 -1 348560998 -1 -1 -2 -2 -1 272887414 -1 231523134 -1 -2 -2 -1 783530407 -1 -2 -1 -1 816124244 -2 -2 -2 848929994 -1 787631641 -1 -1 -1 -1 -2 -2 -1 -2 -2 -1 -2 -1 -1 -2 -1 -2 -1 -1 -2 -2 -2 -2 968350738 -1 244083303 23927092 -2 -2 -1 134913445 621140217 -1 -1 -2 -2 -2 -1 -1 -1 -2 357214219 -2 -1 -1 -2 -1 -1 -1 -2 -1 -2 -2 -2 -2 -1 -1 -1 -2 -1 -1 -2 -1 -1 119094303 -2 -1 515544771 -1 131276265 -1 -2 -1 -2 -2 -2 -2 416005613 -2 -1 -2 -2 843590644 -1 -1 -1 -2 -1
-2 -1 -2 -2 31928586 -2 -1 -2 -1 -1 -1 -1 -2 -2 -1 655797880 -1 -2 -1 -2 -2 -2 -1 802318366 -2 -2 -2 -2 -1 -2 -1 -1 -2 -2 -2 -2 -1 -1 -2 -2 844474260 -1 -1 -1 215230754 -2 -2 -1 -1 -1 -1 -2 -2 -2 693437614 -2 -1 -1 -1 -1 -2 -2 -1 -2 -2 690699323 -1 -1 -1 -1 -1 -1 -1 -1 -2 -2 310838819 -2 -2 -1 -1 -1 -2 -1 -1 -2 -2 -2 -1 -2 -2 -1 -1 690335644 -1 -1 -1 -1 -1 -2 -2 -1 -2 -1 -1 -2 -1 -1 -2 -2 -1 -1 -1 -1 -1 -1 -2 -1 -2 -2 66720183 -1 -2 -2 -2 -1 786636673 390595885 -1 -1 -2 279924620 -2 -2 -2 -2 -1 -2 -1 -2 -1 -1
-2 838327452 -1 -2 -1 -1 -1 -1 -1 -1 -1 -2 -2 899888055 -2 -1 -1 -2 -2 -1 -2 895070278 -2 -2 -1 -1 -2 -1 -1 -2 -1 -2 -2 758407975 -2 -1 -1 443339863 -2 -1 -1 -2 -1 -2 945436685 803819015 -1 -1 -1 -1 -2 -2 -1 -2 -1 -2 -1 -2 -2 -2 -2 -1 -2 -1 122201713 -2 -1 -1 -2 -1 -1 -1 -2 -1 -2 -1 -1 -1 -1 -1 -2 -1 -2 -1 -1 -1 -2 -2 -2 -2 -2 -2 -2 -2 -1 -2 -2 -1 -1 -2 -1 -2 -2 -2 -1 -1 -2 -1 -2 -2 -2 -2 -2 135439519 -1 -1 -1 -1 144799115 -2 -2 -1 -1 -1 -2 -1 -2 -1 -1 -1 -1 150020543 -2 -2 635581063 -1 -1 -2 -1 -1 -1 -1
-1 -2 -2 -2 -2 615595263 -2 87727320 -1 -2 -2 -2 -2 -1 -2 -1 -1 -1 -2 -2 -2 -1 -1 -1 -2 45358331 -2 -1 -2 241948340 -1 -1 -1 -1 -2 -2 -2 -1 -1 -2 127434684 -1 -1 -1 -1 -1 -2 -2 -2 -1 -1 -2 -1 -1 411053116 784908049 -2 -2 -1 -1 170723270 -1 -1 -1 -1 -2 -1 -2 -2 -1 -2 -1 -1 -1 -1 -2 -2 -1 -1 -2 -1 -1 -1 -1 -2 -1 -1 -1 -1 -2 -1 -2 -1 -1 -2 -1 -1 -2 -2 -1 787824048 -2 -1 -1 -1 116224192 -2 511209836 -1 -2 -1 -2 -1 -2 -2 -2 -1 -1 -2 -2 -2 -2 -1 -2 -2 -2 -2 -2 -2 -2 -1 -1 -2 -1 18095573 -2 -1 -2 -1 -1 76860707 -2
13411004 -2 -2 -2 -1 -1 -1 -1 -1 -1 -2 -1 488076993 -1 603700424 -2 -2 -2 -1 -2 -2 -1 -1 -2 -2 -1 -2 -1 693587926 -1 -2 -1 -1 -2 -2 -1 -2 -1 -2 -1 215421173 -1 -2 892395831 -2 -2 -1 -2 -2 -2 -2 -2 -2 -1 -1 -2 -1 -1 455681125 -1 -1 206750674 -2 -1 -2 902123525 -2 -2 -2 -2 -1 -2 -2 -1 -2 -1 -1 -1 463261892 -1 -1 -1 -1 -2 -2 -2 -2 -1 -2 -1 -2 -1 -1 -2 -1 -2 698925507 -1 -1 -1 -2 -1 -1 -2 -2 -2 -2 -2 -1 -2 -2 -2 -1 -2 -1 -2 -1 -1 -2 -2 -1 -2 -1 -1 -2 366002703 -2 -1 -1 -2 -2 -2 -2 -1 -1 -2 -1 -2 -2 -2 -2 479736145
-1 302151203 -1 -1 -1 -1 -1 -2 -2 -2 -1 -2 -1 196555201 -1 -1 -1 -1 -2 -1 -2 -1 -1 -1 -2 -1 -1 -1 -1 -1 -2 -2 -2 -1 -1 -1 -2 -2 -2 -2 -1 -1 -2 -1 -1 981510412 -2 -2 -1 224818444 -2 -1 -2 -2 -1 -2 -1 -2 -2 -2 -1 -2 -1 -1 -1 -2 -1 -2 -2 -2 -1 -1 -2 -1 -2 -1 -1 -2 -1 -2 -1 -2 -1 -1 -1 -2 -2 -2 -1 -1 -2 -2 -2 -1 -2 -1 -2 840129326 -1 -2 -2 -1 355764321 -1 -2 -2 -1 -2 -2 -1 -1 -2 -2 -1 -2 -2 -1 -2 -1 -2 872916067 -2 -1 -1 -2 -1 -2 -2 -1 -2 -1 -1 -1 -1 -2 -2 -1 -2 -1 180780043 140282025 -2
189758442 -1 -2 -1 -2 -1 -1 -1 -1 -1 -1 -2 -1 -2 -1 -2 13090667 -2 -1 -2 -2 -1 -2 -2 -1 -2 -2 -1 -2 -1 -2 -2 368191590 -1 -2 -2 -2 -1 -2 -2 -2 -2 -2 -2 -2 -1 -2 874843838 -1 -2 -1 -2 -1 -2 -2 -2 -2 -1 -2 -1 -1 -1 -1 -2 -2 -2 -2 -1 -1 -2 -2 -1 -1 -1 -2 -1 -1 -1 -2 -2 -1 -1 -1 -2 -1 -2 862781250 -1 -1 -1 -2 -1 -1 -1 -2 -1 -1 -2 -1 -2 -2 -1 305961014 -2 -2 -2 -1 -1 491880818 -2 -2 -1 -1 -2 117901872 -1 -1 -2 -1 -2 -1 -1 -2 -1 -2 -2 -2 -2 -1 -2 828788800 -2 -1 -1 -1 -1 -2 984173470 -2 -2 -1 -1
-1 -1 -2 -1 -2 -1 -1 -2 -1 -1 437741120 -2 -1 -1 -2 -1 -2 770387814 141753163 -2 -1 -2 -2 -1 -2 857967774 -2 76444816 -2 -1 861252196 -2 -2 511551413 -1 -1 -2 -1 -1 929649539 -2 373514080 -1 -1 -1 -1 -1 -2 -1 -1 -1 304025759 -2 -1 -2 -1 -2 -1 -1 -2 -2 401431990 -1 -1 -1 -2 -2 -1 -1 -1 -2 -1 -1 -1 -2 -1 -1 -2 -1 -1 -1 -2 -1 -1 -2 -2 -2 -1 -1 -2 -1 -2 -1 -2 -2 -1 -2 -2 -1 -1 -2 -2 -2 -1 -2 -2 -1 -1 -1 -1 -2 -1 -2 177856112 -1 744005648 -1 217618301 249494703 -1 -1 -2 -2 -2 -1 -2 -1 -2 -1 -1 -2 -2 -1 -2 -1 -2 -1 -2 -2 -1 253060283 -2
-1 -1 -1 -1 -2 -2 -1 -2 -2 -2 -1 -2 -2 -2 -1 -1 -2 -1 -1 -2 -1 -2 -1 -2 -1 -2 -2 -2 -1 -1 -1 -1 309328052 -1 -1 -1 -1 -2 -2 -1 -1 418289552 -1 -2 -2 -1 608922822 -1 -2 -2 -2 -1 -2 -1 894399358 -2 -1 -1 -1 -2 -2 -1 -1 -1 -2 -1 -1 -1 -2 -2 -2 -2 -1 695536958 -1 -2 -2 356616899 -2 -2 -1 -1 -1 -2 -2 -2 18415225 -1 -2 -2 -2 -2 -2 -1 -2 -1 -1 -2 -2 -1 -1 -1 -1 -1 -1 -1 -1 -1 -1 -1 -1 143670308 -2 -2 -1 -2 -2 -1 -1 -1 -1 -1 -2 -2 766548654 -2 -2 -2 -2 -1 -1 -1 -2 -1 -1 -2 -1 -2 -2 -2 -1 -2
-1 -1 -1 -1 452064621 -2 -2 -1 447658498 -1 -1 -2 -1 -1 -1 787666672 -2 -1 -2 -2 -2 -2 -1 -1 -2 175070845 -1 -2 -2 -1 -1 -1 -1 -1 -1 -2 -2 -2 -1 -1 -1 -2 -2 69925853 -1 -1 -1 -2 -1 -1 -1 -1 -2 -2 -2 -2 -1 -1 -1 -2 -1 -2 -2 -2 -2 -2 -1 -2 -1 -2 -2 -1 -1 -2 -2 680859044 -2 -2 -1 -1 -1 -1 -2 -1 -2 -1 -1 -1 -2 657036044 217459124 -1 -2 -1 -1 -2 -1 -1 -1 -2 767647385 -1 -2 -1 -2 -2 -2 -1 -2 -2 -2 -1 -1 -1 -2 -2 -2 -2 -2 -1 -2 -1 -1 -1 -1 -1 -1 -2 642782935 129732300 -1 -2 930250804 -1 -1 -2 34803670 -1 -2 -1 -1 -1
561173101 318872517 -2 -1 -2 -2 -2 -2 -2 -2 -2 -2 -2 -2 -2 -2 -1 -1 -2 -1 -2 -1 -2 -2 -2 -2 -1 -1 -1 -1 -1 -1 -2 -1 -1 -2 -1 -1 -1 -2 -1 822563927 -2 -2 -1 -1 -2 -2 -1 -1 -2 -1 -1 -2 -2 96485140 -1 -1 -1 -2 -1 -1 -2 -1 852599370 -1 -1 -1 -2 -2 -1 -1 -1 -1 -2 -2 -1 -1 -2 -1 -2 -1 -2 -2 -1 -1 76483551 -2 839684323 -2 -2 -2 -2 -1 -1 -1 398546455 -2 -2 -2 478744193 -1 -1 -1 -1 -2 -1 71504427 -2 -1 -2 -2 332379647 -1 -1 -1 -2 -1 -2 -1 -1 -2 -2 -1 -1 -1 824938916 -1 892067823 668102611 -2 -1 -1 795271476 -2 -1 -1 -1 -1 -2 -1 -1
-1 -1 -2 -2 -1 -2 -2 -1 -1 68041930 -2 364629488 -1 -2 -2 -2 712531922 -2 -1 -1 -2 -2 -2 48335209 341026023 -1 -2 -1 -2 -2 -2 -1 -2 -1 -2 -2 -1 -1 -1 -2 -2 -2 -1 -1 -1 -1 -2 -1 89475987 -1 -1 -2 500483107 -1 -1 -2 -1 889086773 -1 -2 -1 -1 -2 -2 -2 456091294 -2 -1 -1 -1 -1 -2 -2 -1 863845522 -2 -2 -2 -1 310575920 -1 628465580 681422536 -2 -1 -2 -2 -1 -1 -2 -1 -2 -1 -1 -1 -2 -2 -2 -1 -1 -1 -1 -2 -2 -1 -2 -2 -1 -2 -1 -1 -2 -1 -1 -2 -2 -1 -2 -2 275626167 -1 -1 -2 -1 -2 -2 482352014 -2 -2 -1 -1 -2 -2 -2 633214357 -1 -1 -1 435835649 -2 -1 -1
-2 -1 -1 -1 -2 -1 -1 -1 -1 -1 -1 -2 -1 -2 -2 -1 -2 -1 -1 -1 849735298 -2 -1 -1 -2 -2 -1 -1 -1 -2 -2 -1 -2 -1 -1 -1 -1 -1 -1 -2 -1 -2 -1 -1 -2 -2 -2 -2 -1 -2 368802832 -2 -1 -2 -2 -1 482312619 -2 -2 -2 -1 -1 -1 -2 -2 -2 -2 -1 -1 -1 -1 -1 -2 -2 -1 334918304 -2 -2 -1 -1 -1 -2 -2 -2 -2 -1 -1 864848480 -1 -2 -2 -1 26251767 -2 -2 -1 -2 -2 -2 -2 -2 -1 443407932 -2 -2 -1 838489728 -1 177523397 -1 -2 -1 -1 -2 -1 378485176 -1 -1 -1 -1 -2 -1 -2 -1 -2 -2 -1 -1 -1 -2 -2 -1 -1 -2 -1 -2 -1 -2 -1 -1 -2 -1
-1 -1 -2 -1 -2 -2 -1 -1 96195350 -2 -1 749814669 -2 -1 671680186 -1 180220663 -1 -1 -1 -2 -1 299018556 -2 -2 -1 -1 -2 -1 -2 -2 -1 -2 -1 -2 -1 959391832 -1 -2 -1 -2 -2 -1 -2 -1 -2 -2 -1 820254327 -1 -1 -1 -1 -1 -1 -2 -2 -1 -1 -2 -1 -2 -1 -1 -1 634004951 -1 -1 -2 -1 -2 744540999 -2 -2 -1 -1 -1 -1 -2 -1 950936825 -1 -2 509202750 -2 -2 -1 -2 -1 -2 -2 -2 -1 -1 -2 -1 -2 -2 -1 -1 -1 -1 -2 -2 -1 -2 -1 -1 -2 -2 -2 -2 -2 -2 -1 -2 -1 -1 -1 -2 -1 -1 -1 942759537 -2 937800286 -1 972074655 -1 -1 -2 -1 -1 -1 -1 -1 -2 433957297 -1 -1 -2 -2
-2 -2 -2 -1 263603967 -2 -1 -2 -2 -1 -1 -1 -1 -2 -1 -2 -1 -2 -1 -1 -2 -2 -2 -2 -1 -1 -1 -1 268491687 -1 -2 -1 -2 -1 -1 -1 -2 -1 -2 -1 -1 -1 -1 -1 -2 -2 -2 -2 -1 -2 -2 -1 -1 -2 905866760 -1 119337465 -2 -2 -2 -1 -2 517403265 -2 -1 610340845 -1 -1 2080483 -1 -1 -1 -2 -1 -2 -2 -1 -1 -2 -1 -1 477955164 -2 -1 -2 -2 298155188 -2 -2 -2 -1 -2 -1 -1 -2 -2 -1 137866178 -2 -2 -1 -2 -2 -1 919178783 -2 -1 16395720 -1 629684189 -2 -1 -2 -1 -2 -2 -1 -2 -1 -1 145190613 -1 -1 -2 -1 -1 -2 -1 -1 -1 -1 -1 -2 -2 -2 -1 -1 -2 -2 -2 -1 -1
-2 -2 -1 -2 -1 -1 -1 -1 -2 105109225 -1 -1 -2 -2 -1 -2 -1 -1 -1 -2 -2 -1 -1 -2 -1 -2 -1 -1 -1 -2 -2 -2 -2 -1 -1 -1 13794717 -1 -2 328852622 -2 -1 -2 753460880 -2 134068890 -2 461380253 -1 -2 -1 -2 -2 -2 -1 260329810 -1 -1 -1 -1 -1 -1 -2 -1 -1 -1 -2 -2 -1 -2 -1 -2 -1 -1 -1 -1 -2 -2 -2 736502268 -2 -2 -1 -1 -1 -2 -2 -2 597529273 -1 -1 -1 -2 -1 158979815 -1 139487043 -1 564961461 -2 646436411 -2 -2 -2 -2 -1 165465641 -2 -1 157728592 -1 -2 -1 -1 -2 -1 -1 -1 -1 -1 -2 -2 -1 -2 -1 -2 154700640 -1 -1 -1 -1 -1 -1 -2 -2 -2 780287248 -2 -1 -2 -1 -2
-1 -1 982456888 -1 -1 -1 -2 -2 -2 -1 -1 -2 176268975 -2 -1 -1 -2 -2 -2 -1 -2 -2 -2 -2 -1 -1 312375656 -1 -1 -1 -2 -2 -1 -1 -2 -1 -1 -2 -2 -1 -2 -2 -1 -1 -2 -1 -2 -2 -2 289408357 -1 -1 -2 -1 -2 -1 -1 -2 -1 -1 -2 -2 -2 -2 -1 -2 -1 -2 -2 -1 -1 117917099 -2 -1 -1 52388282 -1 921756244 -1 -1 793819714 -1 -2 -2 -2 -1 -2 -2 -1 -2 64302018 -1 -1 -1 -1 -2 -2 105112616 -2 -2 -1 863639176 -2 -1 -1 -1 -2 -1 -2 71093530 -1 -1 -2 -1 -2 -1 -2 -2 941362571 -1 -2 -2 -1 -1 -2 -1 -2 -1 -1 -1 -1 -1 -1 -1 546229594 -1 -2 -2 -1 -1 -1 -2
-2 -1 -2 213860008 911821208 -1 -1 -1 -2 -1 -2 -2 -2 -2 -2 -1 499620561 -2 -1 -1 -1 -2 -1 -1 -1 -1 -2 -1 -2 -1 -2 195603436 -1 603948769 -2 407031249 -1 -2 -1 -2 -2 -2 -2 -1 -1 -2 -2 -1 -1 -1 -2 -2 -1 -1 -2 -2 -2 -1 -2 -1 -2 -1 -2 -1 -2 -2 -2 -2 -1 -2 -1 -1 -1 -1 -2 -2 -2 -1 -2 -2 -1 -1 -2 -2 -1 -1 -1 -1 -1 -1 -1 -2 -2 -1 903831116 -2 -2 -2 -2 -2 -2 -2 -2 -1 -1 650269143 -1 665726664 -1 956799802 -1 -2 -1 -2 -1 -2 -1 -1 -2 -2 -1 -1 -1 -2 -1 -1 -2 -1 -2 -1 -1 -1 -2 -1 -2 -2 -1 -2 -1 -1 -1 -1
-1 -2 -2 -2 -1 -2 -1 -2 654374351 -1 -1 -2 -2 964074547 -1 -1 -1 -2 -2 -1 -2 -1 -1 -1 -1 -1 -1 -1 -2 -1 -2 -1 -2 -2 -2 -1 358615005 -1 -1 -1 -2 -1 -1 -1 -2 -1 -2 -1 -1 -2 -2 -1 -1 -1 100681765 755817617 -2 -1 -1 -1 -2 -1 -1 143975879 -2 -1 -1 -1 -2 399827994 79793123 -2 -1 -1 -2 -1 -1 267169651 -2 -1 289652389 -1 -1 -2 -2 -2 -1 -2 -2 496963679 -1 -2 6850750 -2 -2 -1 -1 -2 -1 -2 -2 512221817 -1 -1 -1 -2 -1 -1 -2 -2 -2 -1 -2 -1 -1 -1 -2 -1 -1 -2 -1 -1 -2 -2 -1 -2 -2 -1 -1 -1 -1 817547966 -2 -1 -1 -2 -2 -2 -1 -1 -2 -1
-2 -1 -1 -2 -2 -2 -1 -2 -2 -1 -2 -2 -1 -1 -1 -1 -2 -1 -1 -1 -1 -1 -1 295421056 -1 -1 -1 -1 -1 -2 -1 -2 -1 -1 -1 -2 -1 -2 27523438 -1 -1 -2 -1 -1 -1 -2 -2 -1 306065389 -1 -2 -1 -2 -1 -1 -2 -2 -1 -2 -1 -1 -1 -1 -2 -2 -2 -1 -2 -1 -2 -1 -1 -1 -1 -1 -2 100980836 -1 -2 -1 -2 -2 -1 -2 -2 -1 -2 -2 -1 -1 -1 -1 -2 -1 -2 -1 -2 -1 -1 155710384 -1 -1 -1 -1 -2 -1 -1 -2 481432861 -1 -1 -1 646209606 -1 -1 -1 -2 -2 -2 -1 -2 56749973 -2 -1 -2 -2 -1 -2 -1 -1 -1 -2 486455522 -2 -2 -2 -2 -2 -2 -2 -1 -1
630101839 -2 157363206 -1 -2 -2 -1 -1 -1 -1 -2 -2 -1 -1 -2 -1 619781904 -2 -2 -1 -1 -2 -2 673035010 -2 -1 105332564 -1 -1 804093394 -2 -2 -1 -1 -2 -2 -2 -1 -2 -2 -2 970397833 -2 -2 -2 456349406 -1 -1 -1 -1 34005672 -2 -2 -1 -1 -1 -1 -1 -1 -1 -1 -2 -1 -2 -2 -1 88250253 -1 -2 -2 -1 -1 -2 -2 -2 -2 -1 -2 -1 -1 -1 -2 214953194 -2 -2 -2 -1 -1 -1 -2 -2 -1 -2 -2 -1 -1 -2 -1 -1 -1 -1 -2 -2 -1 -2 -2 -1 -1 -1 -1 -2 -2 -2 -2 -1 -2 -1 -1 -2 -2 846007129 -1 -2 -1 -1 274754384 -1 89874573 -2 479199694 -1 -2 -1 -1 -1 -2 985725125 -1 -2 -2 -2 -1
-2 -2 -1 477220288 -2 -2 -2 -1 -2 -1 -2 -1 -2 -2 -2 -1 150634015 -2 -1 -1 -1 -2 -1 -2 -1 -2 -2 -1 -2 -1 -2 -2 -2 -2 -2 -1 -1 -1 -1 -2 -2 -1 -1 -2 -2 -2 -2 -2 396003524 -1 -1 -1 -1 -1 -2 -2 -2 -2 -1 -1 -2 290620989 -2 -1 -2 -1 308666321 -1 -1 -1 -1 -2 -2 -2 -1 -1 -1 -1 -1 -1 -1 -1 -2 -2 -1 -1 -1 -2 -1 -1 -1 -2 -1 -1 -2 -1 -1 -1 -1 -2 -2 -1 -1 -2 -2 -1 -2 -1 -1 -2 -1 -2 -2 247484530 -1 -1 -1 -1 -2 -2 -2 -1 -2 -2 536616598 -1 -1 -2 -2 139577263 581470267 -2 370954041 -1 856258650 -2 -2 -2 -1 -1 -1 861047906
-2 -1 -2 226905483 -1 -1 -1 -2 -2 -2 -2 -2 -2 -2 -1 -2 -2 -1 -2 -1 -2 -1 -1 -1 -1 -2 72033339 -1 -1 -1 -1 -2 -1 -1 -2 -1 -2 -1 -1 -1 -1 -1 552680200 -2 -1 -2 -2 -2 -1 -1 -1 432706168 -2 465553229 -1 -2 -2 -2 -2 -1 -2 -1 -1 -2 -1 -1 -2 -2 -1 95436421 -1 -1 -1 -2 -2 489199730 -1 -2 -2 -1 -2 -2 -2 -1 -2 -1 -1 -1 291122111 -1 -1 322813520 -2 -1 -1 421349112 -1 -2 -2 -2 -2 -1 -1 -2 -1 -2 -2 -1 -1 -1 -1 -1 -1 -2 -1 -1 -2 -1 -1 -1 -1 -2 -2 -2 -1 -2 879222130 -1 -2 -2 -1 -1 -1 -2 -2 -1 975510470 -1 -2 -1 -1 201484085
-1 -2 -1 -1 -2 -2 -2 -2 -1 383633845 919462896 330473699 -2 -2 -2 -2 -2 187392528 -1 -2 -1 860605148 -1 -2 261966372 -2 -2 -1 -2 -1 -2 -1 -1 -2 -1 -2 -2 -2 -1 -1 -2 -1 -2 -2 -1 -2 -1 -1 -2 -1 -1 -1 -2 -1 -1 -1 -1 -2 -2 -2 -2 -2 -1 -1 -1 -2 -1 -1 -1 -2 -1 -2 -1 -1 -1 -1 -1 -1 -1 -2 -2 -2 -1 -1 -2 -2 -2 -1 -2 -1 -1 -1 -2 -1 -1 -1 551459862 -1 -2 -2 475530351 -1 -2 -2 -2 566097986 -1 -2 -2 -2 -2 -2 -1 -1 -1 -1 -1 -1 -1 -1 -1 -1 -1 -2 -1 -2 -2 -2 -1 97406999 425467204 -2 -2 -2 -1 -2 -1 -1 -2 -1 -2 -1
-2 -1 -2 -1 -1 -2 -1 -2 -2 -2 982692121 -2 -2 -2 -1 -2 -1 -2 -2 -1 -1 -1 -2 -1 -2 -1 -2 -2 139420907 -1 -1 -1 -2 -2 -1 -2 -2 -2 -1 -1 -2 -1 -1 -1 -2 222936867 -1 -1 -1 -2 -1 -1 -2 -2 -1 -2 -1 820768494 -1 -1 -1 -2 -1 -2 -1 -1 -1 -2 -1 -1 -2 -1 -1 -1 -2 -2 -1 -2 -2 -1 -1 -1 -1 -2 -2 27635370 -2 -1 -1 -1 -1 -2 -1 -2 -2 637932347 -2 -2 -2 -1 -2 -1 -2 -1 -1 -2 -1 -2 -1 -1 -2 -1 141729076 985581589 -2 227284979 -1 -1 -1 -1 142672590 -1 720158374 -2 467552802 -2 -1 -1 -1 -2 -2 -1 -1 -1 -1 -1 -1 -2 568157935 184444829 -2 -2
-1 -1 -1 -2 -2 -1 -1 -2 -1 -2 -1 -2 -2 -2 -2 -1 -2 -1 -1 -2 -1 -2 -2 180647215 -2 -1 -2 -1 -2 -1 -2 -1 -2 -2 -1 -1 -1 -1 -1 -2 -1 -1 -1 -2 -1 -2 -2 -2 -1 -1 -1 -1 -1 588629664 -1 -2 -1 -1 -1 -2 411573222 -2 -1 -1 -1 -2 -2 -1 -1 -1 -1 -2 -1 -1 -2 -1 -2 -2 -1 131433539 16940592 -2 -2 -1 -1 -1 -2 -2 -1 -1 -2 -1 -2 -1 -2 -1 -1 -1 -1 -2 -2 -2 -2 -1 120290024 -1 -1 -1 663706119 -1 -2 -1 -1 -2 -2 -2 -2 -1 -2 -2 -2 -1 -1 -1 -1 -2 -2 -2 -1 -2 -2 -1 -2 -2 -1 -1 -1 208470811 104919620 -2 8702445 -1
-2 -1 -2 297843138 -2 -2 -1 -1 -2 716860868 -2 288087475 -1 -1 -2 -2 251930047 -2 -1 -1 346406185 -2 -2 -1 440102748 -2 -2 -1 -2 -1 -2 -1 -1 -1 -1 -2 -2 -1 -2 -2 -2 -1 -2 -2 -1 -2 -1 -2 -2 -2 -1 -1 -2 -2 -2 -2 -2 -1 -1 -1 -1 -2 -1 12224964 -2 -2 -1 -2 -1 -2 -2 -1 -1 -1 257245330 -1 -2 -1 -2 -2 -1 114125122 -1 -2 -1 -1 -2 134370380 -1 424716894 -1 -2 -1 -2 -2 -1 -2 -1 -1 -2 -2 -2 -2 -1 -1 -1 -2 -2 -1 -1 -1 -1 -2 -2 776926945 920123908 759073495 -1 49167917 -2 -2 -1 -2 623385491 -1 -1 309457135 -2 -1 -2 -1 -2 -2 -1 -1 339018908 -1 -1 -2 -1 -2 -2
-1 -2 799687152 -1 -2 -2 -1 -1 -1 -2 -2 -2 -1 -2 -1 -2 -2 -1 -1 -1 158145340 -2 -1 99225456 -2 -1 -2 929344818 -1 -2 -2 506125664 -1 -1 45594014 -1 -1 -1 -2 -2 -2 -1 -2 -2 -2 -1 -1 758488611 -2 -1 -2 -2 -1 -2 -1 -1 -2 -2 -1 -1 -1 -1 -1 385463241 -2 -2 -2 -2 -2 -1 -1 -2 -1 -1 -1 -2 -1 243571602 678403655 -1 -2 -2 -1 -1 -2 -1 -2 -1 -1 -1 -2 -2 -1 -2 -2 -1 -2 -2 -2 -2 -1 -2 -1 -1 -2 -1 -1 218587593 -1 -2 -2 3636875 -1 -1 -2 -1 114259089 -1 -2 -2 -2 -1 -2 -2 -2 -2 -2 -1 -2 -1 -2 -2 -1 -2 -1 -1 -1 -2 -2 -1 -1 -2
849335206 -1 -1 -2 -1 -1 725978808 -1 -1 -1 -2 -1 -2 -1 770729384 -1 -1 -1 -1 -1 -2 -1 -1 843567031 -2 -2 -1 -1 -1 -1 -1 -2 -2 -1 -1 -2 -1 -1 -2 -2 -1 -1 -2 -2 -2 -1 -1 140428206 -1 -2 -1 -1 -2 -1 -1 -1 -2 -1 -2 -1 -2 -1 -1 -1 -1 -2 -2 -2 -1 -2 -1 -1 -2 -1 -2 815479275 -1 -2 -2 -1 -2 -2 -2 -2 -1 -1 -2 -1 348950717 -1 -1 -1 -2 -2 661123452 -1 -1 -2 -1 -1 -1 -2 -2 -1 -1 -1 -2 -1 -1 -1 -1 -2 -2 700587048 -2 -2 -1 -1 -2 -1 -1 -2 -2 -1 -2 -1 -2 -1 -1 -1 186746889 -2 -1 -2 -2 -1 -1 -1 -1 -2 -1 -2
-1 -1 -2 -1 -1 -2 561826250 835233260 -1 -2 -1 -1 -1 -1 -2 -1 -2 -1 -1 -2 -2 -1 648450087 -1 -1 -1 -1 -2 -2 -1 -2 -1 -1 410229978 -1 -2 -1 -1 -1 -1 -2 -2 -2 -1 -2 -1 435712054 -2 -1 -1 -1 -2 -2 -1 -1 -1 -1 908195048 -1 -2 -1 -1 -1 -2 -2 -1 -1 -1 -1 -1 -2 -1 -1 -2 -2 -1 -1 -2 -1 -1 -1 592239267 -1 -2 853807083 -1 -1 -2 -2 -2 -1 -1 -2 -2 279720571 -2 -2 -2 582384159 -1 -2 -2 -1 -2 -2 -1 -1 -2 -1 -2 545018290 -2 -1 -1 -2 -2 -1 -2 -1 -2 -1 -2 -2 -1 -1 -1 -1 -1 -1 -2 -1 664387227 -2 -2 -2 -1 -1 240564714 826466336 -1 -1 -2
-2 -1 -2 -2 266486811 -1 -1 -2 -2 -2 -1 -2 -2 -1 -1 -2 -1 -1 -2 -2 -1 -1 -2 -1 -1 -2 -1 -2 -2 -1 -1 -1 -1 -1 -2 -1 -1 291230077 -2 -1 -1 -1 -1 -2 -1 -1 -1 -2 -2 -1 -2 -1 -2 -1 -1 -1 -2 30604769 -2 -2 -1 -1 -2 -2 -2 -2 102789977 -2 -1 -1 -1 -2 -1 -1 -2 -2 -2 -2 749527208 -1 -1 616762916 -1 -1 -2 -2 -2 -1 458568795 -2 -1 -2 -1 -2 -1 -1 -1 -1 -2 -1 -2 -2 -1 -1 -2 -1 -1 -2 507917005 -2 -1 -1 -1 -1 221996000 -2 -1 -2 -2 -1 -2 -2 -2 -1 -1 -1 -1 -1 381972112 -1 -1 -2 -2 -1 -2 -2 -2 -1 -1 -1 -2 -2
-1 -1 -1 957007324 -2 -2 868243047 -1 -2 -2 -1 -1 -2 -1 -1 -1 624113916 128870176 -1 -1 -2 -2 -1 -1 -1 -1 -2 -1 -2 -2 -1 -2 -1 -2 -2 -1 -2 -2 -1 -1 -1 -2 -1 -1 634644731 -1 -2 -1 -1 -1 -1 -2 -2 -1 -1 -2 -2 -2 -2 -1 -2 -1 -1 -2 -2 -2 -2 -1 -1 -2 -1 -2 -1 -2 -1 -1 -2 -1 -1 -2 -1 -1 -2 -1 -2 -1 -1 -2 -2 -1 -2 -1 -2 -1 -2 -1 -2 -2 -2 788272491 -2 -1 -1 -1 -1 -1 -1 -2 -2 -1 -1 -2 -2 -2 469553225 -2 -2 -1 -2 -1 -2 -1 -2 -1 -1 -1 -2 -1 -1 -2 -1 -2 -1 -1 -1 -2 -2 -2 -1 -2 -1 -2
-2 -1 -2 -1 258244297 655995816 -2 -2 -1 -1 -2 -2 -1 -1 -1 -2 -2 865584480 -2 -2 -2 -2 942795129 -1 -2 -1 -1 -2 -2 -2 223990793 -2 -1 -2 -1 -2 -1 -1 -2 -1 -2 -1 -1 -2 157249488 -2 -1 -2 657641215 -1 -1 -1 -1 -1 -1 -2 -1 -2 -2 37928217 -1 -1 569104479 145028067 -2 -1 -2 -2 -2 -2 -2 -2 -1 -2 -1 -1 -1 -1 -1 -1 -1 -2 -1 -1 -1 -1 -1 -1 -2 -2 -2 -2 -1 -2 -2 -1 -1 -1 -1 -1 261617291 -2 -1 -1 -2 -2 -1 -1 -2 -1 -1 -1 -1 -1 -2 -1 -1 -2 -2 -1 -1 -2 -1 -2 -1 -2 -2 608491455 -2 -2 -2 -1 -1 -2 -1 -1 -1 -2 -2 -1 783267342 -1
-2 -1 -1 -1 -1 -2 -2 -1 904732636 -1 -2 -1 -1 -2 -2 -2 -2 150721163 -1 -2 -2 -2 -1 -2 -1 -2 -1 -2 -2 54669573 -1 -2 -1 -2 -1 -1 -1 -2 962171678 -1 -2 -1 -1 -2 -1 641075543 -2 -2 629848736 -2 -2 -2 -1 -2 -1 -2 257422974 -2 -1 -2 -2 -2 496300149 -1 -2 -1 -1 -2 -1 -2 -1 -2 -1 -2 191992733 -1 884567199 -1 285454292 706135050 -1 -2 -2 -1 116872115 -2 -1 -1 424653074 -1 -1 -2 -1 -1 225738977 -1 -1 -1 -1 -1 -1 -1 574822046 -2 4316765 853708050 -1 -2 460417573 -2 -1 -2 -1 -2 -2 -1 -1 -1 -1 -1 -1 -1 -1 -2 -1 -1 -2 -2 -2 -1 -1 -2 -1 -2 -1 -2 -2 -1 -1 -1 -2 959710168
-2 933857760 -2 -1 -2 -1 -1 -2 -1 -1 -1 -2 -1 -1 -1 -2 -2 -1 -2 -1 -2 -1 -1 -1 -2 -1 -2 -1 -1 -2 -1 -2 -1 -1 -1 -1 -1 -1 -2 -2 -2 -2 -1 -2 -1 -1 -2 -1 -2 -2 -1 -1 -2 -2 854307718 330056473 -2 -1 -2 -2 -1 -1 -1 -1 102116965 -1 -2 -1 -2 -2 -1 -1 -1 -2 -2 -2 -1 -1 -1 -1 -2 -1 -1 -2 -1 -2 174499135 -1 -1 -2 182027516 -2 -2 -1 -1 -1 -1 -1 -1 -1 -1 -2 -1 -2 -2 -1 -2 -2 -2 -1 -1 -2 -1 999420191 -1 -1 -1 -2 -1 -1 855458511 -2 -1 -2 -1 -1 -2 -2 -2 -1 -2 -2 -2 -2 -1 -1 -1 -2 -2 -1 -2 -1
-1 -1 -2 -1 -1 -2 -1 -1 -1 -2 785876552 174296051 -2 79215508 -2 -1 -2 -1 787623431 -1 -2 -1 -2 -1 -2 -2 -1 -1 -2 -2 -1 -2 -1 -1 -1 -2 -2 -1 -2 -2 -2 -2 -2 -2 -2 -2 -1 -2 -1 -1 -2 -1 -2 -1 -1 -2 -1 -1 574311277 -2 -1 -2 -2 -1 -1 -1 -2 -2 -2 12308392 -1 -2 -1 -2 -1 -1 -2 -2 954578302 -1 -1 -2 -1 -1 -2 -1 -1 -1 -2 -1 -2 -2 -1 264035689 -1 -2 -1 -2 -1 -1 -2 -1 -2 -1 -2 -1 -1 -1 -1 -1 -1 -1 -2 -2 -2 -2 -1 -1 -1 -1 -1 -1 -1 -2 208607966 -1 -2 -2 343943011 -2 -2 -2 713033381 -1 -2 397117756 -2 86814205 -2 -1 -2 -2
-1 -2 -2 -1 -2 -1 -1 -2 -2 930807482 -1 -2 -1 -1 -1 -1 -2 -1 962735158 846426215 -1 -1 -2 -1 -1 941789948 -2 -2 -1 -1 -2 -1 -2 -1 -2 -1 -2 -1 -1 -1 152581745 -1 -1 -1 -1 -1 -1 -1 742448143 -2 -1 -2 -2 -1 -1 548516999 733851087 -2 -1 -2 -1 -1 -1 -1 -2 -2 -1 -1 -2 -1 74619311 -2 138437747 -1 -2 -2 -1 -1 -1 -2 -1 -2 -2 -1 -2 -1 753821568 -2 -1 -1 -2 -1 -2 -1 -1 -1 -2 -2 -2 -2 -1 -1 -1 -1 -1 -2 -2 -2 931387200 -2 -2 -1 -1 5877799 -1 -1 -2 -1 -2 -1 -1 -1 -2 -2 -1 -1 -2 -1 -1 -2 -2 -1 -1 -2 -1 384907228 -2 -2 -1 -2 -1 -2
-1 -1 -1 -1 -1 -1 -1 -1 -1 145505100 -2 -1 -2 -2 -2 -1 -2 -2 -1 -1 -2 -2 -2 -1 -2 -2 -2 -2 -1 -2 -2 -1 -2 -2 -1 -1 -2 -1 -1 -1 -1 -2 -2 -1 -2 845594269 -2 -1 -1 -1 -2 -1 -1 211931496 -1 -1 -2 -1 -2 -1 -1 -1 -2 -1 -2 -2 -1 726101719 -2 -2 449239199 -2 -2 -1 -1 -1 -1 -1 -1 897189602 -2 -2 -1 224697299 -2 -1 -2 -1 -1 -2 -2 -2 -2 -1 -1 -1 -2 -1 -2 -2 -2 -1 492927298 -2 -1 -1 -1 -2 -1 -1 -1 -1 -1 -1 -1 -2 -2 -1 -1 276084280 -2 -2 953462363 -2 -1 -1 -2 -1 -2 -2 -2 -2 -1 58278128 -2 -2 -1 435124682 -1 -1 -1 -1
396034900 968525826 -1 -1 -1 -1 -1 -2 -1 -2 -2 -1 -1 -2 -1 612751239 -1 -1 -1 -1 -1 -1 -1 -2 -2 -1 -2 -1 -2 -1 -1 -1 -2 -2 -2 -1 -1 -1 -1 -2 -1 623914461 -1 -2 -1 -1 -2 -1 -1 -2 -1 -1 -1 -1 -1 -1 -2 -2 -1 -1 -1 -1 -1 -1 -1 -1 -1 -2 -1 -1 -1 -1 -1 -1 -2 -2 -1 -1 -1 -2 -1 623159141 -1 -1 -2 -1 -1 -2 -2 -1 159163223 -1 -1 -1 321404740 -1 -2 -1 789166856 -1 -1 -2 -1 -2 -2 -1 -1 -2 -1 -2 -1 -1 -1 142600805 -2 -1 -1 -1 -2 -1 -1 -1 -2 985879246 848454629 -2 -2 -1 -1 -1 -2 -1 -1 -1 -2 -2 -2 -2 -1 -2 -1 -2
-2 -1 -1 -1 -2 -1 -1 -1 -1 -1 -1 -1 -1 -1 -1 -1 -2 -2 -1 -1 -2 -1 -1 -2 -2 -1 -1 -1 -1 -1 -2 -2 -2 -1 -2 -1 -1 -1 -2 -1 -2 -1 -2 -1 -1 -2 -1 -1 -1 -1 -1 -2 -1 -1 141919023 -2 -2 -1 -2 -1 -2 -2 -1 -1 -2 -1 -1 -2 -2 -1 -1 -1 -1 -2 -2 -2 554909424 -1 -2 -1 -1 -1 -1 -1 -1 -1 -2 -2 -1 -2 -1 -1 -1 -2 -1 83445113 -1 -1 184290890 -1 -2 -1 -2 -1 -1 -1 -2 -1 -2 -2 -1 -1 -1 -2 -1 -2 -1 -1 -2 -2 -1 -1 -2 -1 -2 -2 -1 -2 78336438 -2 -1 -1 -1 -1 -1 -1 673840254 -2 -1 -2 -1 -1
-2 -2 -1 759329768 -2 -2 -2 -2 -1 -1 -1 -2 -2 -1 -1 -1 -1 -1 -1 -2 -2 -1 -2 -1 -1 -1 -1 -2 -2 -1 -1 -2 -1 -1 -1 -1 -2 -2 -1 -1 -2 79230036 -1 -1 -2 858535431 -1 54297283 -1 -2 -2 -1 -2 578095283 -1 -1 -1 -1 -2 -1 -1 -1 -2 37770446 -2 -1 -2 -2 -2 -1 -1 -2 -2 -2 -2 -2 -1 -1 -2 -2 -2 284310980 -1 -2 -1 -2 -1 -1 -2 -1 -1 -2 -2 -1 -2 -2 -2 -1 -1 887902687 -2 -1 -1 -2 -1 312944201 -2 -1 -1 -2 -1 787982011 -2 -1 -1 -2 639569350 -1 659613962 574098535 -1 514845245 -1 -1 -2 -1 -2 -2 -1 -1 42777769 -2 -1 -2 -1 -2 -2 -1 -1 -2 -2 -1
-1 -2 -2 -1 -2 -1 -1 -2 -1 -1 48365597 -2 501892853 -1 -1 -2 -1 -2 -2 -2 -2 -2 -1 18741553 -1 -1 -1 -1 -2 -2 -1 -1 -1 -2 -1 644372445 -1 -2 947951428 -2 -1 929154811 -1 -2 -2 -2 -1 -2 -1 -2 -1 -2 -1 -2 -2 -2 -2 -1 -1 -1 -1 -2 -1 -1 -2 -2 -2 -2 769759455 -1 -2 -1 -2 -2 -2 -2 -2 -1 -1 -2 -2 42130717 -1 -1 -1 -2 -2 -2 -2 -1 -1 -1 -1 -2 -1 -2 -1 -1 -2 -1 -2 -2 -2 -1 -1 -2 -2 -1 -1 -2 -1 -1 -1 -1 -2 -2 -1 -1 -1 -1 870724107 -2 -1 4865280 -1 -2 -1 -2 -2 -2 -1 115966109 -2 -2 -1 -2 -1 -1 -2 -2 -2 -1
-1 -2 295896707 -2 351163089 -1 -1 -2 -1 -1 -2 -2 -2 -2 -2 633184522 -1 -2 -1 -1 -2 -1 -1 -2 17727508 -2 -1 -2 -2 -1 -2 -2 -2 -1 -1 -2 -1 -2 -2 -2 -2 -1 -1 -2 -2 -1 -2 -1 781120440 -1 -2 -2 -1 -2 141552191 -1 -1 -1 -1 -1 -2 -1 -2 -1 -1 -1 -1 -1 -2 -2 -2 -2 -1 -1 -1 -1 -2 -1 743152411 -2 -1 -2 852190612 -1 -1 -1 222964174 -1 -1 -1 -2 -1 -1 -2 -1 -2 -2 -1 -1 -1 -2 160234120 -1 -2 -1 -1 -1 -1 -2 736009493 -2 -1 -1 -2 96895874 -2 -2 -2 -1 -1 -1 -2 -1 -2 -2 -2 -1 858825290 -1 -2 -2 -1 -1 -1 437057732 -2 871213680 -1 -1 -1 -2 -2
-2 -1 -1 -2 -2 -1 -2 370086895 -2 -2 -1 -2 -1 -2 -2 -2 241517466 -1 -1 215833225 -2 -2 -2 -2 -2 968399071 -2 120958859 -2 -2 -2 -1 -1 -2 -1 -1 -1 -2 -2 -2 -1 -2 -1 -2 -2 -1 -1 -1 -1 498111557 -2 -1 545662745 -2 -1 -1 -2 -2 -2 -1 -2 -2 -1 -1 -1 569505626 -2 473836510 -2 -2 -1 -1 -2 -1 -2 -1 577101097 -2 -2 -2 -2 -1 -1 -1 -1 -2 -1 -2 981690098 -1 -2 -2 -2 -1 250090362 -2 195896050 571551363 -1 697855102 -1 -2 -1 -1 -2 -1 -2 -2 -2 -1 -2 -1 -1 -2 -1 -1 577847970 -2 -2 -1 -2 -2 -2 -1 -1 -1 983885622 81780592 704127586 -1 -1 450627718 -1 -2 -1 -2 -2 -2 -2 -1 -1 -1
-2 -1 -1 -1 -1 -2 -1 -1 59443708 -1 -2 -1 -2 -2 -2 -2 -2 -2 -2 -2 -1 -2 -1 -2 -2 -1 -2 -1 -1 -2 623758045 -1 -1 -1 -1 -2 -1 -1 172167629 -1 -2 -2 -1 -1 -1 -1 -2 -1 -2 521240590 642181312 -1 -1 -2 -1 -1 -2 -1 -2 -1 -1 -1 -2 -1 -1 -1 -1 -1 381072925 -1 8161881 -2 -1 -1 -2 -2 -2 -1 -2 -1 -1 -1 -2 -2 -1 -1 -1 -2 -1 -2 -2 -1 -1 -1 -1 -1 -2 -1 -1 -2 -1 -2 -1 -2 -1 -2 -1 -1 -1 -2 -1 -1 83298037 -2 -2 -1 -1 -2 -1 -2 -2 -1 -2 -1 -1 -1 -2 90928927 -1 -1 -2 -2 -2 -1 -2 -2 -2 -2 -1 118650171 -2 -2
-1 -1 -2 -2 311278381 882681790 -1 -1 -2 -2 -2 -1 -1 -1 -1 -1 -1 -2 -1 -2 -1 -1 -2 -1 814003519 -2 -1 -2 -1 -2 -1 -1 -1 -1 -2 -2 -2 349930905 -1 888108593 49041824 -2 -1 -2 -1 -1 -2 -1 -2 -1 -1 -1 -2 -1 -2 697146522 -2 -2 -2 -1 -2 229979438 -2 -2 -1 -1 -1 -2 -1 -2 -2 -2 -2 -1 -1 -1 -2 -2 -1 -1 -2 507870606 378321022 -1 -1 -2 -2 317680623 -1 -1 -2 -2 -2 -1 -2 -2 65487520 -1 -2 -1 -2 -2 -1 -1 -2 412207775 262169486 -2 -2 -1 -2 -1 -2 -1 202230095 -2 -1 -1 -2 -2 -1 -2 -1 -1 -2 -1 -1 -2 -1 -1 -2 -1 -1 -2 -2 -1 -2 -1 347841453 -2 -2 659050458
-1 -2 -2 -2 -1 -2 -1 -2 -2 -2 -2 -2 -2 -1 -1 67005490 -2 -1 -1 -2 -2 126622647 -2 -2 -1 -1 -1 -1 -2 -2 -1 -2 -1 -2 -1 -2 -2 -2 -2 -1 -1 -2 960886602 608774892 -2 -1 -2 -1 -1 -2 -2 -2 -2 -2 -1 -2 -2 -2 -2 -1 -2 -1 -2 -1 -1 312864204 -2 -1 -1 -2 -2 -1 -1 627350029 -1 -2 -1 -2 -1 -2 -1 935300274 -1 -1 -1 -2 -2 -1 -1 -1 -1 -2 -1 -2 -2 -1 -1 -2 -2 65527949 630693182 -1 -1 -2 -1 -1 -2 -1 -1 -1 -1 -1 -1 985309556 -1 542448086 -1 -1 -1 -1 855168873 -1 -1 733852578 4204354 -1 -2 780935555 -1 -1 -1 -1 -2 -2 -2 -1 -2 -1 711489911 -2 -2 303207
-1 -1 -2 -1 -1 -1 864418955 -2 -2 -2 -1 -2 -1 -1 -1 -1 -2 -1 274157048 498470835 -1 -2 -1 -2 -1 -1 -2 -1 -1 -1 -1 -1 -1 -2 -1 -1 -1 -1 -1 -1 -2 -2 -2 -2 719573020 -1 -1 -1 -2 -1 -1 -2 -2 -1 -1 -1 -1 104575261 745403411 -1 -2 -1 -2 -1 -1 -1 -1 -1 -2 -2 -1 -1 352942017 -2 -1 -2 -1 -1 -1 -2 -2 -1 -1 -1 674312869 -1 -1 -2 -1 -1 -1 -2 -2 -2 -2 117497217 -2 -1 -1 513349261 -1 -1 -1 -2 -2 -1 -1 -2 -2 -2 -2 -2 -2 -1 -1 -1 -2 -1 -1 -2 -1 -2 -2 -1 -2 -1 -2 -2 -1 -2 -2 -1 -1 -1 -1 -2 -2 -1 767400752 -1 -1 -1
-2 -1 -1 496101038 -2 -1 -2 -1 324999623 -1 -2 -1 -1 -1 -2 -1 -2 -1 -2 -2 -1 -2 -1 -1 -2 -2 -2 -1 -2 -2 -1 -1 -1 -2 -1 -1 -1 -2 -1 -1 417869277 -1 -1 -1 -2 -2 -2 -1 -1 -2 727019869 -2 -1 -2 -1 -1 -1 130279343 636664139 -2 -1 -1 -1 -2 -1 -1 -2 -2 -1 -2 -1 -1 -1 -1 -2 -1 -2 -1 -1 -2 -1 -2 -1 -1 -2 -2 -1 -1 -1 793075708 -1 -1 -1 -2 -1 -2 -2 -2 -2 -2 -1 -2 -2 -1 -2 -2 -1 -1 -1 -2 -1 -2 -1 -2 -1 -2 -1 -2 -1 -1 -2 -2 -2 -2 -1 -1 -1 -2 -1 -1 -2 -1 -1 -2 174187484 -1 -2 -1 -1 -1 -2 -2
-1 -1 -2 -2 -2 -2 -2 -1 -2 476359067 -2 -2 -1 -2 -2 -2 -2 -1 -1 677510937 -2 809349158 -1 -1 -2 -1 -1 -2 -1 -1 -2 -1 -1 -1 -1 -1 -1 -1 -2 -1 -1 -1 -1 -2 -1 -1 -2 412511383 -1 -1 -1 -1 -2 -1 -2 -1 -2 -2 -1 -2 -1 116358325 -1 -1 -1 -1 -2 -1 -2 -2 -2 -1 -2 -1 -1 -2 -2 -1 -1 -1 -1 -1 -1 -1 -2 107451386 390189815 -1 -1 -2 -1 -1 -1 -2 -2 -2 -2 -2 -1 -2 -2 -2 -2 138964955 -1 -2 -1 -2 -1 -1 -1 -1 -1 -1 -2 -2 -1 -1 -1 -2 -1 -1 -1 -2 146897062 -1 -1 -1 -1 -1 943098123 -2 -1 -1 -2 -2 -2 -1 -1 469000090 332969176 -2
-2 -2 -1 -1 -1 -1 -2 -2 -1 -2 -2 -2 -2 -2 -1 998379036 -2 -1 61834912 -2 -2 -1 -2 743629388 -1 -1 -1 -1 -1 -2 -2 -2 -1 -1 -1 -2 -1 39335582 -2 -2 -1 -1 -2 -1 -1 -1 -2 -1 -1 -1 -2 327570976 -2 122953583 -1 -1 -2 -1 51844624 -2 -1 -2 -2 -2 -1 -1 -2 473927457 -2 -1 -2 -2 -1 -1 -1 -1 -2 -2 -2 -1 -2 -1 -1 18819351 -1 -2 -2 -1 -2 -1 -1 -2 -2 -2 -1 -1 -2 -1 -2 -1 -1 -2 -1 -1 -2 -2 -2 -1 695942719 -1 -2 726498005 -2 -1 -1 -1 -1 -1 -1 -1 -1 502374763 616614696 -1 -2 430949051 -2 -2 -2 -1 -2 -2 -1 -1 -1 -1 -2 -2 -1 -2 -1 -1
-2 -2 -2 53443227 -1 -2 -2 497185185 143429632 -1 -2 -1 -2 -2 -1 -1 -1 -1 -2 361714343 -2 -1 -2 -2 -2 -2 -1 -1 -1 -2 -1 -2 -1 -1 -1 108862535 -2 61581904 -1 -1 -2 865436180 -1 -2 -1 -1 -1 -1 -1 -2 -2 -2 -1 -1 -2 -1 -2 520557939 -2 -2 -1 -1 632232934 -1 -2 -2 129578163 -1 -2 190453727 -1 -2 -1 -1 -2 -1 -2 -2 -2 -1 -2 -1 -1 -1 -1 392659334 -1 -2 -2 67541518 -1 -1 -1 -1 -2 -2 -1 -1 -1 -2 -2 -1 -2 -2 -1 -2 392017913 404843994 -1 -2 -1 -1 -2 -2 -2 -2 -2 -1 -1 -1 659163531 916370155 -2 -1 -2 -1 -1 -1 -1 -2 871580752 -2 276987977 -2 -1 -2 -1 -2 -1 -2 -2 -2
-2 -1 -1 -1 -2 -2 -1 -2 -2 -1 -2 -2 -2 -1 -2 -2 -1 -1 -1 -2 554674294 659215243 -2 -1 -1 612614903 -1 -1 -1 -2 -1 -1 -2 -2 -1 -2 839713125 -2 -2 -1 -2 -1 -1 -2 -2 -1 -1 -1 -2 -1 354735283 -1 -1 -2 -1 -1 -2 -1 -2 -1 -1 735840500 -1 -1 -1 -1 -1 -1 -1 -1 -1 -1 -1 -1 -1 658216963 -2 -2 -2 -2 -2 -2 -1 -1 -1 -1 50947993 -1 -2 -1 -2 -2 -2 -2 -1 2573244 -2 -1 -2 -1 -2 -1 -1 -1 -2 -2 -1 -1 -2 785865685 -2 -2 -1 -1 -1 -1 -2 -2 -2 -2 -1 -2 -2 -2 -1 -2 -2 -1 -1 -2 -1 -1 -2 -1 -2 350120341 820848488 -2 -2 -1 -1 -2
-2 -1 -2 -1 -1 -2 -1 -2 627723062 -2 -1 -2 -2 -2 -1 -2 -2 -2 -1 -2 25517687 -2 -2 -2 -1 -1 -2 -1 -2 -2 -1 -1 -2 -2 -2 -2 -1 -2 -1 747921732 -2 -2 -1 795286256 -2 -2 496725986 -2 -2 -2 -1 -1 -2 -1 -1 -1 -1 -2 -2 -1 -1 -1 -1 -1 -2 -1 -1 -2 -2 -1 18092459 -1 -2 -2 -1 -1 -1 -1 -2 -1 -2 -1 -1 -1 -2 -1 -2 -2 -2 -1 -2 -2 -1 -1 -1 -2 -1 -2 -1 -1 -2 -1 -2 -2 -2 598406639 -1 -2 -2 -1 -1 443013546 -1 -2 -1 -2 -2 -1 -2 -1 -1 -1 -2 -2 -1 -1 -1 -1 -2 -2 -2 875368786 -2 -2 -2 -1 256770853 -1 -2 -2 1666884 -2
-1 -1 -1 -2 -1 -1 666034656 -2 -2 -1 -2 -2 -2 -1 111887779 -1 -1 -1 -1 -1 -1 -1 -1 -1 -1 -2 -2 540138919 -2 -2 -1 -1 -1 -1 -2 -2 -2 -2 -1 -2 -1 -1 -2 -1 -1 -1 -2 -2 -2 -2 -1 -1 -2 -2 -2 -1 -1 -2 -2 -1 -2 44619764 -1 -1 -1 859558164 -2 -2 -2 -2 -1 -1 -1 -1 -1 -1 -2 -1 -1 -1 -1 -2 -1 -1 -2 -1 -2 659789669 -2 -1 -2 -2 -2 -2 517510361 -1 -1 -1 -2 -1 -2 -2 -2 -1 -2 -2 -1 -2 -2 309562026 -1 -2 -1 -1 -1 -2 -1 -1 -2 -2 -1 -1 -2 -1 -2 -1 -2 -2 -1 -2 -1 -1 -1 -2 -2 -2 -1 -2 -1 -2 -1 241840634
-1 -1 -2 -2 -2 -1 -2 990951151 -1 -1 -1 -1 -2 -2 -1 -2 137624412 -2 -2 545516358 -2 -1 -1 -1 439017788 -1 -2 -2 -1 -2 -1 -1 -1 -1 617060969 -1 -2 -2 -1 -1 -1 887626290 -2 84321433 -1 -1 -2 -1 -1 -1 -2 -2 -1 -1 -1 626795400 -1 -1 766220372 -2 -2 -1 -2 -1 -1 -1 -2 -1 76428573 566999490 -1 -1 -2 -1 -1 -2 -2 -1 -1 -1 -2 -2 -1 -1 737531466 -2 -2 -2 -1 -2 101449004 -2 -2 -2 -2 -1 -2 -1 -1 -2 -2 -1 -2 -1 -2 509218891 -1 -1 -1 -2 782420372 281391913 -2 -1 -2 -1 -2 -1 -1 -1 -1 -1 -1 -2 -1 -2 544150789 739990648 -1 -1 -2 -2 -1 -1 -2 -1 -1 -1 -1 -1 -1 -2
669611661 -1 -1 -1 -1 -2 -1 -1 -1 236602135 -1 -1 -1 519562909 -1 -1 -2 -1 -2 -2 -1 -2 -2 -2 -1 83045744 -1 -2 -1 -1 -2 -1 -1 -1 -2 -2 -2 -1 -1 -1 -1 28086140 -2 -1 -2 -1 -2 -1 -1 -1 -2 -2 -2 -2 -1 -2 -2 -1 -2 -1 -2 -1 -1 962087500 -1 -2 -1 -2 -1 -2 -2 -2 124145403 -1 -2 -1 -2 -2 -1 -1 -1 -1 -1 -2 -1 -2 -1 -2 -1 -2 -1 -2 -1 86396718 -1 -2 -1 -1 -2 406574540 -2 -2 -1 -1 692663728 828122698 -1 -1 -1 996306427 -1 -2 -1 -1 -1 -1 -2 -1 -1 226211032 -1 -1 -1 -1 789386361 -2 -2 -1 -1 -2 -2 -1 -2 -2 -1 -1 -1 -1 -2 -2 -2 -2
-1 -2 -1 -2 -2 -1 12500189 -1 -2 -1 -1 456098351 -1 -2 -1 -2 -1 -1 966498359 -2 -2 -1 -1 -2 -1 -1 -1 -1 -2 -2 107744745 -1 -1 -1 -1 -1 -1 -1 -1 432980684 -2 -2 -1 -1 -2 -1 -2 -1 -1 -2 272163544 -2 -2 -2 -1 305821892 -2 -2 238110539 -2 -1 -2 -2 -1 -2 -1 -1 -1 -1 -2 -1 -1 -2 -1 -2 575651638 -2 -1 -2 -2 -2 -1 -1 -2 -1 -1 -1 -2 -2 -2 -1 -2 -2 -1 -1 -1 -2 -1 -2 -1 990323043 -2 -1 -2 379872867 -2 -2 -1 -1 -2 -1 -2 -2 312619613 -1 -1 -1 243117001 534819829 -1 865158460 -2 -2 -1 -1 -1 -2 134879736 -1 -1 -2 -1 -1 -1 -2 -1 -2 -1 -1 575212646 -1 -1
-2 -2 -1 -2 -1 -2 -1 -1 -1 -1 -1 -1 -1 -1 -2 -2 -2 -1 -2 -1 -1 -2 -2 -2 -1 -2 -1 -1 -1 -2 -1 -2 -1 -1 -1 -1 -1 -2 -1 -2 -1 -1 -2 300978523 724095688 -1 -1 -1 -1 -1 598853731 -2 -1 -2 -2 -1 -2 -1 -1 -2 946853271 -1 -2 -2 -1 -2 -1 -1 -1 -2 -2 -1 -2 -1 -1 -2 381201734 -2 -2 -2 283634916 -1 -2 -2 -1 -2 -2 -2 -1 -1 -2 -1 -2 -2 -1 -1 -1 -2 -2 -2 -1 -2 337149464 -1 -1 -1 -1 -1 -2 -1 -1 -1 769769901 -2 -1 -1 -1 -1 -1 -2 -1 -2 -1 -2 -1 -1 -1 -2 -2 -2 -1 -1 488068364 -2 -1 -1 54190569 -1 -2 -1 -2 -1
-2 -2 -2 -1 -1 -2 -1 -1 -2 173744980 102399774 -1 -1 -2 -2 123801149 -1 -1 -2 -1 -1 -2 -1 -1 902886991 -2 -1 -2 -1 -1 -2 -2 -2 -1 -1 -1 -2 -2 -2 -1 -1 -2 -1 -1 -2 -2 800201463 -2 -1 -1 -1 -2 -2 -2 -2 -2 -1 -1 -1 -1 -1 -1 -1 -2 -1 -2 -1 -1 -2 -2 -1 -1 -1 -1 -1 63772654 -1 349972895 -2 -1 -1 -2 -1 -2 -1 -2 -1 -1 951376478 -1 -2 -1 -2 -1 -1 800256503 -2 692186135 -2 -1 -1 711087746 -2 -2 -2 -1 -1 -1 -2 -2 238616306 535365891 -1 -1 147754786 -2 -1 -2 -1 -1 -1 -2 -1 -2 -1 -1 -1 -2 -1 -1 -2 -2 -2 -1 -1 -1 -1 -1 -2 -1 -2 -1
-2 -2 -2 -2 -2 -2 -2 -1 -1 926272629 -2 -2 -1 -1 351803141 -1 -2 -1 -1 -1 -1 -1 -2 -2 -1 -1 -1 160116603 -1 -2 -1 -2 -2 -1 -1 -1 -2 -2 -1 923914520 -2 -2 -2 913518858 18019892 -2 645489994 -1 -2 -2 -2 -1 -1 -2 -1 -2 -1 -1 -2 -2 -1 -1 -2 -1 -2 62580563 -2 -1 -1 -1 -1 -2 109036223 -1 -1 -2 -2 -2 -1 -1 -2 -1 -1 -1 683584382 -1 -1 951115250 -1 -2 -2 -2 -1 -2 -1 -2 -2 -1 377525262 -2 -2 -1 646853444 -1 -2 -1 -1 -2 -1 -1 -2 -2 -2 -2 -2 -1 -2 -1 -2 -2 -1 -1 -1 -1 -2 -1 -2 125977234 -1 -1 -1 -1 -1 -1 -1 -1 -1 -2 -1 -2 -2 -2
-2 -1 -2 -2 -1 -1 -1 -2 -2 -1 -2 -2 -2 -1 -2 -1 -2 -2 -1 -2 -2 -2 -1 -1 -2 -1 -2 -1 -1 -1 -2 -1 -1 -2 904233909 -1 -1 -2 -1 -1 -1 -1 -2 23847364 -1 -2 -1 -1 -1 -2 -2 -2 -2 -2 -1 -2 -1 -2 -2 -1 -1 -1 -1 -1 -1 -2 650681469 -1 -2 -1 -2 -2 -2 -2 -2 -1 -2 -2 -1 -2 -2 -2 -1 695038210 -2 -2 -1 -1 -2 -2 -1 -1 -2 -1 -1 -1 -1 -2 -1 -1 -2 -1 -2 -1 -1 -1 -2 -1 -1 -2 -2 -2 -1 -1 -2 -2 387038520 -1 -2 -1 40807640 -1 -2 -2 86499683 -2 -1 -1 -2 -2 -1 -2 649066228 -1 -1 -2 -1 -2 -2 -2 -2 -2
-1 -1 -1 -1 -1 -2 -2 927706966 -2 -2 -1 -1 -1 836362106 -2 -2 -1 -1 -1 629447566 -1 -1 -2 -2 -2 364239911 -2 -2 -1 -2 -2 -1 -2 868759139 -1 -2 -2 -2 -1 -1 -1 -1 88709786 -1 -2 -1 -2 -2 -2 -2 -2 536435880 -1 -2 -2 -2 -1 -1 -1 -2 -1 -1 -1 -1 -1 -1 -2 -2 -1 -2 -1 -2 -1 -2 -2 -1 -2 -2 619178908 -2 -1 -1 -2 -2 -1 -2 -2 -2 -1 -1 -1 -1 -1 -2 -1 -2 -2 -1 -1 -1 206021414 -1 -2 -2 -1 81672459 -2 -1 -2 -1 -1 -1 -2 -1 -2 -2 -1 -2 -1 -2 -1 -1 -1 -1 -2 -1 -1 229458420 -1 -1 -1 -2 -1 117912327 -1 -1 -1 -2 -2 -1 -1 -1
-1 -2 -2 -1 -2 799269009 -2 -2 -1 -1 420884182 -2 -2 -2 -2 62457178 -1 -1 -2 -1 -1 -1 986477106 239338042 731650210 990095904 -2 -1 -2 -1 -2 -1 -1 -1 -2 -1 977151926 -2 -2 -1 -1 -1 -2 -1 -2 -2 383446369 -1 -2 -1 -1 -1 37082895 -2 -1 -2 -1 -2 -1 -1 -1 -2 -1 -1 -1 -1 -2 -1 464486403 -2 -2 -2 -1 -2 -2 -1 -2 -2 -1 689672721 -2 -1 10722270 -1 -2 -2 -2 -1 -2 -1 -2 -1 666292570 -1 -2 -2 -1 -2 -1 -1 -2 -1 -1 -2 -1 -2 -2 -1 -1 -1 -1 -2 -2 -1 -1 -2 -2 -1 -1 -2 -2 -1 -1 -1 -1 -1 -1 -1 -1 -1 231712668 -2 -2 -1 -2 -1 616154889 -1 -1 -1 950693145 -1
-2 -1 -2 24120381 522730606 -1 349756788 604684814 -1 522380661 -1 -2 -2 -1 -2 995228573 -1 -1 -2 -2 -1 -1 -1 -2 -1 -2 -2 -2 -2 -1 859593099 -1 -1 -2 -1 -1 -2 -1 -1 -1 -1 -1 -1 -1 -2 -1 60430712 -2 -2 -1 -1 -2 -1 -1 -2 -1 -1 -2 101437235 439726316 -2 -1 -1 -2 -1 -2 888084589 -2 -1 -1 -1 -2 -2 -1 -1 -1 -2 -1 -1 -1 -2 -1 -2 -2 -2 -2 68228869 -1 -1 -2 -2 -2 -1 -2 -1 -1 -1 -1 -1 -2 -1 -2 -2 -2 67598058 683814517 -2 943660205 -1 -2 -2 17158370 -1 -1 -1 708462962 -2 -2 -1 -1 -2 -2 100538708 -2 -2 -1 -2 -1 776385213 -1 -2 785689694 107330858 -2 -1 -1 -1 -2 509098867 -2 -1 -2
-1 -1 -1 -1 -1 -1 305444449 -1 -1 -2 -2 -1 -2 -1 -2 -2 -2 -2 -2 -2 -1 -1 -1 527343225 -2 930918916 -1 -2 -2 283577827 -1 -2 -2 -1 559651354 507854399 -2 684829685 -2 -2 -1 -1 -2 -2 169359161 -1 -1 -2 -2 -2 -1 -1 -2 -1 -1 -2 -2 -1 -1 -2 -2 -2 -1 -2 -2 -1 -1 -2 -1 457603108 -1 -1 -2 -1 -2 737104186 -1 -2 -1 -2 -1 -2 -2 -2 -2 -1 -1 -2 -1 -1 -2 -1 -1 -2 -2 775851807 -1 -1 -1 -1 -2 -2 341766848 -2 -2 -1 -1 -1 -2 -1 -2 -2 -2 -2 -2 -2 -1 -1 -1 -1 -1 -2 -1 -2 -1 -1 109685103 -1 -1 -2 -1 -1 -2 -1 -2 -2 -1 -2 -1 -1 -1 -2
-1 -2 -2 -1 -1 -1 -1 -1 -2 -1 -1 -2 -2 -2 -2 -1 -1 -1 -2 -2 -2 -1 -1 -1 -1 -2 -1 -1 -1 -1 -2 -1 -1 -1 -1 -2 -1 -1 -1 -2 -1 -1 -1 -2 -1 -1 -2 -2 -1 -2 -1 976571262 955985521 -2 -1 -1 -1 -2 -2 -2 -2 -2 -2 -2 -1 -2 -2 362532587 -2 -1 -1 -2 -1 -1 -2 -1 -2 -2 -1 -1 -1 -2 -1 -1 -1 -1 -2 748505993 -1 -1 -1 50617061 -1 -1 -1 -2 758723960 -2 -2 -2 -1 -1 -1 332706859 -1 -1 -1 -2 -1 -1 -1 107862126 -2 -2 -2 -2 -1 -2 -1 -2 834170208 -2 -1 -2 -1 -1 -2 -2 -1 -2 -2 -1 -2 -1 -2 -1 -2 -1 -2 -1 306439632 -2
-1 -1 -1 -1 -1 -1 -2 -2 -2 -1 -1 -2 -2 -2 -2 -1 -1 -2 -2 296840225 -1 -2 -1 -2 -1 453057950 -2 26077310 -1 -1 -1 -1 -1 -1 -2 -1 -2 -2 -1 -2 -2 -2 -1 -2 -2 -1 -1 362353335 -1 -2 -1 -1 -1 -2 -1 -2 -2 -1 -1 -2 -2 -2 -1 -1 -1 -1 -2 -1 -2 -2 -1 -1 -2 -2 -2 -1 -1 -1 -1 -1 -1 639840680 -2 -1 -1 -1 -1 -2 -2 -1 -2 -1 -1 242604056 -1 -2 -1 -1 -1 -2 -2 -1 -2 -2 323904094 -1 -1 788329663 -1 -2 -1 -2 -1 -2 12307243 -1 -1 -1 570026939 -2 -1 -1 -2 607460210 -1 917156947 -2 -2 -1 -2 383037709 -2 -1 -1 -2 205333473 -2 -2 -2 -1 -1 -2
-2 -2 -2 -1 -1 -2 -1 -1 -1 -2 -2 -2 -1 -2 -1 -1 -1 -1 -2 -2 -1 -2 -1 -2 293663508 -1 -2 -2 -1 -1 -1 -1 -2 -2 -1 -1 -2 -1 -1 -2 -1 -2 670055475 -1 -1 -1 -2 -2 -1 -1 -1 -2 -2 -1 -2 -1 -1 -1 -2 -2 -1 -1 -1 -1 -1 -2 -1 -2 -1 -1 -1 -1 -2 -2 -1 -2 -2 -2 -2 -1 -2 -1 -1 -2 -1 -2 -2 -2 -1 -1 -1 -1 -1 -1 675842682 -2 -2 -2 -1 -2 -1 -2 -2 -1 200098030 -1 -1 840656151 -2 -1 -2 -1 -1 -2 -1 -2 -2 -2 -1 -1 -1 831553948 -1 -2 -2 363958387 -1 -2 -1 -1 -2 -1 -2 -1 -1 -2 -1 -1 -2 -1 -1 -2
-2 190139256 -1 -2 -2 -2 -1 -1 -1 -1 -1 -1 -1 683526686 -1 145264297 -2 -1 -2 -2 -1 -2 -2 -2 -2 -1 -1 -1 -1 -1 -2 -2 -2 -2 -2 -1 -2 -1 643739405 -1 -2 -1 -1 -1 -1 -1 -2 -1 -1 -1 -1 -2 -1 -1 -2 47868881 -2 -2 -1 -2 -1 -1 -2 -1 -2 -2 -2 -1 -1 -2 -1 -2 -2 -1 -1 -2 -1 -1 -1 -1 -2 884444587 -2 -2 87766224 -2 -2 -2 -2 -1 157838888 -1 -1 -1 -2 -1 -2 -1 -1 -1 -1 -1 -2 -2 -1 770749810 -2 528673070 -1 -1 479585125 -1 -1 -1 -1 -2 -2 -1 -1 -1 -1 -1 -1 -2 -1 930221424 -2 -1 -2 -1 223333006 -1 51738709 352002904 -2 901683909 -2 -1 -1 -1 -1 -1
-2 -2 -1 783564297 -2 623291956 557632129 -2 -2 -2 -2 -1 -2 -2 -1 -1 -2 -2 -2 -2 -2 -1 -1 75243556 -1 -2 -1 -2 -2 -2 -2 -2 -2 -1 -2 -2 -1 -2 -2 -1 -2 70825914 -2 -2 -2 -1 -2 -1 -1 -1 -1 -1 -1 543528466 -2 -2 -2 -2 -1 -1 -2 -2 -1 902405175 -1 -1 42823702 -2 -2 -2 -1 587480581 433366957 100485183 -2 -2 -1 -2 -1 640915759 697843264 -2 -1 205064177 -2 -2 -2 -1 -2 -2 -2 -1 -1 -1 -2 -1 -2 -2 -1 -2 -1 -1 -1 -1 -1 -1 -2 -2 -1 -2 -2 -2 -2 -1 -1 -1 -1 -1 954754634 -2 -1 -2 -2 -1 -2 -2 713072205 -1 -1 920268870 -2 -1 -1 -1 -1 -2 -2 -2 -1 -2 -1 -1
-1 -1 491414833 -2 -1 -1 -2 -1 -1 -2 -1 -1 -2 -1 -1 -1 -2 -2 -2 -2 -2 -1 -2 -2 -2 -2 -2 -1 -1 -1 -1 -1 818523918 -1 -2 -2 -2 -1 255606871 -2 -1 60428839 -1 778391503 318672535 -1 -2 -1 -1 -2 -1 -1 -2 -2 -2 -2 -1 351943546 -1 -1 558978273 -2 -1 -2 -2 -2 -1 -2 344901940 -2 -2 -1 -1 -2 -1 -2 -2 -1 -2 -1 -2 -1 -1 -2 -1 -2 -2 -1 85410508 -2 -2 307275076 -1 -1 -2 -1 -1 -2 -2 -2 -2 -2 -2 -1 -2 -1 -1 -1 -1 -2 -1 -2 -2 -1 769845899 644000429 294369361 -2 -1 -2 -1 -2 -1 -1 -1 93801299 -1 -2 -2 -1 -2 -1 -2 -1 -1 -2 -2 -2 -1 -1 -1 -2
-1 -1 -2 -2 -1 -2 -1 -2 -2 -1 -2 -1 -2 -2 939647339 -1 -1 -2 -1 -2 -2 -1 -2 -1 -1 -2 -1 -1 327926047 -2 -2 541217298 -1 -1 -2 -1 -2 -1 -2 -2 -2 -2 -1 -1 -2 -1 -1 -1 -1 -1 -2 -1 -1 -1 -2 -1 -2 -2 -1 -1 -1 -1 568941607 -1 -1 -1 -2 -2 -1 -2 -1 -1 -2 -2 -1 -1 -1 -1 244741066 51065828 -2 -2 -1 -1 -2 -2 578798249 -2 -1 -1 -1 98636515 -1 186480355 -1 -1 -1 -1 -1 -2 -2 -2 -1 -2 -1 -2 954041617 -1 -1 -1 -2 -2 555664561 959172964 -1 82299560 -2 -1 -1 -1 -2 -1 -2 314706833 559847937 -2 -2 -2 -1 -1 -2 -1 -2 -2 -2 -1 -2 -1 -1 -1 -2 -2
-1 -1 -1 -2 -1 -1 -2 425325619 -2 -2 -2 -2 693981729 -2 -1 -2 -1 -1 -1 798926440 -2 -1 -1 -1 -1 -1 -2 -1 -2 -1 -1 -2 -2 -1 -2 -1 -1 401848103 -1 -2 -2 -1 -1 -1 -1 -1 -2 -1 -1 -2 -1 -2 -1 -2 -2 -1 -1 693171322 -2 -1 603124530 -2 -1 -1 -1 -1 -1 -2 -1 -1 -1 -2 -1 -2 -1 -1 -1 -2 -2 187970489 -1 -2 -1 -2 -2 105211663 -1 535071741 -1 -2 -2 -2 -1 -2 -1 -1 -1 -1 -1 -1 -1 -1 -1 -2 -1 -2 -1 -2 -2 -1 -2 -2 -1 -2 -1 -2 -1 -1 -1 -1 -2 -1 -2 -2 -1 -1 -2 -1 -2 -1 -2 -1 -1 -1 -1 -2 -1 -2 -1 -2 -1 -1
-2 -2 -1 -1 -2 -1 -1 59038468 -2 -2 -1 -1 -1 -1 -2 -1 -1 -1 -1 -1 -2 -1 -2 -1 -2 -2 -2 -1 -2 -1 -1 851526391 -2 -2 -2 -1 -1 -2 713214664 -2 -1 -2 -1 -1 314442446 -1 -2 -1 -1 -1 -1 -1 -1 -2 -1 -2 -2 -1 -2 -1 -2 -2 -2 -2 -2 -2 465509582 -2 -2 -1 -2 -2 -1 -1 -2 -1 -1 526799224 -1 -1 -2 -1 -1 676820507 -2 558218492 585473733 -2 -1 -1 -1 -1 -1 -1 -1 -2 -1 -2 -1 -2 -2 -1 -1 -1 -2 -2 -1 -2 288543285 -2 -1 -1 -1 -2 -1 -1 -1 -2 -1 -2 -2 -1 -1 -1 -2 -1 -2 -2 81531399 -1 -1 -1 -1 -2 -1 -1 -1 -1 -1 -2 -1 -1
-1 -1 -1 -1 -1 -1 -1 -2 -2 -2 -1 -2 -1 -2 -2 -2 -1 -1 -1 -1 -1 -2 -2 -1 -2 -2 -2 -1 -2 -1 818722125 -1 -1 -2 -1 -1 -2 -1 -2 -1 -2 -1 84082189 -2 933326126 -2 -1 -1 -2 -2 -2 -2 -2 -2 -2 -2 -2 -1 -2 -1 -1 -1 -1 -1 -1 -2 -1 -2 -1 -1 -2 -2 -2 -2 -1 -1 69130349 -1 770886570 9829136 -1 -1 -1 -2 -2 -2 65193018 -2 -2 -1 96485913 -1 234116272 568457900 65182246 -1 -1 -2 -2 -1 -1 -1 -1 -2 -2 -1 -1 -2 -1 -1 880803018 -1 -2 -2 -2 293359832 -2 -2 -1 -1 -1 -2 -1 -1 -2 -1 -1 -1 -1 -2 -2 -2 -1 914753630 -2 -2 -2 -1 -1 -1 -2 -2
-2 -2 -1 -1 -2 -1 -1 -1 -1 -1 -1 -2 -1 -2 -1 -2 362753307 -1 -2 -1 -2 -2 -2 971218907 -2 -1 -1 -2 -1 -2 -2 -1 -1 -1 -1 -2 -1 -1 -2 -1 -2 -2 -2 -1 -1 388196645 102859989 948093436 -1 -1 -1 -1 -2 -1 -1 -1 -1 -1 -1 -2 -1 -2 -2 -1 -2 -2 -2 -1 -2 -1 -2 -1 -1 -2 -1 -2 99957307 -2 -1 -1 287523419 -1 400401012 -2 -1 -2 -2 -1 -1 -1 -2 -1 -1 -1 -1 -2 759922475 -2 -1 -1 -1 -2 -1 -1 -1 -2 -2 -1 -1 -1 -2 -1 -1 -1 -1 -2 -1 -1 -2 -2 -1 -2 -1 -2 -1 -1 84642492 -1 -2 -1 -2 -1 -1 -1 -1 -1 -2 -1 -1 -2 -1 -1
-1 -1 -1 -1 -2 743309157 -1 -2 -1 -1 -1 -2 -2 314591243 -2 -1 -2 -1 -1 -1 -1 -1 928702822 -2 -1 613681335 -1 -2 -2 -2 -1 -1 -1 -2 -1 -1 -1 -1 -2 309819471 -2 -2 -2 -2 -1 694616986 -2 -1 -2 -1 -1 -1 -1 -1 -2 -1 814402892 -1 -2 -1 -2 -2 -2 -1 -2 -1 -1 -2 296475095 -1 -1 -1 -1 -1 -1 -2 -1 -1 -1 -2 -1 -1 -1 -2 -1 -1 -1 -2 -2 -1 -2 -1 -2 -1 -1 -1 -1 -2 -2 -1 -2 -1 -1 -2 -1 -1 -2 -1 -2 961234057 -1 -1 -1 -2 -1 -1 -1 -2 -1 -1 -2 -1 -1 -1 -2 -1 -1 -1 -2 -2 -2 -2 305849787 351206939 -1 -2 -2 -2 -1 871758699 -2 -1
-1 -1 -1 -1 -1 769769645 -2 763544871 336949102 582850829 -2 -2 -2 -2 -2 -1 876619249 430247786 -2 -1 -2 -2 -1 -1 -2 -1 -2 -1 -1 -2 -2 244484532 -1 -1 -1 -1 422032006 -1 -1 -1 -2 -2 -1 563840482 -2 -2 -2 -1 338353813 -2 -2 -2 -2 -1 -2 -1 -1 -2 -2 -1 -1 -2 -2 -1 -2 -1 852110811 -1 -2 -1 -1 -1 -2 -1 -1 -2 -2 -2 123224574 -1 -1 -2 493810790 -2 593493869 -1 -2 -1 -1 -1 -2 -1 -1 -1 -1 -1 -2 -2 -1 -1 359291695 -1 -1 -1 -1 -1 -2 -2 -1 -2 -1 -1 -1 543182636 375207354 -2 -1 -2 -1 -1 -1 -1 -2 -2 -1 -2 917446030 -1 -1 -1 -2 -2 -1 -1 -1 -1 -1 -1 -1 -1 -1 -1
-2 -1 -2 -2 654559962 -1 -2 -2 -1 -1 -2 -2 -2 -1 -2 -1 804504989 724863779 -1 -2 -1 966677700 85173338 -2 -1 -2 -2 -2 -2 -1 457669818 -2 620262464 -1 -2 -2 -2 -2 -1 -2 -1 -2 -1 -1 -1 -1 -1 -1 459929538 587110368 -1 -2 -2 751062544 -2 -2 -2 -1 -1 -2 -1 -1 -2 -2 865224969 -2 -2 -1 -1 -2 -1 21996042 -1 283032810 -1 -1 -2 -1 -2 -2 -1 -1 -1 -1 -2 -2 -2 -1 -2 -1 -1 -1 -1 -2 85655356 -2 -1 -2 -1 -1 -2 -1 -1 -2 -2 -1 -1 -2 -2 -2 -1 650182863 -1 -1 -1 -1 -1 -1 -1 -1 -1 -1 -2 -2 723779375 -2 -1 612053611 -1 -1 -1 -2 -1 -2 -1 -2 -1 -1 -1 -2 -1 -2
-1 -1 889421883 -1 -1 -2 958524018 -1 390712677 -1 -1 -1 -1 -2 -2 -1 -2 -2 -1 -1 117761204 -2 -1 -1 -2 -1 -2 -2 -2 -2 -2 -1 -2 -2 -1 -2 -1 -2 -1 -2 -2 -1 -2 -2 -1 -2 -1 -2 -1 -2 8715502 -2 -1 -2 -2 -1 -2 -1 -1 -2 -2 -1 -2 -1 -1 -1 -1 -1 -1 -1 -1 -1 -1 -1 -1 -2 -1 -1 -2 -2 -1 -2 -2 -2 -2 -1 511186444 -1 -1 -2 -2 -1 -1 -2 57742019 -2 -1 -1 -1 -1 -1 250134591 800097109 -2 -1 -1 -2 640353342 -2 645482695 -1 -1 -1 -1 -2 -2 -2 -1 -2 -2 -2 -1 -2 -2 -2 -2 -1 -1 -1 -2 -1 -1 -1 -2 -2 -1 -1 -1 -2 -2 -1 -1
-1 -1 -2 -1 -1 -1 -2 -1 -2 -2 -2 -1 -2 -2 -2 -2 -1 -1 -1 -2 -1 132559691 -2 -2 -2 786582010 693518211 -1 -2 -2 -1 -2 -2 -1 -1 -2 -1 -2 -2 -2 -1 -2 -2 -1 -1 -2 -1 -2 -2 -1 -2 -2 581006490 270074734 -1 -2 -2 -1 714050738 -2 -1 -2 121076507 -2 -2 -1 -1 -2 -2 382893650 -1 -1 18469015 -2 -1 -2 -1 -1 -1 -1 92730900 -1 -1 -1 -2 -2 -2 -1 -1 -1 617109210 -1 -1 -2 -2 -1 -2 -1 -1 302784572 -2 594377224 -2 -2 -2 -2 -2 -2 -2 -2 -1 -2 -2 -1 -2 -2 -2 -2 -1 -2 -1 -1 -1 -2 -1 -2 -2 -1 -1 -2 -2 -2 -2 -2 -1 -2 -2 -1 -1 -1 -2 92834919
-2 -1 -2 -1 -2 -1 -1 -1 -2 -1 -2 -1 -2 -1 -1 -2 -1 -1 -2 -2 -1 -1 -1 -2 -1 -2 -2 -2 83379981 -2 -2 -2 285291396 -1 -2 -2 -1 -1 -1 -2 -2 -2 -1 -1 -1 -2 -2 -2 -2 -1 -1 -1 -2 -2 -1 -1 -1 -2 -2 -1 -1 -1 -1 -1 -2 -2 -1 -1 -2 -1 -2 -1 -1 -2 -1 -1 -2 -1 -1 -1 -2 -2 -2 -1 -2 -1 -2 -2 -1 255491711 -2 -1 -2 -1 -1 -1 -1 -1 -1 -2 -2 128753386 -2 -2 -1 -2 -1 -2 -1 -1 477873549 -1 -1 -2 -2 -1 -1 -1 -1 -1 758686354 -1 -1 -1 -2 -2 -2 -2 -1 -2 -2 -1 -2 29262015 -2 -1 -2 -2 -2 -2 -1 -1
-2 -1 -2 907140540 -1 -1 -1 -2 124475042 -1 -2 768640614 -1 -2 27533019 -2 -1 710687268 -1 -1 -1 -1 -1 117564417 -2 -2 458384633 -1 -1 -2 -1 -1 -2 -1 -1 -2 -2 181592944 -1 -1 -1 -1 -2 -1 -1 -2 -2 -2 -1 -2 -1 -2 -1 -2 638967584 -2 -1 -1 124440002 -1 -1 -2 -2 -2 -2 -1 -1 -1 674396708 -2 65805276 -1 -1 -1 -2 -2 -2 -1 -2 -1 -2 -1 34439551 -2 -2 -2 -2 -1 -1 -1 -2 -2 -1 -1 -2 -1 -2 -2 -2 -1 -2 -1 -1 -1 -1 -2 -2 -2 -2 -1 -1 -1 -2 -2 -1 -1 -2 -2 -1 -2 -2 -2 -1 -1 -2 -2 -1 -1 -1 -1 -1 -2 602594274 -2 -2 -2 -1 -1 -2 -1 -2 -1
-2 -2 -1 -1 -1 -1 -1 -1 -1 233204099 -1 -2 656652912 -1 -2 374746924 -2 -1 115869866 -1 -1 -1 -2 -2 -1 -1 -1 -2 -1 -1 -1 748382717 -1 -1 -1 -1 -1 -1 -1 -1 -1 -2 -2 -1 -2 -1 469776690 -1 -2 810460440 714343793 -2 -1 -2 -1 -2 -1 -1 -1 -1 -2 -1 -1 -1 -1 -2 -1 -1 -2 -2 -1 -2 -2 -2 -2 -2 -1 -1 -1 -1 834406266 -2 -1 -2 -2 151226053 -1 -2 -1 -2 -2 -2 -2 -1 902525278 -2 -1 758676885 -1 -1 -2 -2 618387747 285015835 -1 -2 -2 -1 -2 -2 -1 340661919 -2 -1 -2 -2 282489736 -2 -1 -1 -1 -1 -1 -1 -1 764992709 -2 -2 -1 -1 235281741 -1 535264748 -1 -1 -2 -2 -1 841015732 -1 -2 -2
-1 -1 -1 -1 -1 -2 -2 -2 -2 -2 -1 -2 -1 -2 -2 -1 860091634 -2 -2 -2 -1 -2 -2 -1 -2 -2 -1 -1 -2 206573057 -1 -1 649975029 -1 -1 -2 -2 742698605 -2 -1 -1 -1 -1 -1 -1 788806409 -1 -1 -2 -1 -2 -2 -1 -1 -1 -2 -2 -2 -1 866006478 -2 -1 -1 -2 -2 -1 -2 -2 -1 -1 -2 -1 -2 -2 -1 -1 -2 -2 -2 -1 -1 -1 -2 -2 -1 -2 -1 -1 -1 -1 -1 -2 -2 -2 -2 49941556 -1 -2 -2 -2 -2 719781257 -1 -2 28808210 -1 -1 -1 -2 -2 -2 -1 -1 -2 -2 -1 -1 -2 -2 -1 -1 -2 -1 -1 -1 -1 -1 -1 -1 -2 -2 -1 -1 -2 -2 -2 -2 -1 -1 386416228 -1 -1
-2 -2 -1 -1 -2 -1 -2 511086879 -1 -2 -2 -2 -1 -1 -1 -1 -2 -2 -2 -1 -1 -2 -2 -2 -1 -1 -2 -2 -1 -2 -2 -2 -1 -1 -1 -1 -1 -2 -2 -2 -1 -2 738411903 -1 -1 -2 -2 -2 -1 -2 578127972 -2 -1 -1 -2 -1 -1 -2 -1 -1 -1 -2 -2 448397366 -2 -1 -1 -1 -2 -2 -1 -1 -1 -1 -1 -1 -1 -2 -2 -1 -2 -1 -2 -2 -2 -2 -1 -1 -2 -1 -1 -2 -1 -2 -2 -1 -2 704565346 -1 -2 -1 -2 -1 -2 -2 -2 -2 -1 -1 -1 -1 -2 -1 -1 -1 839306583 -2 -1 -1 -1 -2 -1 -1 -2 -1 -1 -2 -1 -2 -2 -1 -1 -2 -1 86877333 92918401 -1 -2 -2 -1 -1 -1
-1 -1 -1 -2 -1 -2 -1 -2 664123767 -1 -1 -2 -1 -2 -1 -2 -1 -1 -2 -1 -2 -1 -1 -1 371746530 -2 -1 -2 -1 -1 -2 -2 527359783 -1 -2 -2 -1 -1 -1 -1 -1 -2 -1 -1 -1 -2 -2 -2 -2 -2 -1 -2 -1 -2 914559808 -1 -1 -1 -1 -2 -2 -2 -2 -2 -2 -2 -2 -1 -2 245176395 -2 -1 -2 -2 -1 -1 -2 -2 -1 -2 -1 996638051 42304955 -1 -1 -1 -2 -2 -2 -2 -2 -2 -1 -2 -1 -2 -2 -2 -1 -1 -2 -2 -1 -1 -1 -1 -1 -1 -1 -1 -1 931178750 302619879 -2 -1 -2 -2 -1 -1 -1 -1 -1 -2 -1 -2 -1 -2 887691361 -2 -1 -1 -1 -2 -1 -1 -2 -2 -2 529751943 -2 232569450 399086077
-2 -2 -2 -2 -1 -2 -1 -2 -2 -1 -1 -1 -1 -1 -1 -1 -2 976056671 608225498 -2 -2 -1 -1 -1 -1 -1 -2 -2 -1 -1 -2 -1 -1 -1 -2 -2 -1 -2 -2 -1 -2 -1 888199184 -1 -2 802488884 -1 -2 -1 -2 -1 -2 -1 -1 -2 -2 -1 766117975 -1 -1 649991380 -2 -1 -1 -1 -1 -2 -2 555724964 246615732 -1 -2 -2 -1 -2 -1 -2 -1 -2 -1 -2 -1 -1 654870079 -1 -2 270732526 -1 -2 -2 -2 -2 -2 -1 -2 -2 -1 -2 -1 -1 -1 -1 -1 -1 -1 -1 -1 -1 -2 -1 -1 -1 -2 -1 -1 -2 -1 -2 -1 -1 54357431 -2 -2 -1 -1 -2 -2 -1 390919320 -1 -1 -1 -2 -2 -2 -2 -1 -1 -1 -2 -2 -1
-2 -2 -2 -2 -1 -2 -1 -1 -1 -2 -1 907133127 -2 -2 -1 -1 -2 -2 -2 -1 -1 -2 -1 -2 -1 -1 -1 -2 -1 -2 -1 -1 -2 -2 -1 753570121 -2 -2 -1 -2 -1 -1 -2 591631005 -2 -2 894861100 -1 -1 -1 -1 -2 -2 -1 -2 -1 -2 143321118 -1 -1 -2 -2 -1 -1 -1 -2 -2 -1 -2 -1 -2 -1 -2 -2 -1 -1 452650328 -2 -1 -2 636967232 -2 627946592 990471437 -2 -2 -2 -1 547231982 -2 -1 -2 -1 98283661 -1 -1 -1 -1 653554280 -1 -2 427183704 -1 -2 -1 -2 -1 -2 -2 -1 -2 -2 -2 -2 627105024 -1 -1 956158141 -2 -2 929386495 -1 -1 -1 -2 -1 -1 -1 -2 987510717 -1 -2 -1 -1 -1 -1 -2 -1 815338956 -1 -1 -2
-1 -1 39867236 -1 -1 -2 -1 -1 -1 -2 -1 -1 -2 -1 -1 36244877 -1 69109834 -1 -1 -2 -2 -1 -1 -2 -2 -1 -1 -2 -1 -2 -1 -2 -2 -1 -2 -1 -1 -1 570607445 765555642 -2 -2 -1 -1 -1 -1 -1 -2 -1 -1 -1 -2 -2 -2 -1 -2 -2 431322222 433881805 -1 -2 -1 316956180 -2 -1 -2 -1 -1 -1 -1 -1 -1 -1 -2 -1 -2 -2 -2 136832997 -1 -1 269575642 -1 -1 -1 -1 -1 328570194 -2 -2 -1 -2 -2 -1 -1 -2 -2 52493797 -2 -2 -2 -1 -1 -2 -2 -1 -2 -1 -1 -2 -1 -1 -2 -1 -2 -2 -1 -1 -1 -1 -1 -2 -2 137683284 -1 -1 -1 -1 -2 -1 -1 -1 -1 -1 -1 595466789 -1 -1 -2 199142619 656705282
-1 -1 -2 -2 -1 -1 427732582 -2 -1 -1 -2 -2 -2 -1 -1 -1 -1 -2 -2 -1 -2 -2 -1 -2 593997078 725768955 -2 -1 -2 -2 -2 -2 -2 -1 -2 -1 -2 -1 -1 -1 -2 -2 -1 -1 -2 -1 -2 -2 -2 -2 -2 -2 -2 -2 -2 -1 -2 -2 -2 -2 -2 -2 914323044 -2 -2 -1 430942367 -1 -2 857710951 -2 -1 778840478 -2 -1 -1 560498771 276256083 -1 -1 -1 224894921 -2 -2 -1 -2 -2 -1 585072517 2960729 -2 -2 -2 503358432 -2 -1 -1 525620753 -2 -1 -2 -2 -1 -2 -1 -1 -1 -2 -1 -2 -1 -1 -1 -2 -2 -2 -1 -1 452638727 -1 328102614 -1 -1 -2 -1 -2 -1 -1 -1 -2 -1 -1 435685494 -1 -1 -1 40665241 -1 -2 -1 -1 -1
-1 -2 115490899 -1 -2 -1 -2 -1 -1 -2 -1 -1 -2 -2 -2 -2 -1 -1 -2 -1 -2 -1 95266387 -1 512228434 -1 954268772 -1 -1 -2 759459982 -1 -2 -1 -1 -2 -2 -1 -1 -2 -1 -2 961697160 -1 -2 -2 -2 -1 -1 -1 -1 -1 -1 -2 -2 -1 -1 -1 -2 -1 398206129 -1 -1 -1 -1 140393905 -1 -1 -2 -1 -1 -1 -1 -1 -1 -2 -1 -2 -1 -1 -1 -1 -2 -2 -2 -2 410303776 -1 -1 -2 -1 576370423 -1 -1 -2 -1 -2 -1 45458426 -1 -2 -1 -1 -2 -2 -2 -2 -1 -2 -1 -2 -1 676133655 -1 -1 -2 -1 -1 -1 -2 -2 -2 810696714 -2 -2 -1 -2 -1 -1 -1 -2 -2 -1 217425664 -1 -1 -1 -2 -2 -2 -1 -1
-2 -2 -1 -1 187506880 -2 -1 -2 -1 880591969 -1 -2 -2 -2 -1 -2 -2 -2 -1 -2 885729606 -1 104543316 -1 -2 -2 -2 579454417 -1 -1 -1 -1 -2 881281426 -1 -1 -1 268105304 -2 -1 -2 -1 -1 -2 624605455 -1 150431933 -2 -2 -1 -1 -1 -1 -2 -2 -2 -1 894144169 -2 -1 -2 -2 -1 -1 -2 -1 -1 -1 -2 -2 -1 -1 -2 -1 -1 -1 -2 -2 -1 -2 -1 -1 166387740 -2 186909772 -1 -2 -1 -1 275366667 -1 -1 -2 857908285 -1 -2 -1 -1 -2 492931486 804370315 -2 -1 -1 -2 -2 -2 -1 -1 -2 -1 -1 443428501 -1 -2 35661278 -1 -1 -1 -1 -1 755300543 -2 -1 -2 -1 -2 369427264 -1 -2 -2 859755446 -2 -1 -2 -2 -1 -2 629436550 -1 -1 -1
-2 -1 988828000 -1 -1 -2 -2 -2 97284097 -1 -2 653567157 -2 -1 -1 -1 505890511 845882693 -2 -2 -1 -1 -1 -1 -1 -2 -2 -2 -1 -1 -2 -2 -2 -2 491745841 -2 -1 -1 -2 -2 -1 -2 -1 -1 236991077 -2 -1 569231430 -1 -1 -1 -1 -1 -1 -1 -1 -1 -2 -2 -1 -2 -2 -1 -2 -1 -1 73720627 -2 -1 -1 -2 -1 -1 -1 -2 -2 -2 -1 192726718 -2 -2 -2 152218194 496954202 -1 -1 -2 -2 -1 -1 -1 -2 339668892 -1 -2 -2 -2 -2 426229224 -1 -2 590595405 -1 24273174 -2 -1 -1 -2 -2 -1 -1 -2 -1 -2 -1 -1 -2 -1 -1 -1 -2 -1 -1 -1 -1 839298541 -1 -1 -1 113031175 -1 -1 -1 -1 -1 -1 -2 -1 -1 -2 -1 -1
590877628 -1 36755684 -1 388030468 -1 -1 -2 -2 -1 -1 -2 -1 -2 -1 -2 -1 -1 -2 -2 -2 -1 -2 -1 -1 -2 -2 -2 -2 -1 -2 -2 -2 -1 -2 -2 -2 -1 -1 -2 -1 -1 -1 -1 -1 -2 -2 -1 485043076 -1 -2 -2 -1 -1 -1 -1 -2 -1 -1 -2 -1 -1 -2 -1 -2 -2 -1 -2 -2 -1 -2 -2 819551583 -2 -2 -2 700120086 -1 -2 -2 46167173 -2 -2 -1 -1 -1 322077261 -1 -2 -2 -2 -1 -1 -2 -1 719661480 -2 -1 -2 -1 -1 -2 -1 -1 -2 -1 -2 -1 -1 -2 -1 -1 -1 -1 -1 -2 -2 -2 -2 -2 -2 -1 -2 463310037 -2 -2 -2 -2 -1 -1 -2 -2 306681321 -1 -1 -2 -2 -2 -2 -1 -1 -1
-1 289540512 130263342 -1 -1 968251826 -1 -2 -2 -1 -2 648476147 -1 -2 -1 -2 -1 -1 -1 -2 -1 -1 -2 -1 193931721 -1 -2 739251591 -2 -1 -2 -2 -1 -1 -1 -1 903348149 -1 -2 -1 -2 -2 -2 -2 -2 -2 -2 -1 -2 111681414 -2 -2 -2 -1 -1 -1 -2 -1 -1 -2 -1 -1 -2 140020128 -2 -1 -2 -2 45726761 -2 -1 -2 -2 -2 -2 -1 -1 -1 -1 -1 -2 -2 -1 745079363 -1 -2 -2 -2 -1 -2 -2 -1 -1 -2 503490118 -1 -1 75118464 -2 -1 -1 -1 -1 -2 -1 -1 -2 -2 -2 -2 -2 -1 -2 -2 743163000 -1 -1 -1 -2 -1 -1 -1 -1 -1 -1 -2 -1 -2 181665277 -1 -2 -2 -2 -2 -1 -1 -2 -2 -1 -2 -2 -2
-1 -1 -2 -1 -2 -2 -1 -1 -1 -1 -1 -1 -2 -1 -2 -1 -2 -1 703986859 -1 311677974 979401833 -1 -1 -2 897999114 -1 -2 -1 -1 -1 -2 -1 -2 -1 -2 -1 -2 -1 -2 -1 -2 -2 -1 -2 -1 -1 -2 -2 -2 -2 -2 -1 -1 -1 -2 -1 -1 -2 -1 -2 -2 -2 469946893 -1 -2 -1 -1 -2 -1 -2 -1 -1 -2 -1 -2 -2 -2 -2 -1 -1 -2 -1 -1 -2 -2 200385803 -2 -1 -2 -2 -2 -1 -1 -1 -1 -1 -1 -2 410706836 -2 -2 -2 -1 -2 -1 -2 -1 -1 -2 -2 -2 -2 -1 -2 -2 -2 -2 -2 -2 -1 -2 -1 -2 -2 -1 -1 -1 -1 -1 -2 -1 50432301 -1 -1 -1 -2 -1 -2 -2 32068899 -2
-1 -2 299035158 -1 -2 -2 -1 -2 -1 -2 -2 -2 -2 -2 -1 -1 -1 -1 234378152 510030647 -1 -2 -1 450757878 -1 -2 -1 -2 -1 -2 -1 -2 764423160 -1 -1 -2 -1 -2 -2 -1 -2 -2 -1 -2 -2 -2 -2 -2 -1 781968503 913559082 -2 71183698 -2 552670313 169114527 -1 839811245 -1 -2 -1 -2 -1 -1 -2 -2 -1 -2 -1 -1 -1 -1 -1 -2 -2 -2 -2 -1 -2 -1 -2 -1 -2 -2 -1 -2 -1 -1 -1 -1 -1 -1 -1 -1 -1 -2 -2 -1 -2 -2 -2 -1 -2 -1 -1 -1 -2 224878228 -1 -1 -2 498671157 -1 -1 -2 -1 -2 -2 -2 -2 -1 -2 -2 -1 -2 -2 307241524 -1 -1 941480233 -2 -2 -1 -2 -1 -2 -1 -1 -1 -2 -2 -1
448898960 -2 -2 317287427 -1 -1 -2 -1 -2 -1 -1 -1 122237702 -2 -1 -2 -1 -2 -1 -1 -1 196550277 -2 -1 -2 -2 -2 -1 -1 -1 -1 -2 -1 -1 -1 475451901 -1 -2 -1 -2 -1 -2 -1 -1 -1 -1 -2 -1 -1 26817195 -2 -2 -2 -2 -2 -2 54151401 -1 -2 -1 -2 -2 -2 -2 -2 -1 -2 -1 -1 -2 -1 -2 -2 -1 -2 700436226 -2 -1 -2 -1 -1 -2 -2 -2 77615926 -2 -1 -1 -2 -2 -2 -2 -1 -1 -2 -2 -1 -1 -2 -1 -1 -1 -2 -1 -2 -1 -1 -1 -1 -2 -1 -2 -1 -1 514409894 -1 -1 437261093 -2 -1 -2 -1 997080503 -1 -2 -1 -1 -2 -2 -1 -1 -1 -2 -2 -1 -1 64585670 996168126 -2 -1 -1 -1
-1 -2 -2 -1 -1 -1 -1 -1 -1 -2 -2 -2 -1 -1 -2 732841838 -1 -2 -2 -1 897844150 -2 -2 -2 -2 -2 -2 -2 -2 -1 -2 -2 -2 -1 -2 -1 -2 -2 -1 -1 712531292 -1 -1 -1 -1 -2 -1 -1 -2 -1 -1 -2 -1 -2 -2 -2 -2 -1 -2 -1 -2 -1 -1 -2 -1 -1 -2 -1 -2 -1 -1 -2 -2 -1 -2 -1 -2 -1 -2 -1 -1 -1 -1 -1 -1 -1 -1 -1 -2 -1 840459734 -2 -1 -2 -2 -1 -2 -2 -2 -2 -1 -1 -1 -1 221331361 -1 -1 -1 -2 -1 -2 -2 -1 -1 -1 -1 -1 -1 -2 103073257 -2 -1 -1 -1 -2 -1 -1 -1 -2 -1 -2 -1 -2 -2 -2 -1 -2 -2 271024675 -1 -1 -1
-2 671808326 -1 -2 -2 -1 -2 -2 -2 -1 -1 -2 -1 -1 -2 -2 -2 -1 -2 -2 -1 -1 -1 53869570 -2 -2 -1 -1 166372359 -2 -1 -1 -1 -1 -2 -1 -1 102482352 -2 -1 -2 -2 -1 -1 -1 104167761 -1 -1 -2 -2 -2 -1 -2 -2 -1 612689696 -1 -2 765204341 365489031 -2 -1 -2 -1 -2 -2 -1 -1 -2 -1 -1 553092197 -2 -1 -1 -2 -2 -1 -2 -1 -2 273308798 -2 -2 -1 -1 -2 -1 -2 -1 -1 -1 -2 -2 -1 -2 -1 112039441 -2 -1 -1 878925670 540211108 -2 -1 -1 -2 -1 -1 -2 -1 -2 483821647 -2 420345380 -1 -2 -2 -1 -2 -2 -2 -1 -2 -1 -2 -1 -2 736023118 -2 -2 -1 -1 77189215 -1 -1 -2 -1 -2 -1 -2 -1
-2 -1 -1 -1 -2 -1 233838271 -2 -1 -2 -2 -2 -1 -1 -2 -2 -2 -1 -1 -1 -1 -1 -2 188526449 -2 -1 -2 -2 -1 -1 -2 -1 -2 -1 -1 122375984 -2 -2 442085105 -2 -1 -1 -1 -1 -1 -2 -2 -1 -1 825451398 -1 -2 -1 -2 986692854 -1 834395305 -1 -2 -2 -1 -1 -1 -2 -1 -1 -2 -2 -1 -1 -1 -2 225346222 -1 -2 -2 -2 -1 -2 -2 -1 783495134 -2 -1 -1 -2 -2 -1 -1 -1 -1 -1 221471026 -2 -2 -1 -1 -1 -1 -1 -1 -2 -2 -2 662046483 -2 -1 -2 -1 -2 -1 -1 -2 823640567 -2 2007579 -2 -1 -2 -1 -1 -1 -1 -2 -2 -2 -2 -2 -2 978868257 -2 -1 -2 -1 -1 -1 -1 -2 -1 -2 -2 96830891
-2 -1 -1 -2 -2 -2 -2 -1 -2 -2 -1 -1 -1 -2 -2 -1 -2 -1 -1 723068884 -1 -2 -1 -1 -1 -1 -2 -2 -2 -2 -2 -1 -1 -2 -2 -2 -1 -2 -1 -1 -1 -1 -2 -2 -2 -1 -1 -1 -2 17410189 922815466 -2 -2 -2 -1 -2 -1 -1 -1 -2 -2 -2 -1 -1 -1 -2 -1 -2 -1 -1 -1 -2 -1 -1 904845359 -2 -1 -1 -2 -1 -2 -2 -1 -1 -2 -1 -1 -1 -2 -1 977627910 -2 -2 -1 -2 -1 -1 -1 -2 -2 -1 525224676 -1 -2 -2 -2 -2 -1 -1 424853550 -1 -1 -1 -1 -1 -1 -1 -1 -2 -1 -2 -2 -2 -1 -1 -2 -2 -1 898217447 -1 -1 -2 -1 -1 -1 -1 -2 -1 -1 -2 -1 836910790
-1 -1 -2 -2 -2 -2 -1 -1 -1 -1 -2 -2 -1 -2 -1 -1 675782903 -1 -2 -2 -2 235479138 235247491 -2 -2 -1 -1 -1 -1 -2 254220768 -2 -2 -2 -1 -1 -1 -1 -1 -1 -1 -1 -1 -1 -2 -2 -2 -1 -2 -2 -1 -2 33207694 -1 -2 -2 -2 -1 -2 -2 -2 -2 -2 -1 -2 -1 -2 -2 -2 -2 -2 189736370 -2 -1 -1 -1 -1 -1 -1 -1 -1 -1 -1 -1 -2 -2 -1 852315781 -1 -1 -2 -1 -1 -1 -2 -1 159181282 -1 -1 -2 -1 -2 -1 -2 -1 -2 -2 140704338 -2 393134612 -2 -1 247523365 191168677 -1 -1 -2 -1 -1 -2 -1 -1 -1 676085032 -2 354273146 -1 -2 -2 -2 -1 -1 -1 -1 566879778 -1 -2 -1 -2 -1 -2 -2
-2 -1 -1 -2 -1 -2 -2 729192247 -2 -2 -2 -1 -1 873368225 -2 -1 -1 -2 -1 -1 -1 -1 -1 -2 -2 -1 -1 -1 -1 -1 -1 -2 -2 -2 -2 -1 -2 -1 -1 -1 852105729 -1 -2 39893647 -2 -1 -2 -1 45352224 -2 -1 -2 -1 -1 -1 -2 280993576 -2 -2 -1 -2 -2 -1 -1 -1 -2 -1 -1 -2 -1 117023395 -1 -1 -1 -2 -2 -1 -1 -1 -1 -1 596947226 -1 -2 -1 24087352 -2 -2 -2 -1 -2 -2 -2 -1 -1 -1 -2 -1 -1 -1 -1 -1 -2 -1 -1 -2 -1 -1 -2 -2 -2 -1 -1 -1 -1 -1 -2 657157447 86307364 634293323 -1 -2 -1 -2 -1 348820518 -2 -1 -2 -2 -2 852654623 -2 285614442 66791181 -2 -1 -2 -1 -2 -2 -1
-2 -1 398484623 -1 -1 -2 341683907 -1 -2 -1 -1 -1 -1 -2 -2 138609623 -1 -1 -2 -2 -1 -1 -1 191595701 -2 -1 -2 -2 -1 -1 -2 -2 -1 -2 -1 -1 599190676 -2 -2 -1 -2 -2 -1 -2 -1 367610888 -1 -2 -2 -1 -2 -2 -1 -2 -2 -2 -1 -2 539091948 -1 -1 -2 -1 -1 -2 -2 -2 -1 -1 -2 335457047 -1 -2 -1 -1 -1 -1 -1 -1 -2 -1 -1 -2 -1 -1 399177327 -2 -1 -2 -2 -2 -1 -2 -1 -1 -2 -2 -1 -1 -2 -2 -2 300648214 -2 721990958 -1 -2 -1 -1 -2 -1 -1 -2 -2 -2 -1 -1 -2 314753102 -1 -1 -2 -2 -2 -2 -1 -1 -2 -1 -1 -2 -1 -2 109348940 125433889 -2 -2 -2 -1 -1 -1 -2
-1 -1 -2 -1 -1 -1 -1 -1 -1 -2 -1 -1 -2 -1 -2 -1 -1 -2 -2 -1 -2 -2 116010159 -1 -2 -1 -1 -2 -1 -2 -1 -1 -2 -1 -1 202248439 -1 -1 -2 -2 373458417 -2 -2 -2 -2 -1 -1 -1 -1 -2 570014548 -2 -2 371136775 -2 -2 -1 569769853 -2 -1 -1 -1 -1 -2 -1 -1 -2 -2 -1 -1 -2 -2 -1 -1 -1 553512657 -1 -1 167070411 -2 -2 98043136 -1 -2 -1 -1 -1 515231537 -2 -1 -1 -2 -2 -1 -1 -1 -2 -1 699713256 -2 942850534 -2 -1 -1 -2 -2 -2 -2 -1 -2 -1 -2 -2 -1 -2 -2 -2 -1 -2 -2 -2 -1 -1 -2 -1 -1 773129404 -2 -1 -2 -1 485677993 38031081 -1 -2 -1 -1 -1 -2 -1 -1 -1
-1 -1 -1 -2 850746916 -1 -1 -2 -2 -2 -2 -2 -1 -1 -2 -1 -2 -1 -2 -1 -1 -1 -1 -1 -2 -1 -1 -1 -2 -1 -2 -2 -1 422111350 -2 -1 -2 -2 -1 -2 -1 -1 302778590 -2 108894312 -1 -2 212282966 -2 -2 -1 627042418 -1 -1 -1 -2 -1 256623250 -1 -2 -1 -1 -2 661347926 -1 -1 -1 -1 -1 -2 -2 299139655 -1 -1 -1 277279021 -1 -1 -1 -1 -2 733923077 -1 -2 -1 -1 -1 -2 -1 -1 -2 604707352 -1 -1 -1 -1 -1 -1 -2 -2 -1 -2 -1 -1 -2 -2 -1 -1 21675216 -2 -2 -1 -1 -2 -1 -1 -1 -2 -2 -1 -2 -1 -2 -1 -2 -2 -1 -1 -1 -2 -1 -1 -1 -2 -2 -2 -2 -1 -1 -2 -1 -1
