98 119
-1 -1 -2 -2 -1 -2 278991178 -1 -2 -2 -1 -1 924655128 -1 -1 782421008 -1 -2 -1 -1 -1 -1 -1 -2 -2 -2 -1 -1 -1 -1 -2 306303697 -2 -2 -2 -2 -2 -2 -1 651071649 -1 -1 -1 -2 -1 -1 -2 -2 -2 -1 -2 -1 -1 -2 -1 -1 -2 -2 726704193 -2 -2 -2 -2 -2 -1 -2 -1 -1 -2 -2 -2 -2 -2 -1 -1 -1 761582203 -2 -2 -1 -1 -1 -1 -1 -1 -2 -1 -1 -1 -2 -2 -1 -2 -1 549380178 -2 -1 -2 -1 -1 -1 -2 -1 -2 -2 -2 -2 -2 -1 -2 -2 -1 -1 -1 -2 -1 -2 758980879 -1
-2 -2 -1 69812854 857107530 -1 -2 -2 982702830 -2 -1 -2 -2 -1 -2 -1 -2 -2 -1 -2 -2 -2 -2 -2 -2 -1 -1 -2 -1 -2 -2 -2 995676064 355738467 228966286 -2 -2 -1 -1 -1 -2 -1 -2 -2 -1 -1 -2 -1 -2 -2 -1 -2 -1 -1 -1 -1 -2 -2 -1 -2 -2 -2 -1 403970928 -2 -2 -2 -2 -1 -2 416806761 -1 -1 -1 -2 229857807 -2 -2 -1 -1 546122896 -1 -1 -2 -1 -2 -1 -2 -1 -1 -1 -1 -1 -2 -2 -1 -2 -2 680500388 -2 -2 -2 -2 -2 261150359 586603975 -1 -1 -1 -2 839480995 -1 -2 -2 -2 -2 -2 119587141 -1
-2 810106891 -1 248772243 586562021 -1 -2 -2 956868722 -2 -1 -1 -1 -2 18515482 -2 -2 -1 417674286 599265917 805161386 -2 -1 951133363 -1 -1 -1 -1 -2 -1 -1 -2 921777396 -2 -2 -2 -1 -1 -2 -1 -1 -2 -1 -2 -1 -2 -2 -2 -2 -2 297410280 -1 -2 -2 -2 -1 -1 -2 -1 -1 -2 -2 -2 -1 -2 -2 -2 538778327 -1 -1 -1 -2 -1 -1 -2 -2 -2 -1 -1 -1 -1 714036314 -2 -1 -1 -1 -2 -1 -2 -2 -1 -2 -1 -1 790766114 -1 751370974 -1 -1 -2 -1 -1 -1 -1 -2 -1 -1 -1 6515281 -1 -1 -1 -2 -1 233346989 -2 -2 -2 -2
-1 -2 -2 -2 -1 -1 -1 -2 -2 -2 -2 -2 -2 -2 -1 -1 -2 -1 -2 -1 -2 -1 937980002 -2 -1 -2 -2 -1 -2 -1 -2 -1 -1 673077303 780594558 -2 -1 -2 -2 -1 320085163 -2 -1 -1 -2 -2 -2 906374834 917680286 -2 -1 -2 -2 128805187 -2 -2 21420194 -2 -1 -1 -1 -2 -1 -1 -2 346763505 -2 -2 -2 -1 -1 -1 -2 -1 -1 -2 573392598 -2 -2 -2 -2 -1 -2 -1 -2 -1 -1 -2 -2 720447322 -2 -2 435176899 -1 -2 -2 -2 -1 -2 -1 845727136 -2 -2 -2 -1 190019917 -1 -1 -1 386305729 -1 -1 -1 -2 910125310 452074300 -2 -2 717691161
-1 -2 -1 -2 -2 -2 -1 -1 -1 -2 -1 -2 -1 -2 -2 -2 -1 150731359 -2 -1 -1 -2 -1 -1 -1 -2 -2 -2 -2 -2 -1 38280920 -1 -2 836204996 -2 -2 -1 -1 -2 704250151 347958570 -2 -2 -2 -2 -1 -2 225389448 -1 -2 -1 -2 -2 -2 -2 -2 -2 -1 -2 -1 -2 -1 -1 -2 -2 -2 -2 710360093 -2 -1 -2 -2 -1 -1 -2 -1 -2 -2 -2 -1 -1 -1 -2 911265925 -2 -2 -2 -2 -2 -2 -1 -2 -2 -2 -2 -1 -2 -2 -1 -1 125302165 -2 314878376 -2 -1 -2 -1 -1 -1 -2 -1 -1 -1 -2 -1 -2 -2 -1
-2 -2 950657681 -2 -2 -2 925628228 -2 -1 -1 -1 -2 -2 -2 -1 -2 -2 153436588 -2 -2 -1 -2 -2 -2 -1 615408190 -2 -2 -1 458769674 704992434 -2 -2 -2 984967083 -1 -2 -1 -2 -2 -1 -1 -2 -2 266213986 73834925 -2 -1 -2 36044887 -2 -2 -1 -2 -1 -1 -2 -1 -2 -1 -1 -1 -2 -1 -1 -2 -2 -2 -1 -1 -1 -1 -2 -1 -2 -2 -1 -2 -2 -2 -1 72532208 757259234 484659278 -2 221266850 -2 -1 -1 -1 -1 -1 -1 -2 -2 -2 -2 -1 -1 -2 -1 -1 -1 -2 -1 -1 567583652 -2 938722746 -2 -2 -2 -2 -2 -2 -2 -1 -2 -1
-2 -2 -2 -2 -2 -2 -1 -2 -1 -1 -1 -2 664680175 -1 -1 41508247 -1 -1 -1 -1 -2 -1 -2 -1 -1 -2 -1 127997795 -2 -2 -1 -2 -2 -2 -1 -2 -1 636989060 -2 -1 -2 -1 -1 -2 -1 -1 -2 -2 -1 -2 -1 -1 -1 -2 -2 -1 -1 -1 31141652 357277824 -2 -1 -2 -1 -2 -1 -1 -2 83053395 -1 -2 -2 -1 -1 -1 -2 -1 -2 -1 -1 -2 -2 -2 -2 -2 -2 -1 -2 986163013 -2 -2 -2 -2 961378386 -2 -1 -1 -2 -2 -2 -2 -2 387460053 -1 -2 -1 -1 -1 -1 -1 -1 -2 -2 -2 -1 -2 -2 -1 -2
822188162 -1 -1 -2 -2 -1 -2 -1 439423283 -2 -2 -2 -1 -2 -2 -1 -2 -2 -1 -2 -1 -2 399030632 -2 554153293 -2 -1 -2 -1 -1 -2 -2 -1 -2 -1 -2 -2 -1 -1 -1 -1 -2 -2 -2 -2 -1 298922875 -1 -1 -2 -2 -2 -1 -1 309636227 -1 -2 -1 446730832 -1 -1 -1 -2 -1 -1 -2 -1 -1 -2 -2 -2 -2 -1 -2 -1 -2 -1 -2 -2 -1 -1 302249516 -1 -2 831502868 -1 33442540 899783445 -1 -1 -2 -1 -2 -1 -1 -1 862924922 539016697 512779309 -1 -1 -2 -2 -2 -2 -2 -2 -2 -2 756542689 -1 -2 -2 -2 -1 -2 -2 -2 -2
-2 -2 -1 -2 -2 -2 -1 -1 -2 -2 -1 161859963 -2 -2 -1 604847056 -2 -1 -2 -1 -2 787711253 -2 -1 -1 -2 -2 -2 -2 -2 -1 -2 726530774 -1 -1 -2 -1 -1 -2 402933696 -2 406552093 -2 473155314 -1 -1 -2 -1 -1 -1 -1 -2 -1 -1 -1 -2 -2 -1 -2 -2 -2 -2 -1 -1 -2 836635710 664272920 -1 12339835 -1 -1 -2 -2 -1 -2 -1 -2 132960706 -2 -1 -1 -1 -2 -1 -2 -2 470582861 -1 -1 -1 -2 -2 -2 -1 -2 -2 -1 -2 -1 466346988 -2 -2 -2 -1 -2 617890515 -2 -2 -2 -2 -2 -2 -1 -2 -2 -2 -2 -2 -1
-2 -1 -2 -2 -1 -1 638553964 -2 -2 -2 -2 -2 -2 -2 -2 646008873 -2 -2 -1 -1 -2 -2 142215985 -2 -1 -1 -2 -2 -1 -2 -2 -1 -1 -2 -1 -2 -1 -1 -2 -2 -1 -1 -2 -1 -1 -2 -2 -1 -1 -1 -2 -1 -2 -1 -1 -1 -1 -2 -1 591269009 -2 -1 -2 -1 -2 -2 -2 -2 -2 658999189 -1 -1 -1 -2 -1 -1 -1 153074787 -2 -2 -2 -2 -1 -2 728192150 -2 -1 -1 -2 -2 -1 -1 -2 -2 -1 -1 -2 -1 -1 -2 -2 -2 -2 -2 -2 -2 -1 -1 -1 -2 -1 -1 -1 -2 -1 -2 -2 -1 -1
-2 -1 -1 78304440 -2 -2 -2 -1 -1 703709466 -1 -1 -1 -2 -1 -1 -2 -2 -1 -1 -2 -1 -1 -2 -2 -1 -1 -2 -2 318241894 -2 -1 -1 -2 -2 646263487 -1 -2 -2 -2 -1 -1 -1 -1 -1 -2 -2 -2 -2 -2 -2 -1 -2 -2 34765099 487560823 -2 -2 -2 -2 -1 -2 -2 -2 -1 -2 -1 -1 -2 -2 -1 -1 -2 -1 -2 -2 -2 -1 -2 141840105 -2 -2 -2 -2 -2 -1 -1 -1 -2 -2 -1 -2 -2 -1 -1 -1 -2 -1 -2 956206299 -1 794970997 -2 114382995 -2 -2 -1 -1 -2 -1 -1 -2 -2 -1 -2 -2 -1 -1 -2
-2 -2 -2 -1 -2 -2 -2 -1 -2 -1 853102335 -1 -2 -2 -1 -1 -2 -2 -2 -1 -1 -2 155783201 -2 -1 -2 -2 -1 -2 -2 -2 -1 475711333 -2 -1 -2 -2 -1 -1 -1 -2 -1 -2 -2 -2 -1 -2 -2 303898795 -1 -1 -2 -2 -1 -1 -2 -1 -2 -2 -2 -2 -2 -1 -1 184825582 -1 -2 -1 -1 -2 -2 -1 -2 -2 -1 -2 539851853 -2 -2 -1 -2 -1 -2 -1 -2 718887988 -2 -1 -2 -2 -1 527183497 -2 -2 -2 -2 -1 -1 -2 -1 -2 -1 -2 -2 -1 -2 -2 825662358 696624542 903932161 -1 -1 -1 -2 -2 -1 171307808 -1 -1
-2 -2 -1 -2 952562103 -1 606518401 169299430 -2 -2 -2 -2 -2 -2 316230917 -2 -2 -2 -2 -2 729942882 -2 -2 -2 -2 -1 -1 -1 448004414 -1 -1 -2 -2 -1 -2 -2 -2 -1 60056079 -2 -2 -2 -1 116661136 -2 -2 -2 185957684 -1 -1 -1 -1 -2 -1 -1 -2 -1 -2 -2 -2 283768908 -2 -2 -2 -1 -2 -2 -1 628311331 -1 501188068 -2 -2 -2 -2 -2 -1 -2 -2 -2 -1 155181200 -2 -1 -2 -1 -1 142551767 -1 -2 -2 -2 -1 -2 -2 -2 -1 -1 -2 -2 -2 -2 -1 -1 -1 -2 -1 584740537 -2 -1 -1 -2 -1 -2 -2 -2 -2 -2 707826829
-2 -2 -1 -2 -1 -1 -1 -2 -1 -1 -1 -2 -2 -2 -2 -1 -1 -1 -1 -2 -2 -1 -2 -2 -1 -2 -1 -2 -2 -1 -1 573091758 -1 -2 -2 -2 -2 -2 -1 -2 -1 -2 -2 -1 -1 -1 -1 -1 -1 -2 -2 -1 156991795 -1 -1 -2 -2 -2 -1 -1 -2 -1 141091487 -1 -2 -1 -2 -1 -2 -2 -2 -2 -2 -2 -2 -2 -2 -1 -1 -2 -1 -2 -1 -2 -2 -2 -2 -2 -2 -1 -2 -1 -2 -1 -1 130439285 -1 -1 -1 -2 79259818 318579015 108675569 553605241 944770833 -1 -2 -1 208677642 -1 -2 -2 -2 497192382 -2 -1 -2 -2 -2
-1 -2 -1 -2 -1 -2 -2 -2 -1 -2 52482899 -1 -1 181277206 -1 -2 -2 -1 -1 -1 135004363 256341490 -1 -2 -2 -2 -1 -1 -1 -1 -2 970030163 -1 -2 -1 -1 -1 577993360 -1 -2 -2 -2 -1 -2 -2 -1 -2 -2 -2 -1 -2 -2 -1 -2 557428598 -2 -1 -1 -2 -2 -1 -2 -2 -2 -1 -2 -2 -2 674701913 -1 -2 -2 -2 899419229 -1 -2 -2 -1 -2 -1 -2 -2 -2 -2 -1 82608289 -2 -2 391183768 596430187 -1 -1 -2 -2 -1 -1 -2 425568265 -1 -1 -2 -2 -1 -1 -2 -1 -1 591833089 -1 -2 579738530 -2 -2 -2 -2 -1 392858648 -1 61239975
-1 -2 -1 -2 -1 -2 -1 -1 -1 -2 -1 288091679 -2 -1 -2 -2 -1 -2 -1 -2 591210896 -2 -2 -2 -1 -1 -2 -1 247377234 -2 -2 -2 -1 -1 -2 -1 -1 -2 -2 -2 -2 295549267 -1 -1 -2 -1 -1 -1 -2 -1 -1 -1 -1 -1 -2 -2 440509342 -2 626704625 -1 -2 -2 577712173 -2 -2 -2 -1 -2 -2 338623725 -1 -2 -2 938398889 -2 -2 -1 -1 -2 -1 -1 -1 -2 -2 170236339 -1 -1 -1 -2 -1 -2 -1 -1 -2 -1 -1 -2 -1 -1 -2 -2 -1 -1 -1 -1 369765843 -1 -1 -1 -1 -2 -2 -2 -2 -2 -1 -2 -2 -2
-2 -2 -2 -2 -1 -1 -1 -1 -1 -1 -1 -1 -2 -2 -2 -1 -2 -2 -2 355821038 -2 -1 -1 -2 -2 -1 -1 -2 -2 -2 570601602 -1 -2 -2 -2 -1 -2 -2 -1 -1 -2 -2 -1 -1 388285111 -2 -2 -2 -2 -1 522440404 -1 701071889 -1 642307013 -2 -1 -2 -2 -1 -2 -1 -2 -1 -1 -1 -2 -1 343748385 -2 -2 -1 -1 -2 818219470 -1 -2 -2 -2 -2 -2 -1 132773160 166454032 -1 -2 -2 -1 -2 113373806 -1 453349241 -2 671472540 -2 -2 -2 -2 -1 -2 -2 -2 -1 -2 -1 -1 -1 -1 552445922 -1 -1 -2 -2 -2 815502486 -1 470769832 -2 681683472
-2 -1 -2 -2 -2 -2 -2 -1 -2 -1 -1 -1 -2 -2 -1 -1 -1 -1 -1 -2 -2 -1 -2 -2 -1 -1 -1 -1 -2 -1 -1 -2 -1 -1 59333545 -2 -2 -1 -2 -2 -2 -1 -2 -2 -1 -1 -2 -2 -1 -2 -1 -2 -2 -2 -1 -1 306863821 -1 -1 -2 -1 -1 -1 -1 -2 -1 846785176 -1 -2 -1 -1 -2 -2 -1 -2 -1 -2 -2 -1 -1 -2 -2 -2 -1 -2 -2 -1 -2 -1 444707357 -2 69143212 -2 -2 -2 -1 -1 -1 -1 -2 -2 -1 -2 -2 -1 -1 933165963 -1 -1 -1 331950546 -1 -2 -1 -1 973508725 -2 -2 -1
-2 -1 749640832 25255056 -2 -2 -1 -1 -2 -1 -2 951822128 -1 502813689 -2 -1 -2 -1 -1 -1 -2 -2 -1 -2 -2 -2 -1 -2 -1 -2 328397748 -1 -1 -2 -2 -1 -1 -1 -1 -2 -1 -1 -1 -1 -1 -1 -1 -2 -2 -1 -2 -2 -1 -2 -2 -1 -2 -1 -2 -2 -2 -2 -1 -2 -2 -2 -2 -1 -2 -1 -1 -2 -2 -1 -1 473282599 -1 517621777 -1 -1 -2 -2 957156181 -1 -1 -2 -2 246962946 -1 -1 -2 -1 -2 -2 -1 -2 -2 -2 -1 -2 -1 -2 -2 -1 -1 -1 -1 -2 368923646 -2 280393334 -2 -1 -2 -1 -2 -2 -1 -1
-2 -2 -2 -1 -2 291522771 -2 -1 -2 -1 -1 -2 -2 -2 -1 -1 -1 -2 988452003 344246617 -2 -1 -1 -2 -2 -2 -2 -2 -1 -2 -2 -2 -2 -2 -1 -2 -2 -1 -2 -2 -1 -2 -1 -1 -2 -2 -2 -2 -2 -1 -1 -2 -1 -1 -1 -1 -2 -2 -2 -1 -2 -1 267927853 -2 -2 102791055 -1 -2 -2 -2 641978845 -1 -2 878538999 -2 -2 -1 -2 -1 -1 -1 -2 -2 -2 -2 -1 -2 -2 -1 -1 -2 -1 -2 -1 -2 -1 -1 -2 839703141 -2 -2 -2 -2 -2 5247440 -2 -2 -2 -2 -1 -1 -1 -1 -2 -2 -1 708975800 -1 -2
-1 -2 -1 354728030 -1 -1 -2 -2 -2 -1 115672520 -2 -1 -2 -2 -2 -2 -1 -1 -2 -2 619873716 -2 -1 -2 -2 -1 -1 -2 -1 -2 -2 -1 -2 -2 -1 -2 -1 -1 63495142 -1 -1 -2 -1 -1 -1 -2 -1 -2 -1 939499910 -1 -1 -1 -2 823029175 -2 -1 -1 -1 -2 -2 -1 -2 -1 -2 -1 -2 -1 -2 -2 -1 -1 -2 -2 -1 487623498 -2 -2 -1 -2 -2 -1 -2 -1 18801389 571757854 -1 -2 -1 -1 49121090 445144061 -1 -2 -1 -2 -2 -2 -2 -2 -1 -2 -1 -1 440226602 -2 -1 -2 -2 -1 -1 -2 -2 -2 930507928 -2 -2 -1
-1 -1 -1 -2 -2 -2 -2 -2 -2 -2 -2 -2 -2 -1 -1 -1 -2 -2 256501507 -1 -1 -2 -1 -2 -1 -1 -2 -2 -1 -2 -1 -1 -1 -2 -2 -1 -1 -2 -1 -1 -1 -1 -2 -2 -2 -2 -1 -1 -2 -1 -1 -1 -2 -2 -1 92130538 -2 -2 -2 -1 -2 -2 -1 -1 -2 -1 -2 93185086 522991658 955600087 -1 -1 -1 -2 -2 -2 -2 -2 -1 -1 -2 -1 -1 -1 -1 -2 -1 -2 87857049 -1 -1 -2 -2 -1 -1 -2 -2 -1 -2 -1 -1 -2 -2 -1 -1 -1 -1 548680035 -1 -1 937404040 -2 -2 -2 -2 -2 -2 -2 -1
-2 -2 -2 -1 -2 -1 -1 -2 -2 -2 -2 -1 -2 -1 -1 -1 -2 -1 -1 -2 -1 423399552 -1 -1 -2 -1 -2 -1 -2 -1 -2 -2 -1 -2 -2 -2 -1 -1 -2 -2 -2 -2 -1 -2 -2 -1 -1 -2 -1 -1 -1 -2 -2 -2 -2 -2 -2 -2 -1 -2 102745029 -1 -1 -1 439527936 -2 911327385 -2 -2 -2 -2 -1 -1 -2 -1 -2 -2 -2 -1 -2 -2 -1 -1 -1 269351449 -1 -1 -1 808945901 170423111 -1 -2 572098080 -2 -2 -2 -1 207581650 -2 -2 -2 446590306 -1 -2 -2 -2 -1 -1 -2 -2 -2 -1 -2 420299556 -2 -1 -2 -1 709005376
-2 -1 -1 -2 -2 -2 -2 -1 -2 -1 -2 -1 -2 -2 -1 -1 -2 -1 -2 -1 104213265 -1 -2 -2 -2 -1 581688177 -2 -1 -2 -1 -2 -2 -2 -1 -1 -2 -1 -2 -2 -1 755950698 -2 -2 620134991 142426064 928780313 -1 -1 -1 -2 -2 -1 -2 -1 -1 -1 -2 -2 -1 -1 -2 -2 715241996 -2 -1 -2 -1 -1 -2 -1 -1 -2 855110644 -1 -2 -2 -2 -1 -1 -1 -1 281349816 -1 -1 -1 465450172 -1 -2 -2 -1 -1 -2 -2 -2 -1 997186451 -2 -2 -2 -1 -1 -1 -2 -1 -1 -1 -1 -1 -2 -2 -1 -2 -2 -1 -2 -1 -2 -2
-2 -2 -1 -2 -1 273791503 -2 -1 -2 -2 547100708 -1 11127068 -1 -1 -1 -2 884071834 -2 89767728 -1 919600945 -1 -1 -1 -2 -1 -1 -1 -2 841752915 -1 -2 -1 -1 -2 -2 675506332 -2 -1 616167460 -1 299349016 -1 -2 -2 -1 -2 228154631 -1 421799838 -1 -2 -2 -2 -2 -2 -2 -1 61030566 -1 -1 -1 -2 -2 -1 -2 -2 -1 -1 -1 858185077 -2 -1 -1 -1 -2 -1 -1 -2 877613975 -1 -1 -2 -1 -2 -1 -1 -2 -1 -1 -1 291259238 -2 -1 -2 -1 -2 -2 -1 809005601 -2 -2 -1 -1 -1 -2 -1 -1 -1 469807224 -1 -1 -2 -1 -1 -1 -2 -2
-2 -2 -2 -1 -1 -1 -2 -2 -1 -2 -2 -2 -1 -2 -1 -1 -2 -2 -2 -2 -2 -1 821795976 -1 -1 -1 -2 -2 -2 -1 -1 -1 -2 -1 -1 -1 -2 -1 -1 -1 -2 726173719 728632283 -2 -2 -2 -2 -1 -2 -2 -1 318714489 -1 -2 -1 -1 -2 -2 -1 -1 -2 -2 -2 -1 -2 -2 -1 141917104 -2 -1 -1 -1 -1 -1 -1 -1 -2 -2 -2 -1 729208037 -1 -1 629510728 -1 -2 -2 -2 691538084 -1 -2 -2 -1 -1 -2 -1 -1 -1 -2 -2 -2 -2 -2 -2 -2 -1 -2 -1 -2 -2 -1 -2 535685600 230448911 -2 -2 -2 -2 -2
-2 -2 -1 -1 -2 641305076 -2 -2 -1 -2 -2 -2 -1 -2 -1 -2 -2 -1 -2 -1 -2 -2 918136809 -2 -2 -2 -2 -2 -1 -2 -2 -2 -2 -1 819379629 -1 -1 -2 -1 -2 -2 -2 -2 -2 92444277 -1 -1 -2 -2 -1 -1 -2 -2 -1 -2 -2 -1 754490176 -2 -2 461997758 -2 -1 -2 -1 -2 -2 -2 752875800 -1 -2 -2 -1 -2 -2 -2 -1 -2 -2 -2 -2 -1 544290363 -2 -1 -1 -2 -2 -1 -1 -2 -1 -2 -2 -2 -1 -2 -2 -2 -2 -2 -2 -1 -1 -2 -1 -1 -1 -2 -2 -2 -2 -1 -1 -2 -1 -1 -2 639198852
-1 518675924 -2 -1 -1 -2 -2 -2 -1 -2 -2 -2 -1 -2 -2 147043629 -1 123133246 -1 -2 -1 -1 -2 -1 -2 -2 -2 -2 -2 -1 -2 -2 -2 455978548 -2 -2 -1 -2 -2 -1 -1 -1 -2 -2 -2 58650579 548998250 -2 -2 528347103 -2 404071884 -1 -2 -1 -1 -1 -2 270815337 -1 -2 -2 23650324 -1 -2 -1 -2 -1 -1 -2 -2 -1 -2 344798937 -2 -2 -2 160310752 -2 -1 -1 -2 -1 -2 -1 -2 -2 -2 -2 -2 -1 -2 -1 -1 -1 -2 -2 -1 -1 -2 -1 -1 368185094 -1 -1 -2 -2 -1 -2 274414289 -2 -2 -2 -2 -2 -1 -2 -1 -1
-1 -2 609387018 -2 -1 261105348 -2 293614674 -1 -2 907416112 -1 -1 -2 -2 873914951 -2 -2 -1 -1 973544548 -2 -1 -1 -2 -1 -2 728798424 -2 -1 -2 -2 -2 -1 -1 -2 -1 -2 -2 -1 -2 -2 -2 -1 -2 -1 -1 -2 -1 -1 -1 -2 -1 -2 -2 -1 -1 -1 -1 762438401 -2 -1 -2 -1 -1 -2 -1 -1 -2 -1 516828245 -1 -1 -1 -2 -2 -2 -2 -2 -1 -2 -1 -1 -2 -1 -2 -2 -2 -2 -2 -2 -1 -1 -1 -1 -2 -1 -1 -1 -2 -2 -1 -1 685705768 -2 -1 -2 -2 -1 -1 -1 -1 -1 -1 -2 -1 289808391 -1 -1
-2 -1 -2 -2 -1 -2 -1 -2 -1 -2 -1 -1 -1 -2 366400344 -2 -1 -2 -1 -2 -2 -1 -1 -1 -1 -1 433767012 -1 -2 -1 -2 -2 -2 -2 -2 -1 -2 -2 -2 -1 -2 -2 -2 -2 -2 -2 -2 -1 -1 -2 -2 -2 -2 -2 -1 -1 -1 -2 -2 -1 -1 -2 -1 -2 -2 -1 -2 -2 -2 -2 -2 -2 -1 -2 -2 -2 -1 533108721 -2 -2 -2 -1 -2 -2 -2 -2 -1 -1 -2 -1 -1 892267266 -1 -2 -1 -2 -1 -1 -1 451854774 -1 -1 -2 -1 -2 -1 -2 -1 -2 -2 -2 -1 -1 -2 -2 -1 862848990 -1 203171287
-1 -2 -1 636653675 -1 -1 -2 -1 -1 722104031 408388234 8705471 -2 -2 -1 -1 -1 -2 -2 -2 -1 -1 -1 -2 -2 -2 -2 -1 -1 779389629 -2 -2 -2 -2 -2 -1 -2 208266154 -2 -2 -1 -2 -1 -1 -2 516609957 -2 -2 834953374 -1 -1 -2 -2 -1 539676437 -2 -2 -1 -1 -1 -1 -2 -1 -2 -1 -2 -2 -2 -1 -2 -2 -2 -2 -2 -1 -1 -2 -1 -2 -2 -2 -1 -1 -2 -2 742681628 -1 746487914 -2 -2 -1 248081993 -1 -2 -2 -2 708521439 -1 -1 -2 -2 673851189 -2 -1 -1 -2 -2 -2 74137031 -2 -1 -1 -1 -2 -1 -1 -1 -2 926914686
-1 -2 -2 -2 -2 -1 -2 -1 -1 -2 -2 -1 -2 -1 534514651 -1 605276784 -2 -1 -1 -2 -1 -2 -2 -2 -1 -2 520204223 -1 -2 -2 -2 -2 -1 203876870 -2 -2 -2 -1 -2 -2 -2 -1 -1 -1 -1 -2 -2 -2 -2 -2 -1 -2 -2 -2 -2 -1 -2 -2 -2 -2 -1 -2 243549164 -2 -2 -2 -2 -1 -1 -2 609993435 -2 -1 -1 -2 -2 552799259 -1 -2 -1 -2 -2 -2 -2 -2 -2 -2 -2 257553959 -1 -1 -1 -2 -2 -2 -2 -2 -1 -2 -1 -1 -1 -2 -2 -2 -1 -1 -2 -2 -2 -2 -1 -1 -2 -2 -2 -2 -2
-1 -1 -1 268593064 -1 -1 -2 -1 -2 -2 -2 -1 -2 -1 -2 837820872 -1 995621533 -2 -2 -2 -2 -2 -1 -2 -1 -2 -2 -1 -2 -2 -2 -2 -2 360797655 86500420 -2 -2 -2 452177531 -2 -2 -2 -2 566087104 -2 -1 -1 -2 -2 -2 -1 -1 -2 911001500 -2 -1 -1 -1 -1 -2 781928575 -2 -2 -2 -1 -1 -1 -1 -2 -1 -1 -2 -1 -1 -1 -1 -1 -2 -1 -2 -1 -2 -1 -2 -1 -2 -2 -1 -1 681769211 -1 -2 -1 -2 -2 -1 -2 -2 -1 -2 354875585 -1 -2 882615679 728652077 -2 -2 -1 -1 -2 -1 -1 -1 -2 -2 -1 -2 -2
-1 -1 -2 -2 -2 -1 -2 -1 -1 859051941 -2 -2 -1 -2 -2 -1 -1 36384478 -2 -2 -1 -2 -2 -2 -1 -1 -1 -1 499492131 -1 -2 -1 -1 -2 -2 -1 -2 -2 898070131 -1 -2 -2 -2 -2 -2 -2 -2 -2 83252920 -2 783149689 -1 -2 -1 -1 -2 -2 -2 -2 -2 -1 675343811 290160482 -2 -2 -1 861835554 -2 -2 -1 -1 -1 -1 -1 546331624 -1 -1 -2 -1 -1 -2 -2 -2 -1 -1 180547230 -1 -2 -2 -1 -2 -1 -1 907861942 -2 -2 -1 -2 -1 -1 -1 -2 -1 -2 -2 838835100 -2 -1 -1 -1 -1 -2 -1 -2 -2 -2 -2 -2 -2
49956943 -2 -2 -2 -1 -2 -1 -1 -2 -2 -2 -2 -2 -2 -1 784977635 -1 -2 824732365 -1 -2 -2 252595663 -2 -2 -2 -2 -2 -2 -1 -2 -2 -1 -2 -1 -2 -1 131130252 -1 -2 -2 -2 -2 -1 -2 539018638 188907633 -2 -1 -2 -1 -2 -2 -2 -1 -2 -2 -1 -1 -2 -1 -1 -2 -1 -2 -1 -1 -2 -1 296376031 -1 266313947 -2 -1 -1 -2 -2 -2 -1 -1 -1 921020917 -1 -1 -2 -2 -2 -2 105236338 -2 -1 -1 -2 -1 -2 -2 -1 -2 -1 -2 -1 -1 -2 -2 926090485 -2 -1 -2 616641207 959307403 -1 -2 -1 -2 857690920 -2 -2 -1 -1
-1 -2 -2 -1 -1 -2 -2 -2 -1 -2 -1 -2 -2 -2 412645980 -1 -1 -2 704752474 -2 -1 -2 -1 -2 -2 -2 -2 -2 -2 -2 -1 -1 -1 142585817 -2 -1 -1 -2 -1 -1 -1 -2 -1 -2 -1 662408780 -2 -1 -2 -2 -2 -2 -1 -2 -2 -1 862245661 180350700 -1 -1 746221416 -2 -1 -2 -2 -2 -2 -1 -1 -1 -2 -2 -2 -2 -1 -2 -1 -1 -1 -2 -2 -1 -2 -2 -2 -1 -1 -1 -1 -2 -1 -1 -1 350077780 -2 29920055 -2 -2 -1 -1 -1 -2 -2 -2 -1 -2 -1 -2 -1 -2 -1 -2 239382901 -1 -1 -2 -1 -2 -1
-1 -1 965450185 -2 -1 -2 716587195 -1 -2 -1 -2 -1 -1 -2 -2 -2 -1 -1 -2 -2 -2 -2 -1 -1 -1 -2 -2 -2 -2 -2 -2 -1 -2 -2 531821756 -2 628586385 -1 -2 -1 -2 -1 -2 -2 -2 169575449 -2 -2 -1 -1 -1 -1 89167840 -1 -2 -1 -2 -2 -2 977877220 -1 -2 -1 -1 -2 -1 -2 -1 -1 859011385 -2 -2 -2 -2 -1 -2 -2 -2 -1 -1 -2 -1 -1 -1 528161743 -1 -1 -2 -2 -2 -1 -2 -1 -2 -2 -2 -1 -2 -2 -1 255966597 324440657 -1 -2 -1 -1 -2 414337066 -1 541755894 -1 -2 -1 -1 -1 -2 -1 363653505 806841390
-2 -2 -1 -2 -2 -2 -2 -1 -1 -2 -1 -2 516839340 -1 -2 -1 -1 -1 -2 -1 122335238 -1 -2 -1 -2 -2 -2 -1 -1 -2 -2 -2 -2 -2 -2 473097361 -1 -2 -2 -1 -1 -1 -1 -2 -1 -1 -2 -2 -1 -2 -1 -2 -1 -2 -2 -1 -1 915269084 -1 -1 -1 -2 -1 -2 219739863 -2 -2 -1 -2 -2 -2 -2 -2 -2 -1 -1 -1 -2 -1 -1 -2 -2 -2 -2 -1 -1 -1 -2 -1 -2 -2 -1 -2 -1 -1 -1 -1 960223148 -2 -1 -1 -2 -2 -2 -2 -2 47707094 -2 -1 -1 -2 -2 -1 283246420 -2 -2 768010427 108044863 -2
-1 -1 -2 -1 -2 -2 -1 -2 -2 -1 -2 -2 -1 -2 -2 -1 -1 -1 -1 -2 861837525 669197678 -2 -2 474626579 -2 -2 -2 -2 -1 -2 -2 -1 -2 -2 -2 -2 -2 -2 -2 -1 -1 -1 129877354 -1 -2 -1 -1 -2 -2 41092922 -1 -2 -2 -2 -2 -2 -2 -2 -2 -1 -2 -1 -2 -2 -2 -2 -2 -1 -1 -1 -2 -1 -2 -2 -1 -2 -1 -2 -1 -1 -2 -1 -2 -2 -1 -2 -1 -1 -1 -1 -2 -2 -2 -1 -2 -1 -1 -1 -1 -1 -2 -1 -2 -2 -1 -1 -1 -2 -2 -1 -1 840078763 -1 -1 -2 -2 854674122 -2
-1 -1 -2 -2 -1 -1 507154433 781300933 -1 -2 -2 -1 -1 -1 -2 -1 -2 -2 -2 -2 -2 -2 -2 -1 148556957 -2 -1 -2 -2 -2 -1 -1 -2 -2 -2 396712900 -2 -1 -1 410039169 -1 -1 -1 -1 732775194 -2 -1 -2 -1 -2 -1 -2 -1 -2 -1 -1 -2 -1 -2 -2 -1 -2 -2 -2 -2 -2 -1 -2 -1 -1 -2 -1 -1 -1 -2 -1 -2 -2 -2 -1 436414127 -1 -2 -2 -2 322130890 -1 -2 -1 -2 -2 -2 932844555 -2 -2 -2 -1 -2 -1 -2 892824674 -2 -1 -1 -2 -1 -2 -2 -1 -1 -2 -2 -2 -2 -1 -1 -1 -2 -1
-2 -2 54450825 178392798 -1 -1 -1 -1 -1 -2 -2 -2 -2 -1 -1 -2 -1 -2 -1 -2 -2 578736590 -1 -2 -2 -2 371050767 -1 -1 -1 -1 -1 996313068 -1 -1 -1 -1 -1 -1 -2 -1 -2 -1 -2 72149043 -2 -1 -2 -2 -2 -1 -1 -2 -1 -2 -1 -2 -1 -2 -2 -1 -2 -1 -1 -1 -2 -1 -2 883455493 -2 -1 -2 -1 -2 -2 -2 -1 -2 -2 -2 348579041 -2 -1 -1 -1 -2 -2 -2 -1 -1 -1 -2 -2 -2 -2 -2 -2 -1 287259870 -2 -1 -2 -1 -2 -1 -1 -1 -2 889759202 -2 -1 -1 -2 -2 -2 -1 101639577 -1 -1
-1 -1 -1 -1 -2 -1 -2 -1 -2 -1 -1 -1 -2 408547450 145378298 -1 -1 -1 -2 -1 -1 -2 -2 -1 -1 -1 -2 -2 97514959 -1 -1 -2 -2 -1 -2 -2 -2 -2 -1 -1 -1 -1 -2 -1 607197857 -1 -1 -2 533968796 -2 -2 -2 -1 -2 -2 -1 -1 -2 -2 -1 -1 -2 926113584 -1 -2 -2 -2 275139687 -2 -2 -2 -2 -1 -2 -1 -1 -2 -2 -2 -2 -1 -2 -2 -2 -1 -2 -2 -1 -2 -2 -2 -1 10799325 -2 -1 -1 -2 -2 -2 -1 711216137 -2 -2 -2 -1 -2 -2 -1 -2 -1 -2 -1 -2 -1 -2 -1 -2 -1 137256221
11944497 -2 -2 -1 -2 -2 -2 232740407 -1 -2 -2 -2 -2 -2 -2 -1 -2 -2 944575952 -2 -2 -2 -1 -1 -2 -1 -2 43914399 -2 -2 -1 -2 -2 -2 -1 -2 409750495 -2 -1 -2 -1 -1 -2 -2 -2 -1 -1 -1 20945764 -2 -2 905888993 -2 -2 -1 -2 -1 -1 -2 -2 -1 -2 -2 -1 -1 -2 -2 -2 -2 -1 -2 -2 -2 -2 -2 -2 -2 -1 -2 -1 -2 -2 -1 -2 -2 -1 -2 -1 -2 -1 -1 -1 -1 -2 -1 -2 -1 -2 -1 -1 -2 -2 125718220 -1 -2 -2 -2 -1 -2 489941300 -2 -2 -2 -2 -1 -1 664117434 -2 -1
-2 -2 -2 -1 434612382 -1 -2 -1 -2 -1 -1 -2 -1 -1 -1 -2 -2 -2 -1 -2 -1 -2 -1 -1 -1 -2 -2 -2 -2 626167850 297486916 -2 -2 -2 866694426 -2 -2 -1 -2 -2 -2 -2 -2 -2 -2 -2 -2 50563507 -2 -1 170749729 -2 -1 -1 876616903 -2 -2 -2 -1 -1 -1 -1 -1 -2 -2 -2 -1 -1 23032577 -1 -1 -2 -1 94096742 -2 958807145 -2 -2 -2 -1 -1 -2 -1 -1 -2 -2 -1 -1 270150148 -2 -1 -1 963399545 -1 -1 -1 -1 -1 -2 -2 -2 -1 -2 -2 -2 -1 -1 -1 -1 -2 -2 -1 -2 -1 -1 -1 -2 -1 -2
-2 -1 -2 927922434 -1 -2 -1 -2 -2 -1 -1 317769922 -2 -1 -1 -2 -1 -2 -2 -1 368099362 -1 -2 -2 -1 -1 -2 -2 -1 -1 -2 -1 -2 -1 -1 -2 -2 -2 -1 81893710 -2 -2 -2 -1 -2 -2 -1 -2 -1 -2 -1 -1 -1 -1 -2 -2 -2 -2 -2 -1 -2 -1 -2 -2 -2 -1 -2 -1 -1 -2 -1 -1 -2 -1 -1 -2 -1 -2 -1 -2 -2 -2 -2 -2 -1 -1 -2 -2 -2 -1 -2 -1 773581533 716311376 -2 -2 -2 -2 -1 -2 -1 -1 -2 -2 -2 -2 -1 872906748 -2 -1 -2 -1 -1 -1 -1 -1 374543140 -1 -2
-2 -1 -2 595000174 -2 -1 -1 -2 -2 -2 -2 -2 -2 -2 -1 -1 -1 330319484 -2 -2 -1 -2 -2 -1 -2 -1 -1 -1 -1 -2 -2 506897615 -2 -2 -2 -2 -2 -1 -2 -1 -2 -1 -2 -2 -1 -2 -2 -1 -2 -1 -1 -1 650929121 -2 428068157 -1 -1 -1 -1 -2 -1 -2 -1 -2 -1 -1 -1 -2 -1 -2 -1 -1 -2 -2 416270774 -2 -1 -2 -1 -2 -2 -2 -2 -1 -2 -2 -1 -2 -1 -2 -2 -1 984296300 -2 -2 -1 -2 -2 -1 30137637 -1 -2 -2 302708195 -2 -1 -2 -2 -2 -2 -2 -1 -1 -1 -1 -1 -1 -2 -2
-1 -1 -2 -1 -2 -2 -1 -1 -2 -2 808508153 -1 -1 -2 97782166 -2 -1 -2 -1 -2 -2 -2 -2 -2 -1 -2 129946433 -2 224266523 -1 -1 -1 -2 -2 -1 -1 846806073 -1 -1 -1 -2 -1 -1 842190887 -2 -1 -1 -2 -2 -1 -1 -2 -1 -1 -2 -1 -1 -1 -2 -2 -1 -1 -1 -2 -2 -1 -2 -1 -2 -1 393948795 -2 -1 -1 -2 305952811 -2 -1 109413075 -2 -2 -2 -2 -1 -2 -2 -2 987584094 -2 -1 -2 -2 -1 -1 -1 -2 -1 -1 -1 -2 -1 -2 -2 -2 -1 -2 -1 -2 -2 -2 854987039 -1 -2 -2 -2 -2 -2 -2 -2
-1 -2 -2 -1 884451856 -1 -1 -2 29770843 -2 -2 -1 -2 -1 -1 376030378 -1 -1 859796166 -2 -2 -2 -1 -1 -1 -1 -2 -2 -1 -2 -2 -1 -1 -1 -1 -2 -2 -1 -1 -2 841497921 -1 -2 -2 -1 169521612 -2 -2 -2 -1 -2 379247815 -2 955280946 486383880 -2 -1 -2 -2 -2 -2 -1 -1 -1 -2 -2 -1 -2 -2 -1 211914385 -2 -2 -1 -1 -2 -1 -2 958909360 -1 -1 -2 -1 -2 -2 -1 -2 -2 -1 -1 -2 -1 -2 542021178 51624737 -1 -2 -1 -2 -1 -2 -1 -2 -2 -1 -2 -2 -1 -2 -2 -1 -2 -2 -2 -2 -2 -1 720535976 -2
-2 -2 -2 -1 -2 -2 -2 -1 -2 -1 -2 -1 -2 -2 -2 -1 -1 -1 -2 -2 -2 -2 -2 -2 -2 -2 -1 -2 -1 -1 -2 -2 -2 -2 -2 -2 -1 -2 -2 -2 -1 -1 -1 -1 -1 -2 -2 -2 -1 -2 -1 -1 -2 -2 879787805 -2 -1 -2 -2 -2 -1 -1 -2 -2 -2 -2 -1 -2 -1 -1 -1 -2 -2 -2 -2 -2 -2 -2 -1 -1 -2 -1 -2 -2 649127330 -1 -1 -2 -2 -2 -2 -2 -1 -2 -2 -2 -2 716174313 -2 -1 -1 -1 -1 -1 -2 -2 -1 -2 62305000 -2 -1 -2 -1 -2 -2 -1 -2 -1 -1
-2 -2 876632125 -2 -1 -2 -2 -1 -2 -1 -2 -2 -1 -1 -2 -1 674139188 -2 176974164 -2 868549498 -1 -1 803340057 -2 -2 98549221 -1 -2 456561807 -2 -1 -2 -1 -1 122803230 -1 -2 -1 -1 -1 -2 -1 -1 -1 733414344 -1 -1 -2 737676883 -2 -2 -2 -1 -1 -1 -1 624177024 -2 -1 -2 -1 643662957 -1 -2 -1 -2 -1 -2 134067309 -1 -2 -2 -2 -1 -1 -2 -2 -1 -1 -2 -1 -2 -2 67782514 -2 -1 -1 -1 946616678 -1 94616941 -1 -2 -2 -1 -2 -1 -1 -2 -1 -2 -2 -2 -1 -2 311697617 -2 -1 -1 -1 -2 107156078 -2 -1 -2 -1 655347756 -2
-1 -2 -2 -2 -1 -2 -2 -2 -2 -2 -2 -2 -1 -2 -1 126155241 -2 -1 -1 499582917 -2 -1 -2 -2 -2 -1 -2 8907678 -1 -1 -1 -1 -2 -2 -2 693581839 -1 -2 -2 -1 256367803 -2 -2 -2 -1 -1 -2 -1 -1 -1 111692825 -1 -1 -2 -2 -2 -2 42622604 -1 -2 -2 -1 -1 101451468 513110985 -2 -2 -2 -1 -2 -1 -2 -1 -2 -2 -2 -2 -2 -2 -1 -1 -2 -1 -2 -1 581778720 -2 -1 -2 944007873 -2 -2 -1 -1 -1 -2 913988355 -2 -2 -2 -2 -2 -1 799624775 -2 -2 -1 -1 -1 -2 -2 -2 -2 -2 -2 -2 -1 -1 -1
-1 -2 -2 -1 -1 -1 -2 -1 -2 -2 798457860 -1 -1 -1 -2 -1 -1 -1 -2 -2 -1 -1 -1 -2 -2 -1 -1 -1 -2 -2 -2 -2 -1 -2 -2 -2 -1 -1 -2 -2 -1 -1 -1 -2 -2 -2 -2 816240339 -2 -1 -2 -2 -1 -2 -1 -2 -2 -1 -2 -2 -2 -1 527765391 -2 -2 -1 -2 -2 -2 -2 -2 -2 -2 -2 -2 -2 -1 -1 -2 -2 -1 -2 -1 918186172 -1 -1 -2 -1 -2 -2 -1 -2 -2 -1 -2 -1 -2 -1 -1 -2 -1 -2 -1 -1 -1 -2 -2 -1 -2 -1 -1 -2 -2 -1 -1 -2 -2 -2 -2
-2 -1 -2 -2 -2 -2 -2 -1 -1 -1 -1 -1 -2 -1 -2 -2 -2 761921995 -2 -2 -2 -1 -2 -2 -1 -1 -1 -2 -1 -2 -1 -2 -1 -1 -2 -2 -1 -2 -2 -1 -2 -2 -1 -1 -2 -2 -2 -2 -2 -2 -2 -2 -2 629554472 -2 -1 -2 -1 -2 -2 -2 -2 -2 -2 -1 -1 -2 -1 -2 -2 -2 692411344 -2 -2 -2 -1 -1 -2 -1 729496073 -2 -2 -1 -2 231833554 -2 -2 -1 -2 -1 692338384 -2 -1 -2 -2 -1 675732273 -2 -2 -2 -1 -1 -2 -2 -1 -2 -1 -1 -2 765771619 -2 -2 -2 -2 308643058 -1 -2 -2 -2
-1 913456882 -2 363395379 -2 -2 -2 -2 -1 -2 -1 -1 -1 -2 -1 144766604 -1 -1 -2 -1 -2 -1 801195981 -2 -2 -1 -2 -2 -1 -1 -1 -2 -2 -2 407678187 -2 -1 -2 832578664 -2 845683895 -1 325684957 -1 -2 -1 -1 -2 -1 -2 -1 -1 -2 -2 -2 -1 -1 -1 -2 -1 -2 541201067 -2 294569209 -2 -2 -2 -2 -2 -2 147247229 -1 -2 -2 -2 -1 270102741 -1 -1 -2 -2 -1 -1 -2 -1 -2 -1 -1 -2 -1 -2 -1 -2 -2 74664044 -1 -2 -1 -1 -2 -2 -1 -2 -1 -2 -2 -1 -1 62286071 -1 -1 -1 -1 -1 -2 -2 -1 -1 -2
-2 656194006 -2 -2 -2 -2 -2 -2 -2 -2 -2 -2 -1 -1 -1 -1 -2 -2 -1 -1 -2 43867922 -1 -1 -2 -1 -1 -1 -2 -1 -1 -2 -2 -1 -1 -2 -1 -2 -2 -2 -1 -2 -1 -2 -1 -1 -1 -1 -1 -2 -2 -2 -2 -2 -2 -1 -2 -2 -2 -2 78601569 -2 -1 -2 -1 -1 -1 -1 -2 -2 -1 -2 -2 -1 -2 -1 -2 -1 -1 -2 -1 -2 -2 -1 -2 -1 -2 -1 -2 -2 -2 -2 -1 -2 -2 -2 -2 -1 -2 -1 -1 -2 -1 -2 -1 -2 -2 -2 -1 -2 -1 -1 -1 -1 -2 -2 -1 -2 -2
-2 -2 264797677 -1 -2 -1 -1 -2 -1 -1 -1 -2 523961907 -1 -2 -2 506678671 -1 -2 473299481 -1 -1 -2 -1 -2 -1 -2 703588471 -2 -1 -1 -1 -2 -2 -1 -2 -1 -2 -2 -2 -1 -1 -1 -2 141249674 -2 -2 -1 -2 -1 -2 -2 -2 -2 -1 -1 -2 -1 -2 -1 -2 -1 -2 -2 -2 -1 -2 -1 -1 -2 -1 530710892 -2 164093938 -1 -1 -2 -2 -2 182876528 -2 121079944 -2 -2 -2 -1 -1 66765663 -1 -1 -1 -1 230993109 -1 -1 803257025 -1 -2 -2 -2 -1 -2 540673807 767145815 -1 -2 381653603 -2 -1 -1 -1 -2 -2 -2 701866329 -2 840229032 -2 -1
-2 -2 -2 196567812 -2 -2 -1 -1 -1 -1 -2 -2 -1 -2 -2 -2 -1 -2 -1 -1 -2 -1 -1 142471170 -1 -1 -1 22455538 -2 -1 -2 -1 -2 -2 -2 -1 -2 -1 -2 -2 -2 764822838 -1 -2 -2 -2 -1 -2 -2 700312404 -2 -1 -2 -2 -1 -1 -2 -1 -1 -1 575143960 -1 -2 -2 -2 -2 -2 -2 -2 -1 -1 -2 -1 -1 -1 -1 -2 -1 -2 -2 -2 -1 -1 -1 -2 -1 -2 -1 -2 -1 -1 -2 -2 -1 114597897 -1 -1 -1 -2 -2 -1 -2 -2 -2 -2 -1 -1 -1 -2 -2 -2 -1 -1 -1 321720730 -2 -1 -1 -1
-2 -1 -1 -2 -2 -2 -1 -2 -2 -2 -1 -2 641396926 -1 -2 -2 -1 -2 -2 -2 -2 452012484 -2 -2 -1 -2 -2 -2 -2 -1 441749677 -2 -2 -1 -1 353705752 -2 -1 -2 -2 -1 -2 399809571 -1 -1 -1 -1 -2 -2 -2 -2 -1 -1 904528723 -1 799100546 -2 -2 -1 -1 -2 -2 -2 -1 -1 -2 -2 -2 -1 -1 -2 -1 -1 -2 -2 -1 -1 -1 -2 -1 -1 -1 -1 -2 -2 -1 -2 151852042 874472815 -2 -1 -2 -2 -2 -2 -2 -1 -2 -1 -1 -2 -2 -2 -2 551440580 -2 262671601 -1 -2 -1 -2 -2 -1 -2 -2 -2 -2 -1 801425633
-1 -1 -1 -1 -2 -2 -2 -2 -1 -2 -2 -1 195588944 -1 -1 -1 -2 -2 -2 -1 -2 33730684 -2 -1 -1 -2 -1 -2 -1 -2 -1 -2 -2 325066903 -2 367842131 -2 -1 -2 11494785 -2 -1 -1 -1 -1 381748040 -1 -2 -1 -1 -1 69647830 -1 -2 -2 -2 -2 -1 -2 -1 -2 -1 -1 -2 -1 -1 -1 -2 -1 -2 -1 -2 -1 -2 -1 -1 -1 -1 546117448 -2 -1 -2 -1 -1 -2 -2 -2 9533514 -2 -1 -2 591175174 -2 -2 -1 -2 -2 -1 -2 -1 -2 -2 -2 404400045 -2 -2 -1 -1 727098952 -1 -2 -2 -1 -1 -2 -1 -2 -2 -2
-1 -2 -2 -1 -2 879586445 -2 -2 -1 -2 -2 -2 -2 -2 -1 -1 -2 755644540 -1 -1 -1 -1 -2 -1 -2 -2 -2 -2 -2 -2 -1 -2 -2 459372683 -1 -1 -1 453192246 -2 -1 -2 -1 -1 -2 -2 -2 -1 -2 -1 -1 -1 -1 -2 -2 -1 -2 -2 -2 -2 -2 -2 -2 -2 -1 -1 -2 -1 -1 402272389 601568921 -2 804712567 331119366 -2 -1 -2 -1 -1 -1 -2 -1 -2 -2 -1 -1 -1 -2 402044274 -2 -1 -2 -1 -2 -2 -1 -2 635282144 -1 -1 -2 -2 -1 -1 -2 -1 837570602 168202014 -2 -2 -2 -2 -1 -2 -2 -2 94287345 -2 -2 -2
-1 -1 -1 -2 -1 -2 -2 -1 -2 -1 -2 -1 -2 -1 -1 -2 -1 -2 -1 -2 -1 -2 -2 -1 -1 -2 -1 454441127 -1 -1 -1 -1 -2 -1 -2 -1 -1 -1 -1 -2 -1 -1 -1 -1 -1 -1 -2 -2 -1 -2 -1 -2 -1 -2 -1 199659880 -2 -1 -1 218644840 -1 -1 -1 -2 -2 -1 -2 -1 -2 -1 -2 -2 -2 -1 -2 -1 -1 -1 -1 -2 -1 -2 -1 -1 -2 -2 -1 -1 -2 -2 -2 -2 -2 894218665 -2 -2 -1 -2 -2 -2 -2 6712438 531648529 -1 -1 -1 -2 -1 16752729 -2 -2 -1 -1 -2 -1 -1 -2 683459429 -2
-1 -2 609451207 -2 347303086 913197665 -2 -2 -1 -2 -2 -2 -2 -1 13055383 -2 -2 -2 -2 -2 -2 -1 -2 -2 -1 447012382 309354342 -1 -1 -2 -1 -2 -2 -1 397045742 -1 -2 -1 -2 259118 -2 -1 -1 -2 -1 -2 -2 -1 -2 -2 -2 -1 -2 -1 -1 87161861 -2 -1 -2 -1 -1 -2 192158494 -1 -2 338550906 -1 -1 -1 -1 -1 -2 -2 -2 -2 -2 -1 -2 -1 -2 497133287 -2 -1 -1 -2 -2 -1 133290278 -2 811879205 -2 14698175 -1 -1 774322353 646257158 597376167 -2 295641874 -1 -2 -2 -1 -2 -1 -1 -2 -2 -2 -1 -1 -2 -1 -2 -2 -2 -1 -2 -1
-2 -2 -1 -2 -2 386780742 -1 -2 -2 743194492 -1 -2 -1 -1 245387615 -2 -1 -1 -1 -1 -2 -2 595431135 -1 721557223 -2 -1 -1 -2 -1 -1 -2 55746631 155718283 422574445 -2 -1 -2 -2 -2 -1 -1 -1 -2 -1 -2 -2 -1 -2 -1 -2 -2 -2 19762814 -2 -1 -2 -1 -2 921099814 -2 -2 -1 613413479 -2 -2 -2 -2 -1 -1 -2 -1 -2 -1 -1 -2 -2 -1 -2 -1 -2 -2 -2 -2 -2 -1 -2 -1 -1 -1 -1 -1 -2 -1 -2 -2 -1 400978787 -2 -1 -2 -2 -2 -2 -2 -2 -2 -2 -2 -2 -1 -2 -1 -1 -1 -2 -2 -2 -1
-1 -1 -1 -1 -1 -1 -1 -2 -2 -1 -1 -2 -1 -1 -1 -2 -1 -2 -2 -1 -1 879360111 -1 -1 -2 945102612 -1 -1 -1 -1 -2 -2 -2 -1 -1 307288975 -2 -1 -1 -2 4875479 -2 -1 -2 -1 -1 -1 -2 -2 -1 -2 -2 -2 -1 -1 802225521 -1 -1 -1 -2 -1 77469895 -2 -2 877771783 -2 -2 -1 948334781 -1 -1 -1 -1 -2 -2 -1 -2 -1 -2 -1 366712057 -2 -2 -1 -2 -2 -2 -1 -1 19143063 -1 -2 -1 -1 -1 -1 -2 -2 4623007 -2 179983500 -2 -2 -2 -1 -2 -2 -2 -1 -1 -1 -1 798896003 -1 -2 -1 -2 -2 -1
-1 -1 -1 -2 -1 -2 -1 -2 -1 -2 -2 -1 -2 -2 -2 -1 -2 -1 -1 -1 -1 -1 -2 -1 -1 -2 -1 22096305 -2 -1 272129255 -2 -1 -2 -1 -1 -1 389768887 915192988 -1 220576400 -2 -2 -1 -1 -1 -2 -1 -2 -1 -2 -1 465840370 -1 -2 -1 885046672 -2 -2 -1 -1 -2 -2 -1 -2 -2 832120341 -2 786721867 -1 -1 -2 -2 -1 -2 -2 -1 -2 -1 -2 -2 730777569 -2 -2 -2 -1 -1 -1 -2 -2 -2 -1 -1 -2 -1 -1 -2 712566058 376271581 -1 -1 568427828 -2 -2 -2 -2 -1 29836989 -2 -2 -2 434279780 -2 -1 -2 -1 -1 -1 -2
-2 -2 -2 -2 497444551 -2 -1 -1 -2 -2 -1 -2 931835026 -1 114562163 -2 -1 -2 -2 135599597 -1 -1 932123534 -2 -1 635311061 911248436 -1 -1 -2 -1 896349498 -2 -1 -2 -1 -1 -2 -1 -1 -2 -1 -1 -2 967289545 -1 -2 742755587 -2 -2 -2 -1 -2 -1 -2 -2 -1 -1 -2 -1 -2 -1 -1 -2 -2 -2 -2 -1 -2 202751459 -2 -1 -2 -2 -2 -1 -1 -2 -2 -1 -1 -2 -2 -1 -1 -2 -1 -2 -2 -1 -1 -2 -1 -1 -1 -1 -2 -2 -1 -1 -1 -1 -2 92666418 -2 351947528 -2 -2 -1 -2 -2 -2 -1 -1 -1 -2 -1 -2 -2
-1 62862282 -1 503781393 -2 -2 773156500 -2 -2 -2 -1 -2 -2 -2 -1 -1 -2 -2 -1 -2 -1 -2 -2 -2 -2 -2 -2 -1 -2 -2 -2 -2 -2 -2 -2 -2 383277351 -2 -2 -2 -1 -1 893006599 -2 -1 -2 -1 -2 -1 -2 987901911 -1 -2 -2 -2 -1 -2 -2 -2 -1 -2 -1 -1 -1 -2 262804411 -2 -2 -2 -2 -2 -1 -2 -2 -2 -1 -1 -1 -1 -1 -1 -2 -2 -1 -2 163105423 -1 -2 -1 -2 -2 -1 -1 -1 -2 -1 -2 -2 -1 284643847 -1 -2 -1 -1 -2 -1 -1 101401425 -2 -2 -2 -2 -2 -1 -2 -1 -2 -1 -2
-1 -2 -2 -1 4256534 -2 -1 -1 -2 -1 -2 -2 -2 -1 313454992 -1 -1 765176401 -1 -2 -2 -2 -1 -2 -1 -2 -2 922803307 -2 -1 -1 -1 -2 -2 -2 -2 -1 -1 834489840 -2 -1 -2 -2 489384386 781139545 -2 -1 -2 -1 -1 -2 -2 -2 -1 -2 -1 42273154 -1 -2 -1 -2 -2 -2 -2 -2 -1 -1 -1 -2 -2 -2 -2 -2 -1 -2 -1 -2 -2 -1 -2 676632889 -2 -2 -2 -1 -1 -1 -2 -1 -2 -1 -1 -2 -2 -1 -2 -2 -2 -2 -2 13983762 572447631 -2 -2 -1 -2 72030083 -1 -2 -1 -1 488023978 -2 710011855 -2 -1 -2 -2 -2
-2 -1 -1 -1 -2 -2 -1 -1 -2 -1 -1 -1 -2 -1 -2 -1 -1 -1 -2 -1 -1 948081585 -1 -2 -2 -1 -1 -1 -1 -1 583728831 -2 -2 -1 -1 -2 -1 -2 -2 55582602 -1 -2 -1 -2 -2 -2 -1 -1 -1 -1 -1 -2 -1 -1 774455530 -2 -2 -1 -2 494841816 -1 -1 -2 457089512 -1 -1 -1 -1 -2 -2 33666163 -1 -2 -2 -1 -2 -1 -1 -2 -2 969829899 -1 -1 -1 -2 -1 -1 -1 -1 -2 -2 -1 -2 -2 -2 -1 -2 -2 -2 -2 -2 -2 -1 -1 -1 -1 -2 -2 -1 -2 -2 -2 -1 -2 -1 -1 -1 -2 -2
-2 -1 -2 -2 -2 -1 -2 -2 -1 -2 -1 -2 -1 146482654 -2 -1 -2 -1 -2 -2 -1 -2 -2 -2 -2 -1 -1 -1 -1 -1 -1 -2 -1 992072068 -2 -1 -1 -1 692444572 -1 -1 474434254 -2 -2 -2 -1 -2 -2 -1 -1 -2 -1 -2 -1 -2 -1 -2 -1 -1 -2 -2 819676000 -1 -1 983406861 -2 -1 -1 260880198 -1 556471618 -1 -2 -1 -1 -1 -2 -1 -2 -2 217931333 -2 -2 -2 374670273 -1 -1 -1 -1 -1 -1 433315879 -1 -1 -2 -2 -2 -1 -1 -2 -2 -2 -1 -1 -1 -2 -2 -2 -1 -2 -1 -2 911686800 632406909 -1 -1 -1 -2 -2
-1 -1 -1 -2 -2 737637191 -1 -1 -1 -2 -2 -2 -2 -1 449784845 399336564 66049944 -2 -2 -2 -2 -2 -2 -1 862261247 498105264 -1 -2 -2 -1 -1 -2 -1 -2 -2 -1 -2 -2 -1 -2 -2 -2 -1 -1 -2 -1 -2 -1 -1 -2 865640253 -2 -2 -2 -1 -2 -2 -2 -2 -2 -1 -2 -1 -1 -1 -1 -1 -1 -1 965408340 -1 -1 -1 478837563 -2 -2 -1 -1 -1 -1 -1 777549122 -1 -2 -2 460713501 -1 -2 -1 242164418 -2 605796399 836563005 -1 -2 -1 -1 -1 -1 -1 -2 675919986 -1 -1 -1 -2 -2 -2 -1 -1 -2 -1 -2 479148255 -1 -2 -1 -1 -1
645650505 -2 -2 -1 -1 192306495 -1 -1 -2 -1 -1 -2 318756893 -2 -2 -2 -2 -1 -2 -1 -2 -2 -2 -1 -2 -1 -2 -1 -1 -1 -2 -1 -2 -2 -2 -1 -2 -2 -2 -2 -1 614149410 106317552 -1 -2 -2 -2 -2 -1 -2 -2 -2 -2 -2 -1 -1 -1 -1 -2 -2 -1 -2 -2 -2 -2 -1 -1 -2 -2 -1 -2 807425688 -2 -2 -2 -2 -1 317862215 -2 -2 -2 235731233 -2 -2 80265743 -1 -2 -2 -2 -2 -2 -2 -1 652514894 -1 -1 -1 -2 -2 -1 -2 -2 842991489 -1 -2 -1 -2 -1 -2 -1 -1 -2 -2 -1 -1 -1 -1 -1 -1
434265404 -2 -2 -2 -1 -1 -2 -1 -2 -1 -2 -1 -2 156341414 -2 -1 -1 -1 715459572 -1 -2 -1 143241881 421350529 -2 -1 -1 -1 -1 -2 -2 -1 -1 -2 -2 354578132 -2 -1 40738227 -1 -2 -1 408448286 -1 -2 -1 -2 -1 156381461 -2 481541045 -2 -2 -2 -1 -1 403482769 -1 -1 -1 -1 -2 -1 -2 -1 -2 358756981 -2 -2 261770502 -2 -2 -2 -1 -2 -2 -2 -1 131921090 -1 -2 -1 -1 -2 567220889 -1 -1 -2 -2 -1 -1 -1 -2 -1 702538477 -1 -2 -1 -1 -1 -2 -1 -1 -1 -2 -2 -1 -1 -1 -2 -2 -1 -2 -1 -2 -2 -1 -1 -1
-1 -2 -2 -2 -1 -2 -2 -2 -2 -1 -1 -2 -1 -1 -2 -2 -2 -2 -2 -2 -2 -1 -2 -1 583141101 290445919 -1 -2 124777772 -2 -1 -2 -2 -2 -1 -1 -2 21597212 -2 -1 -2 -2 -2 -2 -1 -2 -1 -1 -1 -2 -2 762300120 -1 -2 295493610 -2 -2 -2 -1 -2 -1 626431986 -2 -2 -1 -2 -2 -2 -2 -1 -1 -2 -1 375191266 -1 -2 -1 -1 -1 -2 -2 -2 -2 -2 -1 451028692 -1 -1 -2 -2 -1 -1 -1 -2 -2 -1 -1 -2 -1 -2 -2 -1 -2 -2 -1 -2 337684842 -1 -2 -1 -1 -2 -1 406715648 -2 -1 -2 -2 -2
-1 201334804 -1 -1 892025634 -2 -1 -1 -1 -2 -1 -1 -2 -1 -1 -1 -2 -2 -1 -2 -1 -1 -1 -2 111310525 548799345 -2 -2 -2 -2 -2 -1 -2 -2 -1 -2 -2 -1 -2 -1 -1 -1 181901432 -1 -1 -1 -2 -1 -1 -2 -2 -2 -2 43030689 -1 -2 -1 -2 -1 -1 -1 -1 -2 -1 -2 -2 -2 -2 -1 -2 -1 -2 -1 -1 -1 -2 -2 -2 -2 -2 -1 -1 -2 -2 -1 -1 -2 771340377 -1 -2 -1 -1 -2 -1 -1 -1 -1 -2 -2 980569041 -2 -2 -1 -2 -1 -2 -2 -2 -2 -2 -2 -2 -2 442171339 -2 -1 -2 -1 -2
-2 -1 -1 -1 -1 -1 -2 -2 -1 622569296 654669832 -2 -1 -1 -1 -2 -2 -1 -2 -2 -2 -2 -2 -2 -2 -2 -2 -2 -1 -2 -1 -1 -2 -2 -1 -2 -2 -1 -1 -1 -2 -2 -2 -2 -2 454308541 -2 -1 401684790 -1 -2 -2 -1 -2 -1 -1 -1 -1 -2 -2 -2 -2 387095655 -2 -1 -1 -1 -2 -1 -2 -1 -1 -2 -1 -2 -2 -2 -2 -2 -1 -1 -2 -1 -2 -1 -2 -2 -1 -2 -1 -1 -1 -1 -2 -1 -2 -1 -1 -1 987100989 -2 -2 -1 -1 -1 -1 -1 -1 -2 -2 -1 -1 -2 -2 -2 -2 -2 -1 -2
-2 -1 -1 -1 -2 -2 -2 -2 226143752 -2 -2 -1 -1 -1 -2 -2 -2 -2 -2 -1 -2 -2 -1 -2 -2 985415154 -1 -2 -1 -1 -2 -2 829529700 12330153 728897418 -1 -1 985051332 -1 -1 -2 581939602 -2 -2 -2 -1 -1 -2 -2 -1 -1 -2 -1 -1 -2 -2 -1 -2 -1 -2 -1 -2 -2 -2 -1 -2 -2 -1 -1 -2 -1 -2 -2 -2 -1 -2 969036448 -1 -1 -1 -2 -2 -1 -2 -1 -2 990534624 -2 -2 88093347 -1 -2 -2 -1 -1 278392918 -2 -2 -1 -1 -1 -2 -2 -2 -2 -1 -2 -2 -2 -2 -2 -2 -2 -1 -1 403127868 -1 -1 -2
-2 -2 -1 -1 -2 -1 -2 -1 14740858 -1 -1 -1 -1 -2 -1 -1 -2 -1 -1 -1 -1 -2 -1 -2 -1 -2 -1 -1 -1 -2 -1 92986584 -1 328998738 -1 -1 -2 -2 94759871 -2 -1 -2 -1 -2 -2 -2 -1 -2 -2 -2 -2 -1 -2 -2 -2 -2 -2 -2 -2 -1 -2 -1 -1 -2 -1 -2 -2 -2 -2 -1 -1 -1 -1 -1 -2 -2 -2 -2 -1 719942542 -1 -2 -1 -2 -2 716607556 -2 -1 -1 -1 -2 -2 -2 -1 528034315 -1 -2 -1 -1 -1 -2 -2 -1 -1 597632502 -2 -1 -1 -2 -1 -2 561642263 -2 -2 -1 873526978 -2 -2 -2
-1 -1 -1 -2 -2 -2 -2 -1 -2 -2 -2 -2 -1 -1 -1 560295991 -2 -2 -1 -2 -2 -1 -1 -2 884389365 -2 186156428 -1 -1 -1 -1 -1 -2 -2 995964420 -2 6932308 -2 -1 -2 135070119 112751831 -2 -2 -2 -1 -2 -2 -2 -2 690794010 -1 -2 -1 -1 -1 -2 -1 -1 -2 -2 -1 -2 -2 -1 -1 -2 -1 -1 -2 -1 -2 -1 -1 -2 -1 -1 -1 -1 -1 -2 -1 -2 -1 -1 -1 -1 710322186 -2 -2 -1 -2 -2 -1 -1 -1 -2 -1 -2 543630363 -2 -2 -2 -2 -2 -2 -1 -1 -1 -2 -1 -2 -2 -2 -1 -2 -1 -2 -2
-2 973604141 -2 -2 362182825 -1 -2 837748046 -1 -2 -2 -1 -2 662510879 -2 -1 -1 -1 -2 -2 -2 -2 -2 -1 -2 -1 -2 -2 -2 -1 -1 -1 -2 950372984 -2 -2 883757050 -1 89594740 -2 -1 -2 -2 -1 -2 -2 -2 -2 -2 -1 -1 -1 -2 -1 -2 -2 -2 -1 -2 -2 -2 -2 -2 -2 -2 -2 -1 -2 -2 -1 -2 -2 -2 -2 -1 -1 -1 -1 -1 -2 -2 -2 -1 574350015 -2 -2 -2 -1 -2 -2 -2 -2 -2 963557453 -2 -2 -2 -1 -2 -2 -2 -2 -2 -2 -2 -1 -2 -2 -2 -2 -2 -2 -2 454810125 -1 -2 -2 -2 -2
-2 582630488 -2 -1 -1 -2 -1 969897251 570894730 100480960 -2 -2 -1 -2 -2 -1 -1 -1 -1 -2 -1 -1 -2 885715748 -1 -2 -2 -1 -2 944434333 -1 -2 -1 -1 -2 -2 -1 -2 -1 -2 -1 862743142 -1 -1 -2 -2 -2 -2 -2 -2 -2 638079291 284409373 -2 -2 -2 -2 -1 -2 -1 -1 -2 -1 -2 -2 -2 -1 -1 -1 -1 -2 -2 -1 -1 209859817 -1 -2 -1 771124026 -1 253534452 -2 -2 -2 -2 -1 -2 90241185 -2 -2 -2 -1 -2 -1 -1 -2 -1 -2 -1 -1 -1 -2 -1 -2 -1 -2 -2 -2 -2 -1 -1 -2 14293501 -2 -2 -2 972568068 -2 -2
-2 -2 -2 -1 -2 -2 -1 -2 -1 -1 594239546 -2 -2 -1 -2 -2 -2 -1 -1 -1 -2 -2 -2 -1 -2 -1 -2 -1 -2 848718066 -2 -1 -2 -2 -2 -1 -2 -1 -1 -1 611151364 684497594 -2 -1 -1 -1 -2 -1 -1 -1 -1 -1 -2 -1 -2 -2 460455235 -1 -1 596126092 -2 -2 -2 -1 -2 -2 -2 -2 -2 -2 -2 -2 -2 -2 -2 -2 -2 -2 -2 -2 -2 -2 -1 -2 -1 -2 -1 877091782 -1 562850706 -2 -2 -1 -1 -1 -1 -2 955655689 -1 -2 -2 742499243 -1 -2 -1 -2 207238686 -2 228288940 -1 -2 -2 -1 -1 -2 -1 -1 -2 -2
-2 -1 -2 -2 -1 -1 -2 -2 -2 232311610 36255569 -1 -2 -2 -2 -2 -2 -1 -2 -2 -2 -2 -2 142089224 -2 891852021 -2 -2 24254005 -1 -2 -2 -2 -1 -1 -1 -1 -2 654873933 -2 -1 -2 -1 -1 -1 -2 -1 -2 -2 -1 -1 -2 -2 -1 -1 -1 -1 92294010 -1 -1 -1 -2 -1 521101744 -1 -1 -2 -2 404755968 -1 -2 -1 -1 -2 -1 -2 -2 -2 -2 -2 -2 -1 -2 -2 -1 -1 -2 -1 -1 -1 -2 -2 -2 -2 -1 -2 -1 -1 -1 -2 84563111 -1 -1 -2 959104506 -1 -1 -1 -2 -2 -2 -2 -1 -1 247441850 688393223 -2 -1 -2
-2 665595374 -2 -2 -1 375032844 -2 -2 -1 -1 -1 -2 -1 -1 -2 -1 -2 -1 -1 -2 -2 -2 -1 -1 -2 -1 -1 -2 -2 -2 -1 -1 -2 -2 569548981 -1 -1 -2 -2 -1 -1 -1 -2 -2 -2 -2 -2 -2 -2 -1 -1 -1 -2 -1 717766226 -2 -2 -2 -1 -1 -2 -1 -2 -2 -1 -2 -1 -1 -2 -2 -1 -2 -2 -1 -1 -2 -2 -2 216535855 -2 -1 -2 -2 -1 -1 -1 -2 -2 -2 -2 -2 -2 -2 -1 -1 -2 -2 223541494 -1 -2 -1 -2 72098465 -1 -1 710015572 -2 -2 -2 -1 -1 195525898 -1 -2 -2 -2 142781679 -2 -2
788963133 -1 -2 -1 -1 -1 -2 -1 -2 106267540 -2 -2 -1 -2 901037200 -1 -2 -1 -1 -1 -1 -2 -2 -2 -1 -2 -2 -1 -2 -2 -2 -1 -2 -2 -2 -2 -1 -1 -1 -1 -2 753776030 899885577 -2 -1 -2 -2 -1 -2 -2 54965950 658974825 141081712 -1 -2 -1 -2 -1 138727630 -2 -1 -2 26147783 -2 -2 262971666 -2 -2 -2 -2 -2 -1 -1 -2 -1 -1 -2 -2 -2 504106277 -2 832069126 -2 -1 -1 -1 -2 -1 -1 -2 -2 -2 -2 834016107 -1 -1 -2 -2 -2 -2 -1 -1 -2 -1 -1 -2 70624535 -1 -2 -2 -2 -2 -1 -2 695184981 -1 -2 -1 -1
-2 -1 -2 -2 -1 -2 -1 -1 -1 690461327 -2 387442846 -1 -1 760522600 -1 -2 -1 -2 -1 -1 118748327 -2 -2 -1 -2 -2 -1 -2 -2 -1 -1 -1 -2 -2 -1 -2 -2 -1 777375481 -2 -2 -2 -2 -1 -2 -2 140487891 -2 -2 -1 241099415 -1 -2 901654800 -2 -2 -1 -1 -2 -1 -2 -2 -2 -1 -2 -1 -1 833402067 -1 178055618 -1 -2 -1 -1 -1 -2 -1 -2 360307763 -1 -1 -2 -1 -1 -1 -2 -1 -2 -2 -1 -1 -1 -2 548893912 -1 -1 -1 -2 -1 -2 62154467 -1 -2 -2 -2 -1 -1 -2 -1 -1 -2 -1 -2 220974897 400600150 -2 -2 -1
-2 -1 -2 -1 -1 -2 -1 -2 -1 -1 -1 -2 -2 -1 -2 -1 -2 -2 -1 -2 -2 -2 -1 -2 -1 -2 520295883 -1 -1 -2 -2 -1 -1 -2 -2 -2 -1 -2 -2 662279364 753611786 271798609 -2 -1 -2 -1 -1 -1 -1 89556179 -2 -2 -2 -1 -1 -1 -1 -1 -1 -2 272273120 -2 -2 -1 -1 -1 -1 -2 -1 -1 -2 -1 -1 -2 -2 -1 -1 -2 -1 -2 -1 -2 -2 234569566 -1 -1 839937214 662913785 -2 -1 -2 -2 -1 -2 -2 -1 -1 -2 -2 -2 385551754 -1 -2 -1 -1 -1 -1 -1 -1 -2 -2 -1 -1 -1 -1 -2 -2 875043621 -2
-2 -1 -2 -2 -2 -1 -2 401661057 -1 832542057 -2 -1 -1 -1 -2 -2 -2 -1 536577951 -1 -1 -2 -2 -2 -1 682333792 -1 -2 -2 -2 -1 -1 -2 -2 -1 -1 -2 -1 -1 -2 -2 -2 -2 -2 -2 -2 -2 -2 -2 -1 -1 -2 -1 -1 -2 -2 -2 -2 -2 -1 -2 -2 -2 -2 -2 -1 -2 -2 -1 909628162 -1 -2 -1 -2 -1 -2 -1 202644299 -1 -2 9070144 -1 589502675 -2 -2 -1 303165733 -1 -1 -2 989162161 659692395 -2 -2 -1 -2 -1 -1 -1 -2 -1 -2 -2 -2 -1 -2 -1 -1 -2 464315567 -2 -2 -1 -2 -1 -2 -1 446761594 -2
-1 -2 -1 -1 -1 -1 -1 -2 -2 -2 -1 -1 -1 -2 -2 -2 -1 212343574 -2 -2 -2 -1 -2 -1 -1 -2 250150556 -2 995673711 -2 432244218 -2 -2 -2 -1 576173522 -2 -1 881407009 204545189 -1 -1 -1 -2 -1 -2 -1 -2 -2 -2 -2 -2 -1 620529658 -1 -2 -2 -2 -2 -1 -2 -1 -1 -2 -1 -2 979859343 -1 -2 -1 -2 -2 -1 -1 -1 -2 -1 -2 -2 -1 -2 -2 -2 -2 857927594 -1 181203930 -2 -2 -1 -2 -2 -2 -2 -1 188031548 -2 -1 -2 -2 -2 25502928 -2 -2 -1 -1 -1 -2 -1 -2 -1 -1 -1 842669873 492424020 -1 -1 -2 -2
-1 -1 -2 -2 -1 -2 -2 -1 -2 524840669 563023721 -1 -1 -2 -2 -2 -2 -2 -2 -2 -2 327090795 -1 -2 -2 -1 -2 -1 731359958 -2 -1 -1 -1 384518527 -1 -2 -1 -2 -2 -2 784122987 42300386 -2 120720632 -1 -1 -2 -2 -2 -2 -2 -2 -1 -1 -1 -2 -1 -2 -1 -2 -2 -2 -1 -2 -2 585346142 -2 -2 -1 -2 -2 -2 -2 -1 -2 -1 -1 -1 -1 -1 -2 -2 -2 -1 -1 -1 -1 -1 -1 -2 -2 -1 -1 -1 -1 -1 -2 -2 -1 -2 -2 -1 -1 -2 -1 310359388 -2 -2 -2 -1 -1 -1 -1 -1 199652775 -2 818207322 -1 -2
378026164 -1 -2 -1 -1 -1 -1 -1 111111714 -1 -2 -2 -1 -1 -2 -2 -2 -1 -2 -2 -2 -1 -1 -1 -2 -2 -2 -1 -2 -1 -2 -2 -1 -1 -1 -2 -1 -1 548182972 -2 -1 -1 -2 90995425 -1 -2 -2 -2 -2 -2 -2 -1 -1 -1 -2 -1 -1 -1 -1 -2 -1 -1 -1 -2 -2 -2 -1 -2 -1 -2 -2 -2 -1 743926158 -1 654774626 -1 -2 -1 -1 -2 -1 -1 -2 -2 -1 -2 -1 -1 -2 -1 -1 -2 -1 -2 -1 895904579 830001353 -2 -1 -1 -2 -1 -1 800980484 -2 -1 405975284 -2 -1 -1 -2 -2 -2 -2 -1 -1 -1 -1
-2 -2 -1 -1 -2 169311063 -2 -2 -2 524706862 -2 -2 -1 -2 -2 -1 -2 -1 -2 -2 -1 -1 -1 -1 -2 -2 -2 -1 -1 -2 -1 -1 -2 -2 -2 -1 -2 -2 974717600 -1 -1 -2 -1 983758174 -1 -2 -2 -1 397449803 274283915 -1 -1 -2 -2 -2 -2 639969586 -2 -2 -1 775305264 -1 -2 -2 -2 -2 -1 -1 -2 -2 -1 -2 -1 -1 -1 -2 -2 -1 -2 -1 -1 -1 -2 -1 -2 -1 -1 -2 -2 -2 -1 -2 -1 -2 -2 -2 -1 -2 -2 -2 -2 -2 -1 -1 -1 -2 -1 -1 -2 -2 248926172 -2 852199376 -2 165112000 -1 -1 250145920 -2
-2 -1 -2 -2 -1 -2 -1 -1 -1 -1 -2 -2 -1 -2 461016232 -1 -2 -2 -1 -2 -2 -1 -2 -2 -2 481502714 -2 -2 -1 -1 -2 -2 29194652 -2 -2 -2 -2 -2 -2 -2 -1 -2 -2 -2 -2 -2 -2 -1 -1 168820304 -2 -1 -1 107030598 -2 -1 -2 -2 -2 -2 -2 -1 -1 -2 105941387 -2 -1 -2 -2 -2 -1 -2 -2 -2 -1 -2 678774617 -2 -2 -2 -2 -2 -1 -1 -1 -2 -1 -1 -2 -1 -2 -1 -2 -2 -1 -2 -1 -2 -1 -2 -1 -2 -2 -2 -2 -1 -1 -1 -1 -1 -2 -2 -1 -1 -2 -1 -1 447175106 -2
-2 -2 -2 -2 -2 557463621 -2 -2 -1 -2 -2 -1 -1 -2 -1 -2 390795824 -2 -1 -1 -2 -2 -1 -1 -2 852485744 -2 -2 -2 -2 -2 -2 -1 -2 -2 -2 -2 -2 -2 -2 -2 43442834 633573688 -1 -1 -1 -1 -2 -2 -1 -1 -2 -1 -1 -1 -2 -2 -1 -2 -1 -1 -2 -2 -1 -2 -1 -1 -1 8125967 -1 -2 -2 -1 -1 145092594 -2 -2 485576205 -2 780836257 -1 -2 -2 987104846 -2 -1 -2 -1 -2 -1 -2 -1 -2 -2 -1 -1 -2 154746524 -1 -2 -2 -2 -2 -2 -1 -2 405177544 -2 -1 -1 -1 461887411 -2 -1 959320547 -2 -2 -2 -2
-2 -1 -1 -1 -2 -2 -1 -1 -1 -2 -1 -2 897934305 -1 -1 -1 -2 -2 641850742 -1 -2 -2 -2 -1 -2 -1 63248237 -1 -1 -1 -2 -1 -1 -2 595207934 -1 -1 -2 -1 542785191 -2 -2 984072825 658495411 -2 -2 -2 -1 -1 -1 -1 693967116 -2 -1 -2 -2 -1 -2 -2 -2 -2 -2 707541449 782193226 -2 -2 -2 -2 -1 -1 -1 -2 -1 -2 -1 -1 -1 -1 -2 -1 -1 -1 854057697 880525133 857462901 885542218 -2 -1 -2 -2 -1 -2 -2 941285899 661377760 -2 -1 -2 -1 -1 -2 686640105 -1 73588032 -1 -1 927037728 -2 -2 -1 -1 -2 279407334 -2 -2 -2 -1 -2 -1
-1 -1 -1 -2 -1 -2 -2 -2 -2 -1 -2 -1 -2 -1 -2 -2 -1 -1 -2 -1 -1 -1 -2 712494946 -2 -1 -2 -2 -1 -2 688777275 -1 -2 -1 -2 -2 662411534 -2 -1 -2 883273820 -2 -2 -2 61355856 -2 -2 -1 -1 -1 -2 -1 281434360 -2 -1 -2 -2 -1 -2 -1 487322477 -2 -2 -1 -2 -1 -1 -1 -1 -1 -2 -2 -2 -2 -2 -2 -2 -2 -2 -2 398438078 -1 -2 -2 -2 775259197 -2 -1 -1 -2 -2 -1 -1 -1 -2 -1 -2 65663602 -2 -1 -1 -2 -1 825327391 86863226 -1 -2 -2 775022834 740470183 -2 -1 -2 -1 -1 240183207 -2 -1 73304629
-1 -1 -2 -2 -2 757066188 -1 947135444 -2 -1 -1 -2 -1 -1 -2 -2 -2 -2 -2 -1 -2 -2 -2 -1 -1 -2 779527545 -1 -2 -2 104173672 853907550 -2 -1 -2 -1 -2 -1 -1 356666787 -2 -2 -1 -2 -1 -2 -2 -2 -2 -2 307019675 -1 -1 -2 -1 -2 -1 -2 -2 -1 -2 -1 -1 429508434 -2 -2 -2 -2 -1 -1 -1 -2 -2 -1 -2 -2 -1 411412232 -1 -2 -1 -1 -2 -2 -2 -1 188760258 -2 -1 337270061 -2 -2 -2 -1 -2 246359404 -2 -2 -2 -1 -1 774885923 -2 -1 -1 -1 -2 -1 -1 -1 -2 -1 -2 -1 -1 -2 -1 -2 -2
-2 -2 -2 -2 -1 -1 -2 -1 -2 -2 970363074 -1 -2 -1 476226682 -1 53301281 -1 714650222 -1 -2 -2 -1 -1 -1 -2 -1 -2 -1 -1 399162219 -2 -1 -2 -1 -2 -2 -1 -2 -2 -2 -1 -1 -1 -2 -2 -2 193953876 -2 -1 -1 507323990 -2 -2 -1 -2 -2 -2 -1 -1 -1 -2 -2 -2 -2 -1 -1 59463881 -1 -1 -1 -1 -2 -1 -1 -2 -1 -1 -1 -1 -1 -2 -2 -1 -1 826612689 -1 -2 -1 -2 -2 -1 -1 -1 -2 -1 -1 -2 -1 -1 -1 -1 -2 -2 -1 -2 -1 -2 -1 -2 614879426 -1 -1 665081641 -2 -2 -1 -1 -1
