94 75
-1 -2 -2 -1 -2 -1 -2 -2 -2 -1 708267108 -2 -2 -1 -2 -2 -1 -2 445908902 -1 -1 -2 575961383 -1 -1 635144706 -1 -2 -1 -2 -2 -2 -2 -2 -2 -2 994341464 97584728 -2 -2 -2 -2 -2 -1 -1 -1 -1 -2 -1 -1 -1 -2 -2 -1 -1 72988509 -1 -1 -2 -1 -1 -1 -1 -1 -2 -2 -1 -2 704039759 -2 -2 -1 -1 -2 -1
-2 -1 -1 -1 -1 -1 -2 401219081 -1 -2 -1 -1 -1 -1 -1 -2 -2 -1 -2 -2 21898702 237552097 -2 -1 -1 -1 -2 -2 -2 -1 -2 -2 -1 -2 -1 -2 -1 262306598 -1 483280453 -2 -1 -2 541769127 -2 -1 -2 -2 -2 -1 -2 -2 -1 555567385 -2 -1 -2 -2 -1 338090150 -2 -2 -1 -2 -1 -2 -1 -1 -2 -1 -1 340667832 549699961 -1 -1
-1 -2 -1 -1 -2 -1 -2 -2 -1 752303966 -1 -2 -1 417421845 -1 -1 -1 -2 -2 -1 -1 852848027 -2 -1 -2 480428682 -1 -1 -2 -1 -2 -2 -1 -1 26720254 -1 -1 -1 -2 -1 -2 -1 -2 270310629 -1 -1 -2 -2 -2 -1 -2 -2 -2 -1 675472499 -1 -1 -1 -2 -2 -2 -1 -2 -2 -1 -1 977659522 -1 -1 -1 -1 -1 -2 -1 -1
-2 -2 -1 -2 -2 -1 -1 -2 -2 286867516 -1 -2 -2 -2 -1 -1 924954751 -2 -2 -2 -2 -2 -2 -1 -2 -1 -1 -2 -2 -1 -2 -1 -2 -2 -1 -2 -1 -2 -1 64656210 -2 -2 -1 -1 -2 -2 -1 -1 -2 -2 -2 -2 -1 -1 -1 -2 168847545 -1 -1 -2 -1 -2 -2 -2 -2 -1 -2 -2 -1 -1 -2 -1 -1 -2 -2
-2 -2 -1 -2 -2 -2 -1 -1 528930779 -1 -1 -2 -2 -1 -2 -1 -2 -2 -1 -2 -2 -2 -2 -1 -1 -2 -1 -2 -2 -1 -2 -1 -1 -1 -2 924404846 -2 -1 -2 -2 -1 -1 -1 -2 -1 -1 -2 -2 90992510 -2 -1 -1 267162245 -1 -2 -1 334988234 68398113 -2 -2 -2 -2 -2 -1 -2 -1 -1 -1 672263908 -1 -2 -2 -1 -1 -2
-1 -1 -1 -2 -2 219981757 -2 -2 -2 -2 -2 -2 -2 -1 83365618 -1 -2 -2 -1 -2 -2 -2 -2 -2 -2 985815784 -1 -2 -2 -1 -2 -1 -1 -2 -1 -1 -2 -2 -2 -2 -2 -2 -1 -1 -2 -1 485255972 -2 -1 -2 -2 -2 79896808 -1 -1 -2 -2 -2 210656843 -2 -1 -1 -2 -1 -1 -2 -1 -1 -2 -1 -1 416398809 -1 -2 -1
-1 577791138 -1 397194567 730147365 -1 -1 -1 -2 -2 -1 -1 -2 -1 -1 -1 -2 -1 -1 -2 -1 -2 -1 -1 -1 -1 -2 -2 -2 -1 -1 -2 -2 -2 -2 -2 -1 -2 -1 -2 -2 -2 -2 -1 -1 -2 -2 -2 -1 -1 -1 -1 -2 -1 -2 -1 -2 -2 -1 -2 -1 -1 -1 545026078 -1 -1 73461466 -1 -1 -2 -2 -2 -1 -2 -2
-2 -1 -2 -2 965342856 -2 -2 -2 -1 595700990 -2 -1 -1 -1 -2 -2 -2 -1 -2 -2 -1 -1 -2 -1 -1 -2 -1 -1 -1 -1 -1 508286967 -2 -2 -2 475024289 -2 -2 -1 -1 -2 -1 -2 -1 -1 -2 -2 -2 -1 -2 -2 -2 -2 -1 -1 -1 -1 -2 -2 -2 -2 -1 -2 -2 -2 -1 -1 -1 -2 -1 -1 -1 -2 -1 -2
-2 -2 -2 -2 -2 -1 -1 -2 -2 -1 -1 -1 -2 -1 -2 -2 -2 -2 -1 357331645 -2 -2 -1 -1 -1 -1 -1 -2 -1 -1 -2 -2 -2 -2 -2 -1 618114028 -1 -2 -2 -1 -1 -2 -2 -1 -2 -1 -2 -2 -1 342956049 -1 -1 -2 -2 -1 -1 -1 -2 -1 -2 -2 -1 -1 -2 -1 -1 -2 -1 -1 -2 -2 -1 -1 -1
540140434 -2 -1 -1 -2 -2 -2 -2 -2 -1 -2 -2 -1 -2 -2 -2 -2 -2 -2 -2 -2 -2 -1 -2 -1 -1 -2 -2 -2 -1 -2 -1 -1 -1 287360104 -2 -1 -2 -2 -1 -2 -1 -1 -1 -2 -2 -2 -2 -1 -2 -2 720980777 -1 -2 877827446 -1 -2 -1 -2 671358511 -1 -1 -1 -2 -1 -2 -1 -1 -1 -1 -2 -1 -1 -1 -2
-2 -1 826571320 376619819 -1 -2 -2 -2 -1 -2 -1 -1 -2 22236859 -2 19972724 -1 -2 -1 -1 -1 -1 -1 -2 -1 315962653 -1 -2 -1 641171087 -1 -1 -2 -2 -2 -1 662984571 -1 -1 -1 -2 -1 -1 -1 -2 -2 -2 -1 -1 861038557 -2 -1 -1 -2 -2 -2 -1 -1 -2 -2 -2 -1 -2 -2 -1 589591132 -2 -2 -2 -1 -1 -1 -1 -1 -2
-2 -1 -2 -2 -2 -1 -1 -2 -2 -2 -1 -1 -1 -2 -2 -2 98796520 -1 -2 547868 -1 -2 -2 -1 -1 -2 -1 -2 -2 -2 -1 -1 -2 -1 -2 -2 -1 -1 -2 -2 -2 -2 -2 -2 -2 -2 -1 -2 -2 -2 -2 -2 -1 -1 -2 -2 -1 -1 -2 -2 -2 -1 -2 -1 -2 -2 -2 -1 -1 531866897 -1 -1 -1 -2 708791121
-1 -1 328177391 280751343 -1 -2 -1 -1 -1 -2 -2 -1 778001792 -1 -2 -2 -1 -1 -1 -1 -2 -2 -2 -2 -1 -1 -1 -2 -1 886714332 -1 -1 587685737 -2 -1 -2 -1 -2 -1 -2 -1 -2 -2 920458934 547558162 -1 -2 -2 -2 -2 -2 -1 -2 -2 -2 -1 -2 -1 336797856 -2 -2 -1 545395380 -1 -2 -1 670292931 -2 200377781 -1 -2 -1 -1 -1 -2
-1 -2 -1 -1 107475365 -2 -1 -2 646209059 641961921 344623932 -1 -2 -2 -2 -2 -1 -1 -1 -2 -1 -1 -2 -2 -2 876868935 -1 -2 540442586 -1 -2 -1 -1 -1 -2 -2 -1 -1 -1 -2 -1 -2 -2 -2 -1 -1 -1 -1 -1 -2 -1 101580002 -2 -2 -1 -1 256548066 -1 -1 -2 -2 -2 -1 -1 -1 -2 668304969 -1 -2 -1 -2 -2 -1 -1 -1
-2 69780973 -1 -1 -1 -2 -1 -1 -2 -1 -1 -1 -1 -2 -2 -1 -1 271663044 -2 -1 -1 985395577 -1 -2 -1 -1 -1 -1 -1 -1 -1 -2 -2 501948212 529144373 -1 -2 -2 445761009 -1 776888327 -1 -1 -1 355883515 -2 -2 -2 -1 -2 -1 -1 -1 -1 -2 -1 -2 -1 -1 -2 -2 -2 -1 -2 -1 -2 -1 -1 -2 -1 -2 778264404 -1 -2 -1
-1 -1 -2 297361945 -1 -1 -1 -2 -2 -2 -1 -1 -1 447243619 -2 -1 674436330 504144973 -2 -1 -2 -1 -2 -2 765000896 690886429 -2 -2 -1 -2 -2 -2 -1 927589736 -1 -2 -2 -2 -2 -1 -2 -1 -2 -2 -2 -2 -1 -2 -1 -2 -1 -2 -2 -2 -2 -2 -1 -2 -2 -1 -1 -2 -1 -1 -1 -1 -2 -1 -1 -1 -2 -1 -2 -1 -1
-1 -1 -1 -2 -1 -2 -2 -1 -1 -2 -2 -1 -2 54368850 -1 -2 318848736 -1 -2 -2 -2 -1 -1 -2 -1 -1 -2 -1 -2 -1 -2 -1 -1 -1 300979275 -1 -2 -1 -2 -2 -1 -2 235708210 575718662 -1 -2 -2 -2 -1 -2 -2 -1 -2 -2 -1 -2 595253211 -2 -1 -2 -1 145671177 -2 -1 -1 -2 -1 -1 708626172 -1 -1 -2 -1 -2 -1
-1 -2 -2 -1 -2 -1 -1 -1 -2 -1 -2 -2 -2 -1 -1 -1 -2 -1 -1 -1 -2 -1 -1 -1 -2 -2 -2 -1 -1 -2 -1 -2 -1 -2 -2 -1 -2 319640309 -2 854348277 -2 -1 -2 -1 -2 -1 -1 -2 -1 -2 -2 -2 -1 -2 -1 -2 -2 -1 90293335 -1 -2 -2 -1 -1 -2 -2 -2 -2 -2 -2 -2 456202826 -2 -1 705986066
-2 -2 -1 -2 -1 -2 -2 -1 -1 -2 -2 -1 -1 -2 -1 -2 -2 -2 -2 -2 -1 -1 -2 -2 -2 -1 452065623 -2 -1 -1 -1 -1 45013669 -1 554033673 -2 -1 -2 -1 512053042 -2 -1 -1 -2 -1 -1 -1 -2 -2 -2 820338679 781569926 -2 617438033 -1 -1 -1 -2 -2 -2 -1 -2 -2 -2 -1 -1 962493224 -1 355183058 -1 -1 -2 -1 -1 -2
-1 -2 -2 -2 -2 796550310 -1 -1 -1 -1 -1 -2 -2 -2 -2 -1 553533482 -1 -1 -1 -1 769686824 -1 -2 -2 -2 -1 -2 -2 -2 -1 -1 -1 -1 -1 -2 -1 12645461 -2 -2 -1 -2 -2 -2 -1 -2 -1 168308235 -2 -2 -1 -1 -1 -1 -1 -2 -2 -2 -2 -2 -1 -1 -2 -1 -2 -1 -2 -2 910648610 -1 -1 241389445 -1 -2 705484710
-1 -1 -1 -1 -1 -2 -2 -2 -2 -2 -2 718327596 -1 325348870 -2 -2 -2 -2 -2 -2 -1 -2 -1 -2 -2 -1 333772311 -2 692150671 -2 -1 -2 -1 -2 -2 -2 -1 -2 -2 -1 -1 -1 -1 -2 -1 -2 496360290 -2 -2 -2 -2 -2 -2 -1 -1 -1 -1 -2 -1 -2 -2 -1 -2 -2 -2 970365837 -1 -1 -1 -2 -2 -1 -1 -2 533440783
-2 -1 -2 -1 717770903 -2 -2 -2 -1 -1 -2 -2 -2 -2 -1 -2 -1 -2 -1 -2 147310980 334808064 -1 -1 -2 -1 283365319 -1 -2 -2 -2 -1 -1 -2 -1 -2 -1 -2 -1 -1 -1 275481978 -1 -1 -1 -1 -1 -2 858890667 -1 -1 -2 -1 -2 -2 -1 -1 -2 -2 -1 -2 -2 -2 -1 -1 -2 -2 -2 -1 -2 -1 -1 -1 -1 -1
-2 -1 -1 -2 -2 -2 -2 866499255 -2 -1 -2 -1 -1 936199492 248981002 -1 -2 -1 -1 12542183 -1 -1 -2 26556457 -1 -1 -2 -1 -1 -2 -1 700494676 -2 -2 -2 -2 -2 -1 -1 -2 -2 -2 -2 -2 -1 -2 -2 -2 432184376 -1 -2 -2 -1 -2 -1 -2 -2 -1 -2 -2 -2 -2 -2 -2 -2 -2 -2 -2 -1 -1 -1 -1 160805560 -2 -2
-1 -1 -1 -1 -1 -2 -2 -2 -1 -1 -2 -2 475386488 -2 -2 -1 -2 -1 -2 -2 -2 -2 -2 -2 -2 -1 -2 -2 -1 -2 -1 -2 -2 -2 -1 -1 -1 -2 937462010 -1 -2 -2 -2 -2 22440060 -1 64610330 -1 -1 -2 -2 -2 -2 -2 -2 723804594 -1 978426221 -2 -2 -2 -2 -2 131286382 -1 -1 -1 -1 -1 -2 -2 -1 -2 -1 -2
-2 -1 -2 -2 -2 -2 -1 -1 -1 -2 -2 -1 -1 -2 -1 -1 -1 -2 -1 -1 -1 -1 -2 -2 -1 -2 -2 610436798 -2 -2 -2 -2 -2 -1 -1 -2 98364896 -2 -1 -1 -2 -2 -2 -1 -1 -2 983404547 -1 -2 -2 -1 -2 -1 786349363 -2 -1 -2 -1 -1 -2 -1 -2 -2 -1 -2 -2 -2 -1 -2 -2 768219066 -2 163918979 -2 -2
-1 -2 -1 -1 -2 -2 389067576 -1 -1 -1 -2 -2 -1 769275625 704628131 -1 -1 -2 -1 -1 -1 -2 803176581 -2 -1 -1 -1 -1 -2 -1 -2 -1 -1 -2 -1 126405262 230803242 -1 -1 -1 -2 -2 333794746 251231320 -2 -2 -1 -1 579307663 -1 -2 -2 -2 -1 -2 -2 -1 -1 -1 -1 -2 176314493 -1 -1 -2 -1 -2 -2 -1 -2 -2 -1 -1 -2 -2
-1 -2 -1 -1 -2 -2 978131310 -2 796656015 -2 -1 -2 -2 -1 -1 -2 -1 -1 -2 -2 -2 -2 -2 -2 -1 -2 -1 201394504 -2 -1 -2 -1 -1 -2 -2 -1 -1 -1 335960666 -1 -2 -1 -2 -2 -1 -2 -1 -1 -2 -2 -1 -1 -1 146828917 -1 -2 -1 35754318 -2 -2 -2 -1 -2 -2 -2 -1 -2 -1 -1 -2 -2 -2 -1 -1 -1
-1 -2 -2 -2 -2 84022727 424505562 -2 -2 -2 -1 -1 -1 -2 -2 -2 -1 -2 -2 -2 -1 285085149 -2 -2 261382011 -2 369323017 -2 964993168 -1 -1 736084323 -1 511447141 -2 634307186 843793970 992870106 -2 -1 214209513 -1 -2 -2 -2 -2 -2 -1 -2 -1 -2 -1 -1 60445468 -2 -2 -2 771210407 -2 -1 -1 -1 -1 -2 -1 -2 -2 -2 -2 -1 -2 -2 -1 -2 -2
-1 -2 580985527 -1 -1 -2 -2 -1 -1 -1 -1 -1 -1 -1 -2 -2 -2 -1 -2 -2 -2 -1 -2 -2 -2 -2 -2 -1 -2 -1 907762618 -1 -1 -2 -1 -2 -2 400618840 -2 -2 -1 -1 -2 -1 -2 -2 -2 -1 -1 -1 737284477 -1 702914943 -1 -2 -1 -2 -1 -1 -1 -1 -1 -2 -1 -1 -1 -1 160580351 -1 -2 -2 852799441 427067065 -1 -2
-2 -1 -2 -1 -2 656466061 -1 -1 -2 -2 -1 -1 -2 698698658 -2 -2 -2 -1 -2 -1 -1 -1 -1 -2 -1 -1 626131377 -1 -2 -1 -1 -2 -2 799150254 -1 -1 -1 -2 498550763 686363343 309099319 -2 -2 -2 -2 -2 792105210 -1 -1 -1 -2 279753114 -1 -2 -2 -2 -2 -1 -2 499828792 -2 -2 -2 -2 -1 -2 -2 -2 -1 -2 -1 -2 -2 -1 -2
-2 -1 -1 -2 -2 -2 -2 -2 -2 -1 -1 -2 -1 488799546 -1 -1 -2 -1 -2 -1 -1 -2 -1 -1 -1 -1 -1 14729668 -1 -2 -2 757410767 -1 -1 -2 -1 -2 -2 -2 -2 -1 -1 -2 -2 -2 -2 -2 -2 -2 -1 -2 -1 -2 -2 -1 -1 -2 -1 697842712 -2 -1 -1 -2 -2 -2 -2 -2 -1 -2 -1 -2 -2 -1 716047172 -1
-1 -1 -2 34529860 -2 -2 -2 -1 -2 -1 -2 -2 676452370 -1 -1 -1 -1 -2 -1 -1 -1 -2 519985798 -1 -2 -2 87037942 -1 -2 -2 -2 -1 -1 -2 -2 -2 -2 -2 -2 886281399 -1 -1 -1 -1 -2 -1 -2 -2 -1 -1 78433155 26033095 -2 -2 -2 -1 -2 -2 -1 -2 -2 -2 -1 -1 -1 -2 -1 -2 -2 -2 -1 -1 -2 924731407 -1
-1 -2 -2 -2 -1 -2 -2 -2 -2 -1 698864191 85404373 -2 -1 -1 -2 -2 -1 -2 -2 -2 -1 -2 793397638 -2 -1 -1 -1 -2 -2 -2 916967413 -2 -1 -2 -1 -2 -2 -2 -1 -1 -2 70764572 -2 -1 -2 -2 -2 -1 -1 -1 573446674 -1 -2 -1 -2 8630187 -1 -2 -2 -2 -2 -2 -2 -1 -2 -1 51757151 -1 45016923 -1 -1 -2 133538038 632786820
-2 14754277 -1 -1 -2 -1 -2 -2 -1 -1 -1 -2 -1 -1 -2 -1 -2 -2 -1 -2 906210948 -1 149418565 -1 -2 -1 -1 -2 -2 485874994 -1 -2 -1 -2 -2 -2 -2 -1 -2 -2 -2 -1 -1 -2 -2 -1 -2 -1 -2 -1 -2 -1 -2 -2 -1 -1 -2 -2 672667200 -2 -1 -2 -2 -2 -1 -1 -2 -1 -1 359591668 -2 -2 -2 -2 -1
-2 -2 -1 -1 -1 -2 -1 -1 -1 -1 234267266 -1 -2 -1 149099213 -2 -1 -1 -1 -2 -1 -2 -1 -2 -2 -2 -2 -2 -1 -1 -1 -2 -1 -2 -2 -2 -2 -2 -1 355749108 -2 -1 513890035 -1 -2 -1 -1 -1 -2 -1 -2 -1 -2 -2 -2 -2 -2 -1 -1 -1 -2 -2 -1 -1 -2 -2 -2 -2 -2 -1 -2 -2 -2 -1 -2
-1 -2 -2 -2 -2 -2 -2 -2 -2 -1 -2 -2 -2 -2 -2 -2 -2 -2 -2 -2 -2 -2 -1 113689542 -2 -1 -2 -2 -1 -2 -2 -2 -2 128694970 -2 -1 -2 -2 -2 -1 -2 -2 -1 -1 -1 861862558 -2 -1 -1 -2 -2 581421081 -1 -1 -1 -1 -2 -1 -1 -2 -1 987627416 -2 -2 -2 -1 -2 -1 -1 -1 -2 -2 -2 -1 -1
-1 -1 -1 622643731 -2 -1 -1 -2 86192935 50396499 18509783 -1 -1 -2 -2 -1 368910057 -1 -1 -2 -2 -1 -2 -2 -2 -1 -2 -1 -1 -2 -2 -2 -1 -1 -2 368381767 -1 -2 -2 -1 -2 -1 -2 -2 -2 -2 -2 -1 354389669 -2 -2 -2 -1 -2 -1 -1 -2 -2 -2 -2 -2 731856392 397894935 -2 -2 922177322 -2 -2 -1 -1 -2 -1 -2 -1 -2
-2 -2 -2 -1 934373585 -1 -2 -2 -1 -2 -1 -2 -2 -2 -2 -1 -1 -1 -1 -1 -2 821296758 -2 -2 -1 -2 -1 -1 -2 -1 -1 898820290 -1 -1 -2 -2 759303407 -2 -2 697531077 -1 -1 -1 -2 -2 -2 -1 -1 -2 -1 -2 9618678 -1 -2 -2 -1 -2 -1 -1 -2 -2 -1 -2 -2 -2 -2 -2 -1 710779816 -1 -2 -2 -2 69189420 -2
-1 -1 -1 931584525 -2 -2 -1 -1 -2 966323308 -2 -1 -2 537190287 -2 908420118 -1 -2 -2 -2 -1 -1 154347903 643159940 -2 -2 -2 847148893 -2 -1 -1 -2 -2 -2 558504184 68856781 -2 -2 -1 -1 -2 -2 -2 -2 -2 -2 -2 -1 -1 -1 446970693 -2 -1 -2 -2 540699163 44149550 -2 -2 -2 -1 -1 139080743 -2 -1 -2 -2 -2 -2 -1 -2 -1 -1 -2 598930337
-1 -1 -1 -1 -1 -1 115984556 -2 -2 -1 -1 -2 -1 -2 -2 -1 -2 -1 -1 -1 -2 -2 -1 -1 -1 -2 -2 -2 586153665 -1 928707829 -1 -2 -2 -2 -2 -1 -1 -2 -1 -2 -1 -2 -2 -1 -2 70102146 -1 -1 -2 -1 -1 651131456 408417731 -1 -2 -1 -2 837121832 -1 -2 -2 -1 -2 -2 -1 -1 -2 -1 -2 -2 -2 -2 548650884 -1
-2 -2 -2 -2 -2 -2 -1 345302055 -2 -2 -1 -2 -1 -2 -1 -1 -1 -2 -2 -2 -1 -1 -2 -1 -2 -2 -1 -1 -2 -1 -2 -1 -2 125270713 -1 402306316 -1 -1 -2 -2 5968649 -2 -2 -1 994609945 -2 -1 45018456 -2 -2 -1 -1 -1 428583740 -1 -1 -1 -1 -1 -2 -1 -2 201328141 -2 -2 922457612 -1 -1 -2 -1 -2 -1 -1 -1 -1
-2 -2 -2 -1 -1 -2 -2 -2 285883885 -1 -2 59756319 -2 -2 -1 -1 -1 -1 -2 -2 -1 -2 54564681 -2 -1 -2 -1 -2 -1 259271727 -2 -2 -2 -2 -1 -2 -2 -2 -2 -1 -2 -2 -2 -1 -2 -1 -1 -1 -2 -1 -2 -2 -2 -1 -2 -2 -2 -1 -1 -1 -2 262290026 -1 -2 -2 -2 -1 -1 -1 -2 973886641 -1 -2 -2 -1
-1 -2 -2 -2 -1 -2 -2 -2 -1 -2 -1 -2 980225427 -2 -2 -2 421171300 -2 -2 -2 -1 328015325 -1 -2 -1 -2 -2 -2 577529940 -1 -2 -2 147714804 -2 -1 -1 -1 -2 -2 -1 -2 -1 -2 -1 -1 139090404 -2 -2 -2 -1 -2 -2 286082964 -2 -1 -2 -2 -1 -1 -2 -2 -1 -2 -2 -2 -2 -2 -1 -1 -2 -1 36379654 -1 -2 -2
-2 -2 -1 -2 -1 -1 -2 -1 -2 -2 -1 -1 137152208 -1 -1 -2 -1 -2 -1 -2 682698655 -2 -2 -1 -1 -1 921500256 -2 -1 -2 -1 -2 900674889 -1 -2 252922126 -2 506494176 -2 -2 211842264 -2 728595064 366336335 -2 -1 807674854 -2 -2 -1 -1 -1 -1 176890045 -2 -2 -1 -1 -1 -2 -2 -1 -2 -2 -2 3426581 -2 -1 -2 -1 -1 -1 -1 -2 -2
-1 -1 384426600 -2 -1 728473230 157223655 73718662 65898036 -2 -2 -2 -1 -2 -2 -1 -2 -1 -2 -2 -1 395426114 -2 -1 -2 -1 -2 -1 982019200 -1 456859968 -2 -2 -1 76390359 -2 -1 -2 -1 -2 -1 -1 -1 -1 -2 -2 -2 -1 60380742 -1 -2 -1 -1 -1 -1 408983892 -2 -1 43735084 -1 -1 -2 -2 -1 -2 -1 -2 -2 -2 -1 -2 -2 -2 -2 -2
-2 -2 -1 -2 -2 -2 -1 -1 -1 -2 600590952 -1 -1 -2 -1 60907420 -1 -2 -2 -1 -1 -2 -1 -1 -1 -1 -1 -2 -2 652982825 -1 -1 -1 -2 -1 -1 -1 -2 -2 -1 113519182 -2 -1 -2 -1 -2 -2 -2 -2 -2 -2 740473175 -1 -2 -1 -2 -1 -1 -1 -1 -2 -1 -1 -1 -2 -2 -2 -1 -1 -2 768872813 -1 -1 -1 -2
-1 -1 -2 -1 -1 -2 -1 -2 -1 -1 -1 -2 -2 -2 -1 222820434 -2 -1 -2 -1 -2 -1 -2 -1 441132622 -2 -2 -1 648184945 -1 -2 -2 -2 -2 403767564 -1 -1 -2 -1 -2 189489586 -2 -1 -2 540297559 -2 -1 -1 -1 -2 -1 -1 -2 196430701 -1 -2 -2 -2 -1 -1 469462294 -1 -2 -2 -2 -2 -2 -2 -2 -2 -2 -2 -2 -2 -1
-1 999845275 -1 -2 605133901 -2 -2 -1 -1 -2 -1 -2 -2 -2 -1 -1 -2 -2 -1 -1 -2 -2 957269064 -2 -1 -2 -1 -2 -2 -2 -2 -1 -2 -2 -1 -1 -2 -1 -1 -2 -2 -1 -1 -2 343077383 -1 534542513 -2 -2 -2 -2 -2 -2 -1 -1 -2 -1 -1 -2 -1 -2 -2 -2 -1 -2 292649971 -2 -2 -2 242150578 -1 -1 -1 -2 -2
-2 -1 -2 -2 -1 689796508 -2 -1 -2 -1 -1 -1 -1 -1 -2 -1 -2 -2 -1 -2 -1 202751521 -1 172034883 -2 -2 -1 -2 -1 -1 16295811 -2 119020156 -2 -2 -2 -2 -2 -2 -2 -1 -1 -1 -1 -1 -2 -1 -2 -2 -2 -2 -2 -1 -2 -2 -2 -1 -2 -2 -1 427961041 -2 -2 -2 -2 -2 -1 -2 -2 636685901 -2 -1 -1 -1 -1
-2 -1 -1 -2 -2 -1 -1 -1 -1 405090017 -1 -2 -2 -1 -1 -1 -2 -2 -1 -1 -2 -2 806667762 -2 -2 -2 35874036 -2 557461330 -2 -2 -2 344419510 -2 -1 -1 -1 -2 427499739 -2 -1 -1 -2 -1 -1 313176560 -2 -1 -1 -2 -1 -2 -1 -1 733419505 -1 -2 -2 -2 -1 -1 -2 -1 -2 706401493 -2 -2 -2 -1 -2 -2 -2 -2 -2 -2
-2 -1 -1 -1 -1 14757089 -2 -1 424972774 -2 -2 -1 -2 -2 -1 -1 -1 -1 -2 -2 746481690 -2 -2 -1 -2 -2 -1 -1 85556007 -2 504563133 59581771 -1 -1 -2 -2 -2 -2 -2 -2 -2 -2 -2 -1 -1 -1 -2 117684273 -2 -1 -1 -2 -2 -1 -2 -2 -1 -1 -1 -2 -2 -2 -2 -1 868251448 -1 -1 -1 -1 -2 780219428 772632533 -2 -1 -2
-2 -2 -1 -1 -2 521910252 645294672 -1 -1 -1 -2 -2 -2 -2 -2 -1 -2 -2 -2 -1 538246588 -1 -2 -1 -2 -1 -1 -2 465055840 -2 -2 -1 141097656 -2 -2 -2 -2 -1 -1 -2 922092696 492090953 -2 -2 -1 -1 -1 -1 -1 190190032 -1 294238802 -2 -2 -2 -1 -2 -2 -1 -1 -2 -1 -2 -2 -1 -2 -1 -2 -1 -2 -2 -1 -1 -2 -1
-2 -1 -2 -2 -1 -2 190224767 -2 -1 -1 -1 -1 -1 -1 -1 -1 -2 -2 -1 438351477 840471336 -1 -2 -2 -2 -1 -2 -1 -2 -2 -2 -2 -2 -1 -2 -2 220241531 -2 -2 -1 958778107 -2 -1 -1 768067249 -1 -1 -1 -1 -1 -1 -2 -1 -1 -1 104092244 -1 -1 -2 -2 -1 212293572 928208406 -1 -2 -2 -2 -2 -2 -1 -2 -2 -1 -1 -1
-1 -1 -2 -1 -1 -1 -2 -1 -2 490778543 -1 -2 -1 -1 -2 -1 -1 -1 -1 -1 -2 -1 -1 -2 -2 -1 768661217 -1 -2 -1 -2 -1 -1 -1 -2 -1 204533083 -1 -2 -2 265520515 -2 -2 -2 428024354 18063038 755910906 -1 -2 -1 256302025 -1 -1 -2 -1 -2 -1 -2 -1 -2 -1 -2 -1 -2 -1 -2 -2 -1 -2 -1 -2 917139533 -2 -1 -2
-2 -2 -1 -2 -2 -2 -2 -2 -2 785507713 -2 -2 -1 359636973 -2 -2 -1 -1 -2 -2 -1 -2 -2 -1 -2 -2 519944073 -1 -1 -1 -2 -2 -2 -1 -1 -2 -2 -1 -2 -2 -2 -2 -2 -2 847567105 -2 -2 -2 -1 -2 827284125 -2 -2 149089719 -1 -1 -2 -2 -1 -1 883154679 -2 -1 -2 -2 -2 -1 -1 -1 -2 -1 -1 -1 -1 -1
-1 -2 -1 548142888 -2 -1 -2 -2 -1 -2 -1 -2 -1 716163309 -2 -2 -1 -1 -1 -1 -1 -1 -1 -2 -2 104212042 -2 -2 -2 -1 -2 118447943 -1 -1 -1 -2 -1 -1 -2 -2 -1 -1 -1 -2 -2 599802156 -2 -2 -2 124880855 -1 -1 -2 -1 856322490 -2 60087760 -1 -2 -1 -2 -1 -2 -2 -2 -2 -1 -1 -2 -1 -2 -1 -2 -1 -2
-1 -2 -2 -2 528476722 -1 -1 -1 -2 -1 -1 -2 -2 -2 -1 425080863 383354239 -1 -2 -1 -1 -1 -2 -2 -2 -2 -2 -2 -2 -1 993672680 -1 -1 -1 -1 -2 -2 -2 -1 -1 268255761 -1 -2 -2 520137370 -2 -2 -1 -1 -2 -1 614182485 -2 -1 -1 -2 -1 -2 -2 -1 -2 -2 -2 -2 -1 -2 -1 -2 -2 -2 -2 526439224 -1 2065839 -2
-2 -1 608760614 -2 -1 -2 -1 81860003 -1 -1 -2 402010221 911503048 -1 -1 -2 -2 -1 -2 -2 -1 -1 -2 -2 -2 261078168 -1 536288973 -2 -2 -2 -2 -2 -1 -2 -2 -1 -1 -2 -2 -2 -2 -2 -2 -2 -2 -2 -2 -2 -2 -2 -1 -1 -1 -1 -2 -2 -1 -2 -2 -2 -2 -2 -2 -2 -2 -1 -2 -1 -1 -2 -1 -1 -2 -2
6074606 -2 -1 -2 -1 690120602 -1 -1 -1 -2 -1 -1 -2 -1 -2 -2 -1 26992987 -1 -1 -1 -2 -2 533083450 -1 -2 -1 -1 685906912 -1 -2 -1 -2 -1 -2 -1 -1 -2 -2 879753283 -2 103909164 -1 -1 667854615 -1 592462414 -1 -2 -2 -2 -2 -2 -2 -1 898896191 -1 -1 -1 857686950 -2 -2 -2 -2 -2 -2 -2 -1 -1 -2 -2 -2 -1 510436788 -2
-2 167999800 -1 -1 -1 -1 -2 -2 -2 -2 -2 -2 -2 -2 404865371 -1 -2 597374629 -1 -2 -1 -2 -1 -1 -1 -2 -2 -2 -1 -2 -2 -1 -1 -1 -1 -1 -1 -2 -1 -2 -1 -2 -2 -1 -1 -1 -2 -1 -1 -2 -2 651028521 -2 -1 -2 -1 -1 -1 249546514 360568138 -1 -1 -1 -2 -2 -1 -1 -2 -2 -2 -1 -2 -2 -1 -1
-1 -2 -1 -2 -2 42667032 -1 -2 -2 -2 -1 -1 -2 -1 -2 -1 -1 -2 -1 -2 -2 -1 -1 -1 -2 -2 -1 -2 -2 -2 -2 -2 -2 -1 -2 -2 -1 -1 -2 -2 -2 -2 -2 -2 -1 -1 -1 -2 -2 -2 -2 784216984 -1 -1 -1 -1 -1 -2 -1 996089184 -1 -1 -2 -2 -2 -1 -2 -2 -1 -1 -1 -1 -2 -1 -1
-2 -1 488790806 -1 -2 -1 -2 -1 -1 128900112 -1 104802191 -2 -1 563403592 -1 -2 -1 -2 -1 -2 -2 -1 -2 -1 -2 -1 678589697 -1 -1 -2 -2 -2 -1 -1 -2 -2 -2 -2 -2 -2 -2 -2 -1 -2 -2 -1 -1 -1 -1 -1 752086792 -2 -2 -1 -1 52449560 -2 -1 -2 -1 -2 -2 -2 -1 -2 -2 -2 -2 -1 -2 -2 909375737 -2 -2
-2 -2 -2 -2 -2 -1 -2 -2 -1 -1 -1 -2 -2 -2 -1 583687700 -1 -1 -2 -2 -1 -1 -2 -2 -1 -2 337116107 -2 -1 -1 -2 -2 189027450 -1 -2 -1 -1 -1 -1 -1 -2 -1 669905907 -2 -2 -1 -2 376948718 -2 -1 -1 -2 -1 -2 -1 340871909 -2 -2 -2 578408275 -2 -2 -1 -2 -1 -1 -1 -2 -1 -1 -2 -1 -2 225020581 -2
303562457 -2 -2 -2 -1 -1 -1 -2 -1 -2 -1 -1 -1 -1 -1 68071476 -1 611267071 -2 698367005 -1 -1 -2 -2 -1 -1 -1 -1 -2 -1 234211193 -2 36776808 -1 533029772 -1 -1 -2 -2 -2 -1 -2 -2 -2 -1 -2 -1 -2 -1 -2 -1 -1 -2 -2 -2 -1 -2 385664460 -2 -1 -1 -1 -2 -2 -2 -1 -1 -1 -1 -2 -1 -1 -2 -1 -2
-2 -1 -2 322296007 -2 -2 -2 -2 -1 -2 -1 -2 -1 -2 -1 -2 -1 174817327 -2 -2 -2 -1 -1 -1 -1 -2 -1 -2 788664564 27830376 -1 900487454 -2 -2 -1 -2 -1 -1 80578092 -1 -2 -1 -2 -1 -2 -1 -2 -2 -2 -2 -2 -2 -1 -2 -1 -1 -2 36843025 -1 -2 -2 -1 -1 -1 296041488 -1 -2 -1 -2 417183453 719521925 -2 -2 -1 -1
-2 -2 -2 -2 -2 -1 -1 -2 -2 -2 -1 -1 -2 -2 -1 -1 -2 -2 -2 -2 -2 121398260 -1 -2 -1 -1 -2 -2 -2 -1 -2 -1 -2 -1 -1 -1 994021784 -2 -2 -2 -1 -1 -2 -2 -2 -1 -1 -2 -2 -1 -1 -2 -1 -1 -1 -1 -2 -2 -2 -2 -2 -2 666864328 -1 -1 9382503 -2 272120608 -1 -1 -2 -1 -1 -2 -2
-1 -1 -1 -2 -2 -2 -2 6967620 -1 -2 787119707 -2 -2 -2 -2 -2 -1 -1 -1 -2 -1 -1 871498229 -1 -2 -2 -2 -2 -2 -2 -1 -1 -2 942277245 -1 -2 -2 -1 -1 -2 -2 -1 -1 -1 -2 -2 -1 -1 -1 -2 -1 -1 -2 -1 -2 -2 -1 -1 -2 -2 533056284 -2 -1 -2 -1 -1 -1 -1 -2 -1 715164736 141240275 -1 -2 -1
-1 -1 -1 -2 -2 -2 -2 -2 -1 -1 -2 -1 -1 319139915 -2 -2 250801162 -2 760719102 -2 -1 -1 -1 -2 -1 425651678 -2 -1 -2 -2 -2 -1 -2 -2 -2 -2 -2 -2 -2 -2 -1 -1 -2 -1 -2 -2 -1 -2 -2 -2 -2 -2 -1 -2 -2 -2 -2 -1 -2 -1 -2 -1 -1 -1 -1 -2 559517408 -2 -1 -1 -2 -2 -2 -2 -1
-1 -1 -2 -1 -2 -1 -1 -2 -2 208331763 654953134 -2 -2 -2 -1 652132213 -2 -1 -1 -2 -1 -2 -1 -2 -2 -1 -1 -1 -2 -1 -1 -1 -1 -2 -2 -1 588413621 -1 -2 -1 -1 14207074 -2 -1 -1 -1 -2 -2 -1 -2 -1 -2 -2 -2 -1 -2 -1 -1 -1 -2 -2 285796084 -2 -2 -1 291834990 -2 -2 -1 -2 45405983 -1 -2 -1 -1
-2 -2 -2 -1 -2 -2 -1 -1 -2 -2 -2 -2 -1 -2 -2 -2 -1 -2 -1 -2 -1 -1 -2 -2 -2 -2 -1 67202115 -2 -2 -1 221862616 -2 -2 -1 -2 -2 -2 -2 -2 127888762 361164431 -1 -2 -1 -2 -1 -1 -2 -2 -1 -2 -1 -2 -2 -2 -2 -2 -2 -2 -1 -1 -2 -2 -2 -2 -1 -1 -2 -1 -2 -1 -1 -2 -1
-2 -2 -2 -1 -2 -1 -2 -2 -1 -1 -2 -1 208822797 -1 -1 -1 168666456 194401780 -1 -2 75763389 -1 -2 -2 -2 -1 -1 -2 -2 -2 -1 -1 -2 -1 -2 -1 -2 -2 -2 -2 -2 -1 -1 -2 -1 -2 -2 -1 -2 -2 -2 -2 -1 -2 -1 -2 -2 -1 -1 -2 -2 -1 -2 -2 -1 -1 -1 -2 770602958 664444730 -1 -2 -2 -1 -1
-1 -1 -1 -2 -2 -1 -1 -1 -2 -1 -1 -1 641035327 -2 -1 -2 535574970 -1 -1 -1 -2 -2 -2 -2 380214966 -1 -2 -1 -2 -2 -2 -2 -2 -1 -2 -2 -1 779720621 -1 -2 -2 -2 -2 -2 -2 -1 -2 -2 -1 -2 -1 -2 -2 317947561 -2 999789376 -2 -1 -1 -2 -2 -2 -2 -1 -2 -1 -1 -2 -1 -1 -2 -2 -1 465725422 -2
-1 -2 -1 -2 -2 -2 -1 -2 -1 -2 -1 -2 -1 -2 -2 -2 -1 -1 -1 605969701 324948191 -2 -2 -2 -1 -1 -2 -2 -2 -2 -2 -1 -1 -1 -2 -1 529707091 -2 -1 -1 94586429 -1 -1 -1 -1 -1 -2 -1 -2 -1 -2 -2 -1 -2 -2 -2 380097754 109927511 -2 -2 -2 -2 -1 137564321 -1 -1 -1 -2 -2 -2 -1 -1 -1 -2 -2
-2 -2 317481926 -2 389473913 -2 -2 -2 -1 -1 -1 -1 -1 364459464 -2 -2 -2 -1 -2 769748679 -2 -1 -1 -2 -1 -1 -1 -2 -2 -1 -1 -2 -2 -1 903980138 -2 926425733 -2 16264051 940498824 -2 -2 506350069 527348649 -1 -2 -2 -1 206711871 -1 -2 -2 -1 168614351 -2 -2 -2 -1 -1 -2 -1 -1 71668367 -1 -2 -1 -1 -1 -2 -2 -1 -1 -2 -2 -1
-2 -2 -2 -1 -2 -1 -1 74721115 418096085 541632367 -2 -1 -1 -2 788722670 -2 -2 -1 -2 -2 -2 -1 -2 -1 -1 -1 -1 -2 -1 -1 382806192 -1 -2 -2 -2 -1 831438858 -2 -2 -1 -1 -2 -1 -1 -2 108301851 -2 -2 -1 692717086 -1 -2 -1 -2 -2 -1 -1 -1 -1 -1 -1 -2 -2 -2 -2 -2 -2 -2 -1 -1 -2 -2 -2 -1 -1
-2 -1 -2 -2 -2 -2 -1 -1 -2 -1 -2 -1 -1 -2 -2 -1 650154069 -2 -1 -1 -2 -2 -2 -1 -2 -2 -2 -1 -2 -2 -1 -2 -1 -2 -2 -2 -1 -2 -2 -1 914396801 -1 -2 -2 -2 133804259 -1 -2 -1 -1 -2 -1 -1 -1 -1 703707624 -2 -1 -1 -1 -2 -2 -1 -1 -2 -2 -1 -2 -1 -2 -1 -1 -2 -2 -1
-2 8023274 -1 -2 -2 -1 -2 -1 357997673 -2 -1 -2 -1 -1 743996199 -2 -2 -1 259251117 -2 -2 -1 -2 -2 -1 -1 -1 -2 -1 534719343 -1 -2 -1 230785942 -1 -1 -2 -2 -2 -1 -2 620982964 -1 -2 -2 -2 -1 -1 -2 -1 -2 -2 -2 -2 -1 -1 -2 -2 -1 -1 -1 -1 -1 -1 -2 -1 -2 -1 552634433 -2 -1 -2 -2 246221692 -1
-2 -1 -1 -2 -1 -2 -1 -1 -1 -1 -1 -1 -1 -2 -1 -2 -1 -1 -2 -1 -1 -2 63862499 -1 -1 -1 -2 -1 84002162 -2 157100951 -2 -1 -1 -1 -2 -1 -2 -2 -1 -1 -2 -2 -1 -2 -2 -2 -2 -1 -2 -1 -1 -2 -2 -1 -2 -1 -1 -1 -2 -1 -2 -1 -1 -1 -2 -2 -2 -1 -1 -2 -2 -1 -1 -2
-2 -1 -2 -2 -2 -1 -2 -1 -1 -1 145939957 -2 -1 -2 -2 -2 -1 981182258 -2 -2 -2 -1 -2 -2 -2 -2 377485280 -2 327751198 695135917 -2 -1 -2 -1 -1 -1 -2 766626846 -2 -2 -2 -2 -2 -1 -1 -1 577435200 -2 -1 -2 -2 -1 -1 -1 -1 -1 -1 -1 -1 -1 -1 -1 936518086 -2 -2 -2 -2 -2 -2 -1 -2 -2 166830117 -1 -1
-1 -2 445986882 -2 -2 -2 -1 -1 -2 -2 -1 -1 -2 -2 -1 -1 -2 51939736 -1 -1 -1 -2 -1 806109485 -1 296132206 -2 -2 -1 -2 -1 -1 -1 -1 -1 456673188 -1 -1 -1 -2 -2 -1 15700906 -2 -1 -2 -2 -2 -2 -1 827059060 -1 -2 -1 -2 324196165 -2 -1 -2 -2 -1 -2 -2 -2 -1 -1 -1 -1 -2 120397976 -1 -2 236341299 -2 -2
-1 -1 -1 -1 928965727 -2 -2 -2 -2 -1 -1 233100822 -1 527370019 -1 -2 -1 -1 -1 -1 -2 -2 -1 -1 -2 -1 -2 146171147 -1 -2 -2 -2 -1 560645861 -1 -1 71801328 -1 -1 -2 -1 -1 -1 -1 -1 -2 -2 -2 -2 961287795 -2 -1 -1 -2 -1 -1 -1 -2 21045471 -1 613681425 -1 -1 -1 -2 -1 -1 782350248 -2 -1 -1 -2 -1 -2 -1
-2 -1 -2 -2 -2 -2 -1 -2 -2 -2 -1 -1 239216334 992302577 -1 -2 823275237 -2 -1 -2 -2 -2 -1 -1 -1 -1 -1 -1 -2 33387923 164181696 -1 -1 -2 -1 -1 -1 -2 -1 794317544 -2 -2 -1 -1 -1 -1 -1 -1 -1 -1 -2 -1 971803280 -2 -2 -1 -1 -1 -2 -1 -1 -1 -2 -1 972103104 -2 -2 752870276 14906411 -1 -2 -1 -2 -2 -1
-2 -1 -2 -2 -2 95746842 -2 -2 -1 -2 -2 -1 -2 -2 -1 -2 -1 -1 -1 -1 -2 -1 -1 -2 -2 -1 -2 -2 89596979 -2 -1 -1 -2 -2 -1 -2 -2 -2 -2 -2 670147158 -2 -2 -1 -1 -2 -2 -1 -2 -2 -1 348544351 -2 -1 -1 -2 -2 -2 -1 -1 -2 -2 792752857 -2 -1 -1 -2 -2 -1 -1 -1 -2 -1 -1 -2
-1 978774498 -1 -1 -1 -1 -2 -1 -2 -1 -1 -1 -2 -1 -2 -2 -2 -2 -1 -2 -1 -1 -2 -1 -2 -1 -2 -2 -1 -2 -2 -1 -2 -2 -1 -1 -1 -2 -2 -1 -2 -1 -2 -2 -1 -1 166981773 -1 -1 -1 -2 -1 -1 -2 -2 -1 -1 -1 -1 -1 -2 -1 -1 -1 -2 -1 -2 -2 -2 -1 299770194 -1 -2 53296219 -2
-2 -2 -2 -1 361933036 -1 -1 522253490 -2 -1 20253112 -2 -1 -1 -1 -1 -2 -1 -2 -2 -1 -1 -1 -2 -2 -1 -1 -2 -2 -2 -2 421593180 -1 -2 -2 -2 -2 -2 -2 -1 -1 -1 -2 -1 -1 -2 -2 -1 -1 -1 -1 74888082 427140454 -1 -2 -1 -1 -2 -2 -2 56330535 102002544 -1 -1 -1 -1 -2 70933342 -2 -2 -2 -1 -2 -2 -1
-2 -1 -1 -2 -2 -1 -2 -1 -2 -2 -1 -2 -1 -2 -2 -2 -2 -1 -1 -2 -2 -1 -2 -1 -1 -2 -2 -2 -2 -1 -2 -1 -1 -2 -1 -2 -1 -2 -2 -1 863289534 -2 -1 -2 -1 -2 -2 -1 -1 -1 -2 -1 -1 -2 -2 -2 -1 -2 -1 -1 -2 -1 -1 -2 -2 -2 -1 150184826 -2 -1 -2 561387756 -2 -1 -1
-2 -1 -1 -2 -1 -2 -1 -1 -2 -1 -2 909527574 35830575 -1 778122510 -1 -1 -2 44931840 -1 -1 -2 -2 -1 -1 -2 -2 394897823 -1 -1 -2 -2 -2 -1 -2 -2 -2 -2 -2 -2 -1 -2 -1 -2 -2 -2 -2 -1 -2 -2 -2 -1 -2 954537102 -2 -1 -1 -1 -2 -2 -1 994087030 -2 -1 972573631 -2 -2 -2 -1 906785922 379560484 449714418 -2 -1 -1
-2 -2 892101466 -1 -2 -2 -1 -2 -1 -2 -2 564651800 -1 992220531 -2 -1 945547579 -1 -1 -1 -2 -2 -1 -2 -1 -2 -2 -1 -2 -2 -1 -1 -2 -2 -1 -1 -2 -1 590904125 -1 -1 -1 -1 -1 -2 -1 -1 -2 -2 -2 851592688 549580630 -1 -1 -2 -2 -1 -1 -2 -2 -1 810425870 -2 -2 -1 -2 -1 -1 -1 -1 -1 -1 -1 450261167 -1
-1 -1 6608465 -1 -1 574475035 -2 -2 -1 -2 -1 173338861 -1 -2 -2 -1 -1 -1 424556567 -1 -2 -2 -2 -2 -2 115315896 -2 -1 -2 -2 -2 612539048 127945895 -2 -1 -2 -1 -2 -1 -2 -2 -2 -2 -1 -1 -1 -2 -2 -1 -2 -1 -1 235703808 -1 -2 -1 365130338 -2 -2 -2 -2 -1 -2 -2 -1 -1 -2 -2 -1 -2 -2 -2 -2 -1 -2
-1 -2 48400314 -1 -2 532865734 -1 -1 -1 -2 -2 -2 -2 932065763 26110908 -2 -1 -1 -2 365002695 -2 -2 -1 994599731 -1 -2 -1 -2 -1 -2 680666210 -1 -1 -1 -2 -2 -1 -1 -2 7457288 -2 -1 -2 -2 -1 -2 -1 -2 -1 -1 -1 -2 -1 -2 -2 -1 -2 947419246 -1 -2 -1 -1 -2 -1 -2 -2 -2 -1 -2 -1 -1 69768895 -1 -2 -1
-1 -2 -2 -1 -1 -1 -2 -1 -1 -2 -2 -2 -1 -2 -2 -2 -2 -2 -1 -1 47658077 -1 -1 -2 -2 -2 -2 -2 -2 -1 -1 -1 447588290 -2 -1 -2 -1 -1 -2 -2 -1 -1 -2 -1 -1 -1 -2 -1 -2 -2 -1 -1 -2 -1 -1 -2 -1 -1 -2 -1 -2 -1 -1 -2 -2 -1 -1 -2 -2 -1 -1 -1 -2 -2 -2
-2 -2 -1 -2 -1 -1 -2 -2 678920894 -1 -2 -2 -1 -2 -2 -1 -2 -1 -1 -1 -1 533802362 -2 -2 -2 -1 368557765 -2 -1 -1 -2 -2 -1 -1 -1 -1 -2 -1 -1 -1 -2 806756802 -2 -2 -1 -1 -1 -2 -1 -2 -1 -1 -2 -2 -1 -2 -1 -1 -2 -1 -1 -1 -2 -1 -2 -2 -1 -1 -2 -1 -2 -2 120248008 -1 -2
-2 -1 386059810 -2 -2 -2 -2 -2 -1 -1 -2 -2 -2 -1 -2 -2 -2 -2 -1 -2 -2 -2 -1 -1 -1 -1 -2 -1 -1 -1 110235077 -2 -1 -2 -1 -2 -1 -1 -2 -2 -1 -2 -1 -1 -1 -2 -2 -1 -1 -1 -2 -2 -1 -1 -2 -1 -2 -1 -1 -1 -2 -2 -1 66545663 690503044 -1 -1 -2 379188767 -2 -2 -1 -2 -2 -1
-2 -1 -1 -2 -2 -1 -1 -2 -2 -1 -1 -1 -1 -1 -1 -1 -1 -2 -1 -2 -2 -2 -1 618023248 -1 -1 -1 -2 -2 -2 -2 -2 -1 -2 708269649 -2 -1 -2 -1 -1 -2 -1 -2 710395118 -2 -2 -2 -1 -1 -2 -2 818783964 270566979 -2 -1 -2 -2 -1 -1 -1 -2 -1 -1 506504905 -2 -1 -1 -2 -2 -2 -2 -2 -2 -2 -1
