151 103
-1 -1 -1 -1 407104381 -1 -1 95328675 -1 -1 -1 -1 -1 -1 -2 -1 -1 -1 414019729 -1 978215913 -1 -2 -2 -1 -2 -1 -1 -2 -2 -1 -1 -1 -2 386715052 -1 -2 -2 -2 -2 -1 -2 -2 -1 -2 -1 -1 -2 -1 -2 -1 -2 -2 -2 -1 -2 -1 -1 -2 -2 -2 -1 -2 -1 -2 -1 -1 -1 -1 773961511 -2 -2 -2 -1 -1 -1 -2 105493987 -2 -1 -1 -1 -2 -1 -2 -2 -2 -1 -2 -1 657147234 -1 -2 -2 -2 -2 -2 -2 -1 -2 -2 -2 -2
-2 -2 -1 -2 -2 -2 -1 -1 -2 -1 -2 -2 -1 -1 -2 -1 -1 -1 158626833 -1 -2 -1 -1 -2 -2 -2 -1 -1 -2 -2 -1 -1 -2 -1 737265196 -1 76110573 -2 -2 -1 -1 -1 -1 -1 -2 655153716 -2 -2 -2 -1 -2 -1 -1 -1 -1 -1 814999254 -1 -2 -2 -1 -1 -2 -2 -1 -2 -1 -2 389617329 -2 -2 -2 41313814 -2 -2 -1 184853058 -1 -2 -2 -2 -2 -2 -2 -1 -2 -2 760897398 -1 -2 -1 -1 -2 -1 -1 -1 -1 -2 -2 -2 11841183 -1 -2
-1 -1 -2 -1 -1 -2 -2 -2 -1 -2 -2 -2 -1 -1 -2 -2 -1 -1 -2 -2 -2 90118451 -1 -1 -1 -2 -1 -2 -1 -1 897772522 -1 -2 -2 680760579 61342555 -1 912912480 -1 -1 -2 -2 -2 -1 -2 -1 -1 -2 -2 -1 -2 -1 -2 435437704 -2 -1 -1 -1 -2 -1 91071642 -2 269751133 -1 -1 -2 -1 -2 -2 -1 -2 -2 -1 -2 -2 -1 -2 -1 -2 -1 -1 -2 170530316 -2 -2 -1 -2 -1 -2 -1 -2 -2 989994730 -1 -2 -2 -2 -2 -1 -1 -1 -1 -1
-2 996148649 -1 -2 -2 -2 389135169 -2 -1 -2 -2 -1 -1 -1 -2 -2 -1 -1 84359806 -1 -2 -1 -1 -1 -1 467966704 -1 -2 -1 -2 -2 -1 -1 -2 -1 -2 -2 -1 -2 -1 -2 -1 -2 -2 -2 -2 -2 -2 -2 -1 -1 -2 -1 -2 -2 -1 -1 -2 -2 -2 -1 -1 -1 -1 -2 -2 -1 -1 -2 -1 -1 -1 -2 -2 592655764 -2 -1 -2 -2 -2 -2 -2 -2 -1 -2 -1 -2 -1 -1 -1 119549883 392118298 -1 -1 -2 -2 -1 -2 -1 -2 -2 -1 -1
-1 -2 -2 -2 -2 -1 860221396 -2 -1 -2 -1 -1 -2 -1 -2 -1 -2 -1 -1 -2 -1 658380155 -2 -2 -2 -1 -1 -1 -2 722848399 -1 -1 -1 -1 -1 -2 -1 -2 -1 -1 -1 -1 -1 -2 -1 -2 -2 -2 -2 -2 -1 -1 672163468 -2 -2 -2 -2 -1 -1 -1 -1 -1 -2 -1 783931700 -2 -1 -1 -1 -2 -1 -1 -1 -2 -1 -1 -2 -1 -2 -2 -2 -2 -2 -2 -2 -2 -2 678999321 -1 -1 -1 -2 -1 -1 -1 -2 -2 -2 39468773 -1 -2 -1 -2
-1 -2 875711515 -1 948061788 -1 680490320 -2 -1 -1 -1 -1 -1 -2 -1 -1 979118184 -2 -1 -2 863007551 -1 -2 -2 -1 -2 -1 -1 -2 -2 -1 -1 -2 -2 -1 -2 -1 -1 -1 -2 -1 -2 -1 -1 -2 -1 -2 -1 -2 -1 -2 -2 -2 -2 -2 -2 -1 -1 -2 -1 -2 -2 -2 -2 -2 -1 419145071 -1 -2 -1 -1 -2 -1 -2 -2 -2 -2 -2 -2 -1 -2 -1 -1 -2 -2 838627134 -2 -1 -2 859133153 -2 -2 68582823 -2 -1 -2 -1 -2 -1 -2 -2 -2 -1
-2 -1 -1 -2 -1 222375832 -2 -1 -2 -2 -2 -2 -2 -1 -2 -2 -1 -2 -1 -1 -2 -2 663746356 -2 -2 -2 -1 -2 -2 -1 -1 -1 -1 -1 -2 952692318 -1 -2 -1 -1 -1 -2 -2 -2 -2 -2 -2 -2 -2 -1 -2 -1 -2 -2 -2 -2 -2 -1 -2 -2 -2 -1 -2 -2 -2 -2 -2 -1 -1 -1 -1 -1 -1 -1 -1 341913208 -2 -2 -2 -2 757730637 -1 -1 -2 -1 -2 -2 -2 -2 -2 -1 -1 -1 -2 -1 -1 -1 -2 -1 -1 -1 -2 -1
215437405 -1 -2 -2 -1 -1 -1 -2 -2 -2 -1 -2 -1 -1 -2 -2 -1 -1 -1 533203775 -2 -1 -2 -2 -1 -1 324595388 -2 -1 -1 -2 -1 -1 -1 550083882 -1 -1 -2 -2 -2 -2 -1 -1 -1 -1 -2 -1 -2 -1 -2 -2 -1 -1 -2 -1 -1 -2 -1 -1 -1 -1 633004389 459510802 123074700 -1 165203760 701154965 -1 -2 -2 505120179 505316758 415182286 -1 -1 -1 -1 -1 -1 -1 -1 -2 -2 -1 -2 -2 -2 -1 -1 -1 -2 -1 -1 -1 -1 -1 -2 50640854 -2 -2 -2 -1 -1
-2 -2 -1 -1 -1 -2 -1 -2 -2 -1 -2 554742792 -1 600362400 -1 -2 -2 -2 -1 -1 -2 -2 -2 -1 -2 -1 -1 -2 -1 111266262 611540020 -1 -1 -1 48066511 -1 -2 -2 -2 296761204 -2 -1 782460677 -1 -1 -1 -2 -1 -2 -2 -1 -2 -1 285992463 -1 323123530 -2 -2 -1 -1 -2 -2 -2 -1 4988374 -2 -1 -2 -2 -1 -2 -1 -2 -1 -1 -2 -2 -2 -1 443598848 -1 -1 -2 -1 -1 -2 -1 -2 -1 -2 -1 -2 -2 -1 -2 -1 -1 -2 -2 -1 -2 -1 -1
-2 -1 -2 -1 -1 -2 -2 -2 -2 -1 333787760 -1 -2 -1 -2 -1 -2 117745130 -1 912433128 -2 -1 -1 -2 -2 -2 -2 543892494 -2 -1 -1 -1 -1 -2 -2 -2 -1 816346413 -1 -1 37977424 756634074 -2 576622151 -1 -2 -2 899651100 -1 -1 -1 -2 -2 -1 -2 -1 -2 -2 -2 -2 -1 -2 -2 -2 -1 -2 -2 334015048 -2 -1 -1 -2 -2 -2 -2 -1 -1 762815912 -2 -2 -1 -1 -1 -1 -1 -2 -2 39771372 -2 179466202 -2 -2 -1 -2 -2 -2 -1 -2 -1 -2 -2 -2 -2
-2 -1 -1 -1 -1 -1 -2 -2 -2 -1 -1 -2 -2 -2 -1 -2 -1 85178783 -1 -1 -2 -1 -1 -2 -1 -2 -2 -1 -2 -2 -1 -1 -1 -2 -1 -1 955260816 -1 -1 -2 -2 -1 -1 -2 -2 -2 -1 -1 -2 -1 -1 -1 -1 -1 -2 762886202 -1 -2 -2 -2 -1 -1 124158681 -1 -1 -2 -2 -1 -1 -1 -1 -1 -1 -1 -2 -1 -2 -2 -1 -1 -2 -1 -1 -1 91093194 -1 -1 -2 -2 -1 -1 -2 -2 -1 -1 38247130 56243413 -2 -2 -2 -2 -2 -2
-1 -2 -2 -1 -2 -2 -2 -2 -2 -1 -1 -1 -2 -2 -1 -2 -2 -1 -2 -2 -1 -2 418895611 -1 -1 -1 -1 -2 -1 -1 -2 -2 -2 -1 -1 -1 -2 287657691 -1 -2 -1 761139959 -1 -1 -2 516344719 -2 -2 -2 -1 -2 -2 -2 695256820 -2 459059335 -1 -2 34851298 -1 -1 -2 -2 -2 -2 -2 -2 -2 451865686 -2 -2 -1 -2 -1 -1 -2 -2 -2 755009458 -1 -1 -2 -1 979513602 -2 -1 -1 -2 -1 -1 -2 -1 -1 688855914 -2 -1 623062823 -1 -1 -2 -2 -2 -1
-2 -1 -1 -1 -2 -1 -1 -1 -1 -1 -2 -1 551583626 -1 -2 -1 -2 -2 450651112 66737338 -1 -2 -2 -2 -1 -1 -2 -2 -2 -1 -2 -1 -1 -2 -1 796495297 -1 -2 -2 -2 -2 -2 611716328 -1 -2 -1 -2 -2 -1 -2 -1 -1 -1 -1 -2 -1 -2 -1 647532964 -1 -2 -1 -1 -2 -2 -2 -2 -1 -2 -2 -2 -2 -1 -2 -2 -2 -1 -1 -1 -2 -1 -2 -1 -1 -1 -2 -2 -2 102151836 -2 -1 -1 -1 -1 -1 -2 -1 -1 -2 -1 -2 -1 -2
-2 -1 -1 -1 -2 707494482 -1 -2 -1 -1 941508610 165671770 -1 -2 -2 -2 -1 -2 -1 -2 -2 -1 -1 -1 -1 -2 -1 -1 -1 -1 -2 -1 -1 955818036 -1 -1 -2 -2 -1 909091508 -1 -2 -2 -1 -1 -2 -2 -2 -1 -2 -1 -2 -1 -1 894331944 -2 -2 -2 -2 -1 -2 -2 -1 -1 -2 -1 68738695 -2 -2 -2 -1 -2 588806633 -2 -1 -1 -2 -1 -2 -2 -2 -1 -2 -2 -1 -1 -1 443728939 -1 -1 -1 -2 -1 -1 -2 -2 -2 -2 -2 -2 -1 -1 -1
-1 -1 -2 -2 -1 -1 -2 -2 -2 -1 -2 -2 195742654 615837761 -2 -1 -1 -1 -2 -2 271449290 428708377 436723776 -1 -2 -1 -1 -1 391885798 -2 -1 -1 -1 -2 -1 -1 -1 -1 -1 -1 -2 -2 -1 646536522 -2 -1 233277009 -1 -2 -1 -1 -1 -2 -2 -1 -1 -1 -2 -1 -1 -1 -2 -2 834083138 -2 -1 -1 -2 -1 -2 -1 -2 -2 -1 -2 -2 -2 -1 -1 -2 -2 -2 -1 -2 -1 -2 -1 -2 -1 -2 -2 -1 -1 -1 -1 -1 -1 -2 -1 -2 -1 -1 -2
-1 391696672 -1 -1 -2 -2 -1 -1 -1 -2 -2 -1 -2 -1 -2 -2 905118122 -2 -1 -2 -1 -2 -1 -1 -2 -1 -1 -1 -2 -1 621511751 -1 123238700 -1 -2 -2 -1 -2 -2 -1 -1 -1 -1 -2 -2 -2 -1 -1 -1 990032342 -1 -2 -1 -2 -1 -1 -2 -1 758917666 -2 -1 -2 -1 -1 -2 695300227 -1 -2 -1 -2 -1 715241084 -2 -1 -2 -1 -1 -1 -1 434266573 -1 -1 -2 -2 -2 -2 -2 -1 -1 -2 -2 -1 -1 -2 -1 -1 -2 -1 -2 -2 -1 -1 -2
-2 -2 -2 163411771 -2 -2 -2 -2 -2 -2 402018143 -2 -1 -2 -2 -1 -2 -2 -1 -1 -2 -2 974551679 -1 -1 -1 581022835 -1 -1 -1 -2 -1 -2 -2 -1 -1 -1 -1 -2 -2 -2 -2 -1 -1 -1 -1 -1 -1 -2 -1 -2 680128492 -2 -1 -2 -1 -2 -1 -1 60053601 283263231 -1 988056875 -1 -2 -2 -1 554705195 213306701 -2 -1 -2 -2 -1 -2 -1 -1 -2 -1 -2 -2 -2 -2 203040885 -1 -2 -2 -1 85067818 950383106 -1 457155553 599117887 -1 -2 954743087 -2 -1 -1 668996032 -1 -2 715249710
-1 233630741 -2 -1 224352984 -1 -1 522607797 -1 -2 -2 -2 -1 -1 -2 -1 -2 -1 -1 -2 -2 -1 -2 -1 -2 -2 -2 -1 -2 -2 -1 -2 -2 541276930 -1 -2 -2 -1 -1 -1 503500218 -1 -1 -2 -2 -2 -2 -1 -1 -2 -2 -1 -1 -1 -2 -1 -2 388701994 -1 308365363 -1 413981842 -1 -2 -2 -1 -1 -1 -1 405514565 -2 -2 -2 -2 -2 -1 -1 -2 -1 -1 -1 -2 -2 -2 -1 -1 -1 782546990 -1 -2 -2 -1 -2 61927927 -1 -1 -1 -1 -1 -2 -1 -2 -2
-2 -2 -1 -1 -1 -1 -2 -2 -2 -1 -2 -2 -2 -1 -2 -2 -1 -1 -2 -1 -1 -2 787922281 -1 418080136 -2 -2 -1 -2 -1 -1 -2 -2 -1 -1 -1 -2 -1 -2 -2 -2 -1 -2 -2 -2 114766868 -1 -2 -2 -2 -2 -2 -2 -1 -1 -1 -2 -2 -1 -2 -2 -2 -1 -1 -2 -2 -2 729051782 -1 -1 -2 -2 -1 -1 -2 -2 -1 -1 409001173 -1 -1 -2 -2 -1 -2 -1 -1 -2 -1 114871326 -2 -2 -1 -1 -2 -2 -1 550693550 -2 -1 -1 -2 -2
-2 -1 -1 -1 94065541 -1 -1 -2 -1 -2 -1 -2 -2 -2 -2 -2 -2 -1 -2 -1 -2 -1 -1 -2 -1 -1 -1 -1 -2 -2 -2 -2 -1 -1 -2 -1 -1 -2 -2 -2 -1 -1 -1 -1 -1 -1 -1 -2 -1 -2 -1 -2 -1 -2 -2 -2 -2 -1 544022177 -2 -1 -2 -1 473211653 -2 -2 -2 -2 -2 -2 -2 -2 -1 -2 -2 41982481 -1 -1 -1 -1 -2 -1 -1 -1 -2 -2 -1 -2 -1 -1 -2 -1 -1 -1 -2 -2 -2 -1 -1 866735665 -1 881008138 736561295
-1 -2 -1 -2 -2 -1 -1 -1 -1 -2 -1 -2 -2 -2 -2 -1 463816371 -1 -2 -1 -2 -1 -2 -2 -2 -1 -1 -2 -2 -1 -1 -1 -2 -1 -1 -1 -2 -1 -2 -2 -2 -2 -1 -2 -2 -1 93242499 -1 -1 -2 -1 -2 -1 -2 -1 -2 -1 -1 974779113 -2 604929854 -2 -2 -2 -1 -2 -1 -2 -1 -2 -2 -2 321085291 -2 -2 -2 -1 -1 -1 -1 -1 -1 -1 -2 -1 -2 482048004 -1 -2 -2 -2 -1 -2 -2 -2 -2 -1 -1 -1 -2 -1 -1 -2
-2 -2 -1 -2 -1 -1 -1 -1 -1 -2 -1 -1 976117700 -1 -2 -1 -1 -1 -2 -1 -1 -1 -1 -2 -2 -2 -2 -2 -1 -1 -1 -1 -1 -2 -2 -2 -2 -2 868827444 -1 -2 -2 -2 -2 -1 -1 3028892 -2 -1 -1 -2 562929283 954220247 -2 -2 201918548 405873859 -2 -2 -1 -1 -2 -2 -1 -2 -1 -1 -1 -1 -2 -2 -2 -1 -2 -1 -1 -2 -2 -1 -2 -1 -2 -1 -1 -1 -2 -1 -1 -2 -2 78710225 -1 -2 -1 -1 -1 -2 -2 -2 -2 -2 -2 -2
-2 -1 -1 -2 -1 -1 -1 -1 -1 -1 -1 -1 -2 -2 -2 99371506 837578446 -1 -1 -1 -1 -2 -1 -2 91681189 -2 -2 -2 -1 -1 -2 -1 -1 -1 -1 -2 -2 -1 -2 -2 -1 -1 -2 -2 -2 -2 -2 -2 -2 -1 98841607 -1 651782443 -1 -2 -2 -1 -1 -2 -2 -2 -1 -1 -1 -1 -2 -2 -2 -2 -2 -1 -2 -2 532705655 -2 174786299 -1 -1 -1 -1 -1 -2 -2 -1 -1 -1 -2 -1 -1 -2 -1 973517521 -1 671621759 -1 -1 -1 -2 -1 918675907 -1 -1 -2
-1 -2 -2 -2 -2 -2 -2 -1 -1 123523369 -2 -2 -1 -1 -2 508846661 -2 -2 -1 -1 -2 -1 -1 666174992 -1 -2 -2 -2 -1 -1 -1 -2 -2 -2 -1 956460398 -2 -1 -1 -2 780718784 -2 -2 -1 342818451 673333039 668471389 -1 -1 -2 -2 -1 -1 -2 -2 -2 962566939 -2 -1 -2 703273468 945953240 -1 -1 -1 -2 -2 -2 951912854 -1 -2 -2 -1 -1 -1 -2 -2 -1 -2 -2 -1 -1 -1 722338528 -1 -2 -2 -2 -2 -1 348144105 -2 -1 -1 -2 -1 733149785 -1 -1 -2 -2 -2 -2
-2 -1 -2 -1 -1 -1 -1 -1 -1 -2 -1 -1 -2 -1 -1 -1 -1 771057892 -1 -2 903565395 -2 -1 163212117 -2 959821439 211421828 332094699 -1 -2 -2 -1 -1 -1 -2 568446950 -1 -1 -1 -2 -2 -2 -1 -1 898871275 -2 -1 -1 -2 -1 -1 -2 -1 -2 -1 -1 -2 281449961 -2 -1 -1 -1 -1 -1 51240650 -2 -2 -1 -2 -1 -2 -1 -1 -2 -2 -1 475329088 -2 -1 -2 -2 -1 -2 -1 -1 -1 -1 -1 -1 -1 -1 -2 -1 -1 758374406 -2 -1 -2 -1 867900258 -1 -1 -1
464153120 -2 -2 -1 -1 -1 -2 -1 -1 -2 -1 -2 -1 -2 -2 -1 -1 -2 -1 -1 -1 -2 -1 125541193 -1 -2 -1 -1 -2 -1 -2 -2 -2 656645359 251975725 -1 876797819 -1 547113047 -1 -2 -2 -2 -1 -1 -1 -1 -2 -1 -1 -1 -1 -1 -2 -2 -1 -2 -2 -1 -1 -2 -2 -2 -1 766543599 -2 -2 -2 -1 -1 -1 -1 -2 -2 -1 -2 -1 -2 -1 -2 -2 -2 -2 -2 843766450 -2 -2 -1 -2 -1 750004604 -2 -1 -2 -1 348433440 -2 -1 -2 -2 -1 -1 -2
-2 -2 -2 -2 -1 -2 -2 -1 -1 -1 -1 -2 498400442 -1 -2 -1 -1 -1 -2 -2 -1 -2 -1 -2 694549199 -1 -1 -1 -2 -1 -2 -2 -1 -2 -1 -2 -2 -1 -2 -1 -1 -2 -1 -1 -1 -1 -1 -2 -1 -1 -1 -1 -1 -1 -2 -1 -2 -1 -1 -2 -2 -2 -2 807826282 -1 -2 -1 -1 -2 -1 165432977 -1 -2 -2 -2 -1 -1 197113489 765024577 -1 -1 355904585 -2 -1 -1 -1 -2 -2 -2 -1 -2 -1 -2 411976548 -1 -2 -1 -1 -1 -1 -1 -1 -1
-1 -2 -2 -2 -1 -1 -2 -1 -2 -2 -1 -2 -2 -2 -1 897605112 -1 -1 -1 -1 -1 -2 -1 -2 -1 -1 -2 -1 -1 -2 -1 -1 -2 -2 -1 -2 -1 -2 -2 -1 -1 -1 -1 -2 -2 -2 -2 659280588 -2 -2 -1 62442742 -1 -2 -1 -1 -1 -1 -2 -1 -2 -2 -2 25004502 -1 386767833 -1 -1 -1 948414527 -1 -2 825608153 -1 -1 -1 -2 -2 -1 930243567 -2 -1 -1 -2 -1 -2 -2 -2 -1 -1 672133385 25604143 -1 -2 -2 -2 -1 -1 -2 -1 -1 -1 -2
-2 -2 -1 359931747 -1 -1 -1 -1 -2 -2 -1 -1 -1 -1 -2 -2 -2 -1 -2 -2 -2 -2 -2 -2 326077849 -2 -1 -1 703024252 -2 370986760 -1 -2 -1 -1 -2 -1 -2 -2 -2 -1 -1 -2 -1 748043249 -1 -1 -2 -2 -1 -1 -1 -1 -1 -2 -1 -1 -1 -1 -1 -1 936176507 -2 -2 -2 -1 -1 -2 -1 -2 -2 -1 -2 -1 -1 -2 618638249 -1 401983452 -1 -1 -2 -1 -2 -2 -2 -2 -1 -2 724018354 -1 -2 -2 -1 -2 -1 -1 -2 -1 932281086 264817354 15216763 -2
234892750 -2 -1 665076770 -1 -1 -2 -2 -1 -2 -1 -1 -1 -1 -1 -1 -2 -1 -1 -1 -2 -1 -2 -1 -1 -2 -1 -2 -2 -1 -2 -2 -2 -2 -2 -1 -2 -1 -2 -2 -2 -1 -1 -2 -1 -2 -2 -1 439697625 -2 -1 -2 -1 -1 -2 -2 -1 -1 -1 -1 -1 -1 -1 -2 -1 -2 -2 -1 -1 -2 -1 -1 -1 -2 -2 -2 -2 -2 -2 -2 -1 -2 982917218 -1 -1 -2 801126510 -2 -2 -1 -2 -1 -2 -1 -1 262067599 -2 -1 -1 -2 -2 -1 -1
-2 -1 320273298 472955675 -1 -2 -1 -2 -1 -1 -2 -2 111105652 -1 -1 -1 -1 44669861 -2 -1 -1 -1 -2 -1 -1 -1 -2 114289373 -2 -2 -2 -2 -2 -1 -2 -2 -1 -2 -1 -1 -2 -1 -1 -1 -1 -1 -1 -1 -2 -1 116834090 -1 -1 -1 -2 -1 -2 920019993 990097339 -1 -1 -1 -2 -1 -2 -1 -2 -2 -2 -2 -1 352863583 -1 -2 -2 -1 -2 -2 786914382 -2 324303221 -2 -1 -1 292139773 222061384 -1 716759037 -2 -2 -2 -1 -1 -2 -2 -2 -2 -1 -1 -2 -2 -1 -2
-1 -2 774600979 -2 -1 -1 -2 -1 -2 -1 -2 -2 -2 -2 317936878 -1 -1 -1 -1 -1 -1 -2 -2 -2 -2 -1 -1 -1 -1 -1 -2 76710281 790458033 -1 -2 -2 -2 -1 -1 -1 -1 -2 -2 -1 -2 -1 -1 -1 -1 -2 872657463 -1 -1 -2 -2 -2 -1 -2 -2 -2 -2 -2 -2 -2 -2 -2 -1 846554472 -2 -1 -2 -1 -1 -2 -1 -2 31875786 -2 -2 -2 583900677 -2 -1 -1 -1 -1 -2 -1 -1 -2 -2 -1 340482568 -1 -2 -2 301423061 -2 -2 -1 -1 -1 -2
-2 90725456 -2 -1 -1 -2 -2 -1 -1 -1 -2 -1 -2 -1 -2 -1 -1 -1 -2 -1 108217823 -2 -2 543756784 -1 354524458 -2 -1 -2 -2 840580834 -2 -2 708395398 -1 -2 -1 -2 -1 -1 -1 -1 -1 -2 -2 -2 -1 -1 -2 -2 -2 -2 -2 -2 950243946 139839776 248696447 -2 -1 -2 -2 -2 -2 -1 -1 -2 -1 -1 -2 -2 -2 -2 -2 -2 -2 -1 -1 -1 -1 -2 -2 734594893 -2 -1 -1 -1 -2 -1 970696364 -1 -2 -2 -2 -1 -1 -2 -2 -2 -1 -2 -2 -1 -2
-1 -1 -1 -1 -1 -2 -1 -2 -1 -1 -2 -1 -2 -1 -2 -2 -2 -2 -1 -2 -2 -2 -1 -2 -1 -2 -2 -1 -2 -2 -1 -2 -2 -2 -1 -1 -1 -2 -2 -2 -1 -1 -1 -1 -1 -2 -1 -1 -2 -2 -1 -1 -2 -1 -1 -2 -1 769485028 -2 -2 -2 -2 -2 -2 433725539 439007569 297871333 -1 -1 -1 -2 -2 -1 -1 -1 -1 -2 -1 935577489 -1 -1 -2 -2 -1 -1 -1 -1 -2 469407390 -1 -2 -2 725129295 -2 -1 -2 -2 -2 -2 -2 -2 -1 -2
625748522 -2 -1 -1 -2 183726253 -1 -2 -1 -1 -1 -1 -2 -1 -1 -2 -2 -2 -2 -2 -1 -2 -2 -1 773056419 -1 -1 -2 534107266 -1 -1 -2 -2 -2 -2 -1 65088021 -1 -1 -2 -1 -2 -1 -1 -1 -1 -1 -2 -1 -1 -1 -1 -2 -2 -2 -2 -2 -2 744686866 -2 -1 -2 -1 -1 54598876 -2 -2 -2 -1 -2 -1 67446378 -1 -2 -1 -2 -2 -2 -1 -2 -1 -2 -1 -2 -1 -2 -1 -1 -1 -2 -1 645934057 -1 550249644 -1 -2 -2 -2 -1 -1 -1 -1 -2
-1 -2 -2 -1 -2 -2 -1 -1 -2 -2 -2 42125156 122985305 -1 -2 -2 -2 -2 -1 135515191 -2 -1 -2 -2 -1 -1 -2 -2 432545353 -2 -1 -2 -1 -2 -2 -1 -1 -1 -2 -2 -1 615027591 -1 539927522 -2 -2 -2 -1 918265754 -1 -2 -2 -1 -2 -2 -2 -2 -2 -2 -1 -1 -1 -2 -1 -1 -2 839105896 -1 -1 -1 -2 -2 -2 -2 -1 -1 -1 -1 -2 676661965 -2 -1 -2 -1 -2 -2 329862720 -1 -1 -2 -1 -2 -2 -2 -2 -2 -2 -2 632146857 -1 -2 -1 -2
963317537 207237987 -2 -1 -2 -1 -1 -1 -2 -2 468103305 -2 -1 -2 -2 -1 -1 -2 -2 -2 -2 -1 -1 -1 -2 -1 -1 -1 659475149 -1 -1 -1 -2 -2 -2 -1 -2 -2 -2 -2 947660543 -2 -2 -1 -2 -1 174773470 -1 -2 -2 -2 -1 -1 -1 -1 -1 -2 -2 -2 -2 -1 -1 -1 -2 -2 -2 -1 -1 -2 129663267 47463154 -2 -2 -2 -2 -1 -2 -2 -2 -2 -1 -2 -1 -2 850562474 -2 -2 788176758 -1 -2 -2 -2 -1 -1 -2 -2 -1 -1 -2 334784990 -2 -1 616926203
-2 -1 -1 -2 -1 -1 -2 -2 439539482 -2 -2 -2 -1 -2 519270206 742785156 -1 -1 -1 -1 -1 275255690 -2 -2 -2 -2 -2 -2 -1 -1 -2 -2 -2 -2 429051820 -2 -1 -1 -2 -1 -2 374641187 183202532 -1 -2 -2 -1 -2 -2 -1 133370849 -2 -2 884852859 -2 -1 -2 -2 -1 -1 -2 -1 -1 -1 -2 -1 -2 -2 -1 -2 -1 -1 -2 -1 -2 -2 -1 -1 -2 -1 739711041 -2 -2 -1 -2 407170183 -2 92980846 73796200 -1 -1 -2 923105216 -1 -2 209646265 -1 314926394 -1 -2 -1 -1 669091357
-1 -2 -1 -1 -1 -1 -2 -2 -2 -1 -1 108012687 -1 -2 -1 -2 125908474 -2 -1 -2 -2 -2 798478051 -2 -2 -2 670081676 -1 -1 43669701 -2 -1 -2 -1 -1 -2 -1 -1 -2 -2 -2 -2 -1 -2 -1 -1 -2 -2 -2 -1 8035596 -1 -2 -1 -1 -2 -2 -2 -1 -2 -1 -2 -2 -2 -2 -2 -1 -2 -1 -1 -2 -2 -2 -2 -2 669574726 283707372 -2 -1 114338691 -2 -1 -2 -2 -2 -2 -1 -2 321480593 -2 -2 838117142 -1 -2 -2 -2 -1 -2 -1 -1 -1 293912225 -2
-2 -2 -2 -1 -2 -2 -1 -2 -2 322678938 -2 -1 -2 -2 -1 28334091 -1 -1 -1 -2 -2 -2 -1 -2 -1 -2 -2 -2 -2 -2 -1 552713428 -2 86961334 -1 -2 -1 -1 -1 -2 -1 -1 -1 -2 323858530 -2 -1 -2 -2 164584218 -1 -2 -2 -2 -2 -2 -1 248636383 -1 -2 690861087 -1 -1 -1 -2 -2 954046558 -2 -1 -2 -2 -1 -2 -2 -2 -1 -2 -2 -1 243353525 -1 846739945 376392016 864477017 -1 -1 -2 -1 -1 -2 -1 -1 -1 -1 -2 -1 -2 -1 83117530 -1 76676634 -1 585703298
9841314 -2 -1 -2 -2 -2 117386557 -2 -2 834143233 -2 -1 -2 -1 -1 -1 -2 -2 -2 -1 -2 -1 -1 -2 -1 295046844 -2 -2 -1 -1 913216816 -2 -2 -1 -2 -2 812092054 -1 -1 341176959 493441641 382339139 -2 -2 -1 -2 -2 -1 -1 -2 -2 -1 -1 -2 -2 -1 -1 -2 -2 -2 -1 40316601 118818717 -2 -1 323141042 -1 -1 -2 517177940 -2 -1 -1 -1 -1 507315621 -1 -2 -2 -2 -1 -2 -2 -2 -2 -1 -1 -1 534683028 -2 -2 -1 543468487 -2 -2 391350271 78530676 -2 -2 -1 -2 -1 -1
-1 50244513 -1 -1 -2 -1 -1 -1 -1 -2 -2 -2 706584443 -2 -1 -2 -1 -1 -1 -1 -2 -1 -2 -1 746193752 -1 -2 -2 -1 -1 -2 -2 -1 -2 -1 -2 -2 -2 -1 -1 -2 971716522 -1 -2 -2 -2 -2 -2 -1 -1 -1 971863992 -1 -1 -2 -1 -1 -2 -2 -2 -1 -1 -2 -2 -2 -1 703052137 -1 -1 -2 426020256 -1 -1 -1 -1 -1 -2 -1 534148172 -2 -2 -2 810394659 -1 -1 -2 -2 -2 -2 -2 -2 -2 -2 -2 -1 -2 -2 -2 -2 -2 -1 -2 -1
-2 389260556 -1 -2 -2 -1 -2 -2 -2 -2 -2 -1 -2 625209986 -1 -2 -1 -1 -1 -2 -1 -2 -1 -2 -2 -2 -1 -2 -1 -1 -1 -1 -1 511331780 55862587 595070800 -1 -1 -2 -1 -2 -2 -1 -1 -1 -1 -1 -1 -2 -2 -2 -2 776433845 -2 -2 -2 -1 -1 -1 -2 -1 -2 -1 -1 -2 -2 -1 -2 -1 -2 -1 -2 -2 -2 612781931 -1 -1 -2 -1 -1 -2 -2 -2 -1 -1 -2 826391849 -1 -1 -2 -2 -2 -1 -1 -1 -1 -2 -1 -1 -2 934173390 -1 -1
-1 -2 -2 -1 -2 -1 -1 -1 -1 -1 -1 -1 -2 -2 -2 -1 -1 -1 -1 189801881 -1 -2 -2 -2 -2 -1 -1 -1 732818186 946382377 -2 -1 -2 -1 -2 -2 -1 -2 -2 -2 -1 -2 -2 -1 -2 -1 -2 -2 -1 -2 -1 -2 -1 -1 -2 966417026 -2 -1 -1 164523978 -2 -1 -1 -1 -1 -2 -2 -2 -2 -1 -1 -1 -1 -2 -1 -1 -1 -2 -2 -2 -1 -1 -1 -1 -2 -1 571003667 -2 -1 -2 -2 -1 -2 -1 530352155 -2 -2 -2 -2 -1 -2 -2 -1
-2 -2 -2 -1 -2 -2 -2 -2 -1 -2 -2 -1 -1 -1 -1 -2 -2 -1 -1 505761216 -1 -1 -2 800749645 650455230 -1 -1 -2 -1 -2 -1 -1 -1 -2 -1 -1 -1 -2 -2 -2 -1 -1 -1 -1 -2 -2 -1 -1 -2 -1 -1 -1 -1 -1 364946895 -1 387732383 -2 -1 -1 -1 -1 -1 -1 -2 -2 -2 -1 -1 718313364 -2 -2 -1 -1 81870096 -1 -2 -2 -2 -1 -2 -1 -2 -2 -2 -2 -2 -1 -1 -2 -1 -2 -2 -2 -2 -2 -1 -1 -1 -1 -1 471646712 -1
-1 -2 -2 -1 -1 -2 -2 -2 -1 -2 -2 -2 830849156 -2 -1 16936123 -2 -2 -1 -1 -2 -2 -2 -2 831545976 -1 -2 -1 -2 -2 -2 -1 -1 -1 -1 -2 -2 972247369 -1 -2 -1 -1 -1 -2 -1 -2 -1 -1 -1 -1 -1 -1 -1 -1 -1 933649284 -2 -1 -2 -1 -1 -1 -1 -1 118197965 -2 -2 -2 -2 -2 -1 -1 -1 -2 -2 -1 -1 -1 -1 959198247 -1 -1 -2 -2 -2 -1 -1 -1 -2 -1 -2 -2 -1 -2 467746811 -1 -2 -2 654600358 -1 -2 -1 -2
-2 -1 -1 -1 -1 -1 -1 -1 993062031 -1 -2 -1 -2 -1 -1 -2 -1 -1 -1 -1 -1 -2 -2 -1 -1 -2 -1 -2 -1 -2 -2 -1 -2 392082790 -1 -2 -1 -2 -2 -2 -1 -2 -2 -2 -2 -2 -2 -1 -1 -2 -2 -1 -1 -1 -1 -2 -1 -2 -2 -1 -2 -1 -1 -2 -2 -2 -2 -1 611221671 -1 -1 -1 -1 -1 -2 -1 -1 -1 -1 -2 -2 -1 -2 -2 -1 -2 -1 235093324 -2 -1 -2 -1 -2 -2 -2 63097702 -2 -1 -1 -2 -1 -2 -1
-1 -2 -2 -1 -2 -1 -1 -2 -1 -2 -1 -1 -2 -1 -2 -2 -1 -1 -1 -1 -1 -1 -1 -1 -2 -2 -1 -1 -2 -1 338497351 -1 -1 -1 -2 -1 -2 463018803 -1 767751882 -2 -1 905302805 -2 -1 -1 -2 -2 -1 -1 -1 -1 -2 -1 -2 349486477 -1 -1 -1 -2 367068466 -1 -2 -2 -2 -2 -2 -2 -2 -1 -1 -1 -1 -1 -2 -2 -2 -1 -2 -1 -2 -2 -2 -1 -2 -2 -1 -2 -1 -2 -2 -2 -1 -2 -1 -1 -2 -2 -1 -2 -1 165230888 -1
-1 -1 -1 -2 -1 -2 -1 -1 651447218 -2 107262619 -1 -2 -1 -1 -1 -1 -1 -1 103047142 -1 -2 -1 -2 -2 -1 -2 -1 -1 -1 -2 -2 -1 -2 -1 -2 -2 -2 -2 -2 4309315 -2 -2 -2 -1 -2 -2 -1 -2 144319316 -2 -1 -2 -2 -2 -2 -1 -2 -1 -1 -2 -2 -2 -1 -2 -2 -2 -2 -1 -2 -1 -1 -2 -1 -1 -1 -2 -2 -1 -2 -1 -1 219502141 -1 -2 -1 -2 -2 -1 -1 -2 -1 -1 -1 -2 -1 -2 -2 -2 -2 -1 638778895 -2
-1 827026978 -1 -1 -1 -2 -2 -1 -2 -2 -2 -2 -2 -2 -2 -1 -2 -2 -1 -2 -2 -1 881977962 -1 -2 -1 -1 -2 -2 -1 -1 -1 -1 -1 -2 241614754 -1 92865124 -1 -2 -1 -1 124499591 -1 -1 -2 -1 -1 -2 -2 -1 -2 -1 -2 42029333 688534330 -1 -1 -1 579193710 -2 -2 -2 -2 -2 -1 -2 -2 -2 -2 230033485 -1 -2 -2 -2 -2 -2 -2 -2 -1 -2 -1 -2 -2 -2 -1 -1 -1 -1 -2 -1 -2 -2 -1 -2 -1 -2 -1 -2 -2 -2 -1 -1
-2 -1 -1 -2 -2 -2 -1 -1 -2 -2 322888719 -2 -2 -2 -2 -2 -1 -1 -2 -2 -2 -1 -2 -2 836468427 -1 40114072 -2 59027240 -2 -2 -1 -1 -2 -1 941536851 -1 -2 -1 -2 -1 -2 -2 -1 924569524 -2 -2 -2 -2 -2 -1 -1 -1 -2 -2 -1 -2 647491798 -2 -2 -1 -2 -1 -2 -1 -2 -1 -1 -2 -1 -1 427348036 907883459 -1 -1 -1 -2 -1 -1 -2 -2 -2 -1 -2 -1 -1 -1 -1 -1 987287026 -1 -1 -2 -2 -2 -1 -1 -2 -1 -2 -2 826144595 -1
-2 -2 -2 -2 879280895 -2 -2 -2 -2 -2 -1 -1 -1 -1 -1 -1 -2 -2 -2 -1 -2 -2 187067568 -1 -2 -1 -2 -2 -1 -2 -2 -2 -2 -1 -2 -1 -2 -2 -1 -1 -1 -1 -1 -2 -2 -1 -2 -1 -1 -2 775235920 -2 -2 -2 -1 -1 -2 -2 -2 -1 761544839 490146730 -1 -2 -2 -2 95784755 -1 -2 -2 -1 -1 -1 -2 -1 -2 52004890 -2 -1 -2 -1 -2 -2 987749672 509349163 -1 -1 -1 -1 -2 -2 702463889 -1 -1 -1 -1 -1 -2 249544539 -1 -1 -1 -1
-2 -1 -1 942432421 -1 -1 -2 -1 153270820 -2 -2 -2 -1 -1 -2 -1 -2 -1 -2 -1 -1 566964375 -1 -2 -1 -1 -1 -2 -2 -2 -1 -1 -2 -2 -2 -1 -2 -1 -1 181893745 80623722 -2 -1 -1 -2 219474696 -1 -2 -1 -1 -1 -1 -1 -2 -1 -1 -1 -1 -2 -2 -2 -2 -2 -1 -2 -1 -2 -1 -2 -2 -2 -2 -2 -2 -1 -1 583194262 911461701 -2 -2 -2 -2 -2 -1 -1 -1 -2 -2 -2 -2 435635804 -1 -1 -2 -2 -1 -2 -2 -2 -2 -2 -1 -2
-2 -1 -2 -1 -2 -2 -2 -2 -2 -1 -2 -1 -1 -2 -2 -2 -1 -2 -1 -1 -2 -1 -2 -1 -1 -1 -1 -1 -2 -2 836597121 -1 -2 -1 -1 -2 -1 -1 -1 -1 -2 -1 -1 -2 -2 -2 -1 -1 -2 -1 -2 -1 -1 -2 -2 -1 -1 128253737 -1 -1 -2 -2 483500024 -2 -1 -2 -1 -2 -1 -1 -2 -1 -2 -2 -2 579301456 -1 -2 -1 -2 954423407 -1 -2 -2 -1 -2 -2 -1 -2 -2 -1 -1 -2 -1 -1 -2 625544482 483071343 -2 -1 255200745 -2 322417858
-1 -2 -2 -2 -2 -2 -1 -1 -1 -2 -2 -1 -2 -2 -1 -1 -1 804035076 -1 -2 -2 -2 747957028 -2 -2 -2 -1 556749502 92104092 -2 -1 -1 -2 -1 -2 -2 -1 -2 -1 -2 -1 -2 -2 -2 -2 -2 -2 275380683 -2 -2 -2 -1 -1 630163834 -2 -2 -1 -1 -2 -2 325820529 -2 -2 -2 -2 -2 -1 -1 287968627 -1 -2 639312910 -2 -2 -1 -2 955786380 -2 -1 431827433 -2 -1 -2 -2 -2 -2 84864198 927288646 -2 -1 -1 -1 -2 -1 -2 -2 811652779 -2 -2 -2 467956308 -1 -2
-2 -2 -1 -1 -1 242602698 -1 -2 -2 -1 762527273 -2 -2 -1 -2 -2 -1 621731627 -1 -1 -1 -2 348664947 -1 -1 -2 -1 -1 -2 -1 -1 -2 -1 -1 -2 181968073 -1 919926861 -1 433298949 -2 -1 -1 -2 -2 -2 -2 -2 -2 -2 -2 -1 -2 -1 -1 -1 -2 -1 -2 -2 -1 720292721 -1 129452222 -2 -1 -1 -1 -1 -2 -1 -2 -2 -1 -1 -1 -2 -1 -1 -1 120020587 -2 -1 -1 -2 -1 -2 -1 -1 -1 -2 -1 -2 -2 -2 -2 -2 -2 -2 -2 -2 -1 -2
-2 -2 -1 -1 -1 -2 -2 -2 -2 -2 -1 -1 -1 -2 -2 -2 -2 -1 -2 -1 -1 152933943 -2 9542958 -2 -2 -1 -1 -1 -1 -2 -2 -2 -1 484150490 -2 -2 -1 -2 -2 -1 -1 -2 -1 -2 -2 -1 -2 -2 -2 -1 -1 -1 -2 -1 -2 -1 -1 365233165 -1 -1 -2 -2 -1 -2 -2 -1 -2 -2 -2 -1 -1 -1 -1 -1 -1 -1 -1 705819214 -1 720023450 -2 -2 -2 590530273 -2 -1 -1 -1 -1 -2 -1 -2 -1 -2 -2 -2 -1 -1 243801448 -1 -1 -1
-2 -1 -1 -2 -1 -1 -2 -1 331473978 77959648 -1 29911876 -1 -1 546996605 474650028 -2 -1 -1 -1 -2 -2 -2 -2 -2 662454517 -1 -1 -2 4252696 -2 -1 -2 -2 -1 -1 -2 -2 -2 569062656 -1 -1 -1 -2 -2 -1 -1 -2 -1 -1 -2 -1 -2 -1 511495544 79852632 -2 -1 -2 -2 -1 -1 -2 -1 -1 -1 -1 -1 174403296 -2 -1 -1 -2 -2 -2 -2 -1 -2 -2 -2 721861305 -1 -2 -1 -1 -1 -1 -2 -2 -1 272818630 -1 -2 -2 -2 -2 -2 -1 -2 732955825 -2 -1 -1
-1 -2 -2 -2 -2 -2 -2 -2 -2 -2 760740923 -2 913529215 -1 -1 -2 -1 -1 -1 -2 -1 -1 -2 -2 -2 -1 -1 -1 -2 -1 -1 -2 -1 -1 -2 -2 -2 -1 -1 -2 -1 -2 -1 -2 -1 -2 -1 -1 -2 -1 -1 -2 -2 -1 -1 -1 -2 -2 -1 443946789 -1 -1 -1 -2 -2 122370682 -1 -1 -2 -2 -2 -1 -1 -2 -2 -1 -2 -2 -1 -1 -1 -2 -2 -2 524957135 183348879 312148053 -1 -2 -1 -2 -1 -2 -2 56124569 -1 -1 -1 124393674 -2 -1 -1 -1
-1 -2 -1 -2 -2 -2 -1 -2 -1 -1 -1 -2 -1 -2 -2 -2 -2 469880528 -1 -2 -2 -2 -2 -1 294194367 993265175 -1 -1 -2 -1 -2 -2 -2 902315964 -1 503114004 -1 -1 -2 -1 -2 -1 -2 -1 -1 511317839 245977712 -2 -2 -2 -1 -2 -1 -1 -1 -1 -1 -1 504040204 -2 -2 -2 -2 -1 -1 -1 -2 -2 -1 -2 468391032 27659492 163957276 -2 -2 -1 -2 -1 -1 -2 -2 119909425 -2 -2 -2 -2 -2 -2 830660931 -2 -1 -1 -1 -1 -2 -1 -2 -1 -1 -2 -2 -2 -2
-1 -1 -1 -1 -1 -2 -2 750625816 -1 -1 -2 -2 -2 932878663 -1 -2 -1 -1 -2 -2 -1 -1 173682894 -1 173164069 -1 -2 -1 -1 394793407 -2 -1 -1 -1 -2 -2 -2 -2 -1 -1 -2 -1 -2 -2 -1 -2 -1 -1 -2 -1 -2 -2 -2 -2 -2 -2 -2 -2 -1 -2 -2 -1 -2 -1 -2 -1 -2 930731736 -2 552810837 -1 -1 -2 -2 -2 -2 -1 -2 -1 -2 -1 -2 -1 -2 -1 -2 -1 -2 -2 -2 -2 -1 -1 -1 -2 -1 -2 -1 -1 -2 -1 -2 -1
-2 -1 -1 -2 -1 -2 258372248 -1 -1 -1 -2 -2 531790031 -2 -1 -2 -1 -1 965129385 -1 -1 -2 296919259 -1 -2 -2 -1 -2 -2 -2 -1 -1 -1 -2 -2 -1 -1 -1 -2 -2 -2 -1 -2 -2 -2 -2 -1 -1 -1 -2 -2 -1 -2 -1 -2 32656426 -1 -2 -2 -1 -1 -1 272857365 -1 -1 -2 -1 -2 -2 -2 752797426 -1 -1 -2 -2 861526455 -1 -1 -1 -2 -2 -1 -1 -2 -2 -2 -2 -1 -2 -2 -2 -2 617545776 971081789 -1 -2 360021032 -2 -2 -2 -1 -2 -1
-1 -2 -2 -2 810794350 -2 -1 -2 -1 333746663 -1 -2 -2 -1 653981977 896746163 -1 -1 -2 -1 -1 -1 -1 -2 59701106 -2 -2 -2 -1 -2 -1 -2 -1 -1 -2 -1 -2 -2 -1 -2 -2 -1 -2 169294462 -2 -1 -2 -2 -1 -2 -2 -2 -2 -1 -2 -2 -1 -1 -2 96438795 -1 -2 -2 -1 -1 -1 -2 -2 990524799 -1 -2 577966879 -1 -2 -2 -1 -1 -2 -1 -2 -1 -2 -2 -1 -2 -2 -2 -2 -1 -2 -1 -2 -1 -1 -2 -2 -1 -1 -1 -1 -2 -1 -1
-1 -1 -1 -1 -2 -2 -1 -2 -2 -1 -1 -2 -2 -1 697275804 -1 -2 -1 480173893 -1 -1 -1 -1 -2 -1 973544943 -1 -1 -1 -2 -1 -1 -1 -1 90292201 872132157 -2 -1 -2 -2 -1 -1 -2 -2 -1 -2 -1 497287691 -1 -1 -2 -2 -1 -1 -2 146839331 -2 -1 -1 -2 -2 -2 -2 -1 -1 -2 -1 -2 -2 -1 -1 -2 -1 -2 -2 -1 -2 -1 -1 -2 -1 -1 -1 -2 -1 -1 -2 -1 -2 -2 -1 -1 -1 -2 -2 -1 -2 732751246 -2 -2 -1 -1 -1
-2 -2 -2 -1 -1 -1 -2 -1 -2 -2 -1 -2 -1 -2 -1 -1 -1 -1 -1 -2 -2 -2 -2 638026603 -2 -2 -2 -2 379344132 -2 -1 -2 -1 -2 -1 644625034 -2 -2 -1 -1 -1 -1 -2 -1 -1 -2 -2 -2 -2 -1 -2 -2 -2 -2 -1 -2 -1 -1 -2 -1 -1 -2 -2 -1 -1 -2 -1 -1 -2 -2 -1 -2 -2 -1 -1 -2 -2 -2 -2 -2 537077096 -1 -1 -2 -1 -1 -1 -1 -2 -1 -2 703098664 -1 -2 -2 557564530 50002135 -2 -1 -2 -1 -1 -1
-2 -1 786782635 -2 -2 -2 -2 -1 -1 -1 -2 -2 -1 -2 -1 -2 -2 -1 -2 -2 -2 -1 -2 -1 -1 -2 -2 -1 166901652 303912870 520507808 -2 -1 567308082 -1 -1 -2 -2 773437510 -2 -1 -1 -2 -2 -1 -1 -1 109871328 -1 -1 -1 -1 -1 -1 -1 -2 -2 -1 254234118 -2 -1 -2 -2 -1 -1 864696621 21232469 -2 -1 -1 -1 -1 684407201 -2 -2 -1 330571693 -1 -1 -1 -1 -1 -2 -2 -2 -1 -1 44582542 -2 -1 -2 -1 -1 -2 -1 -1 -1 75840102 193924893 -1 -2 -2 -1
232212415 963109906 -2 787475548 -1 -1 -1 -1 -1 -2 -1 -2 823641220 649268012 -1 -2 -1 -2 -2 -2 -1 -2 -1 -2 -2 -2 -1 -2 -1 762046502 720087581 -1 -2 -2 -2 -2 -1 -1 -2 -1 -2 -2 -1 -1 978215274 -1 -1 8529384 -1 -2 -2 -1 -1 -2 -2 -2 -2 -2 -1 -1 -1 -2 -1 -1 -2 -2 -1 -1 -2 -1 887573320 -1 -1 500757016 605186894 -2 -1 -1 -1 904097005 -1 -2 -1 -2 -1 -1 -2 -2 622867424 -1 -1 -1 -2 -2 277179431 -1 -2 -2 -2 457374878 -1 -1 -2
-2 -1 -1 -2 -2 -1 -1 -2 -1 -2 -1 -2 587733709 520132481 -1 -1 -2 -2 -1 38678160 -1 -2 -1 -1 -1 -2 -1 -1 -2 -2 -1 -2 -1 -1 -1 -2 -2 -1 -2 -1 -2 -1 -2 -2 -1 -1 -1 -2 -2 -1 -2 -1 -2 -2 -1 -1 -2 -1 -2 -2 -2 -1 -2 -2 -2 -1 49353213 -1 -2 402942675 -2 71326978 -2 -1 -2 -1 -1 -1 -2 -1 -1 -1 -1 -1 -1 -2 -1 -2 -1 -1 -2 -2 -2 -2 -1 -1 -2 -2 -1 -1 -1 -2 384882614
-2 -1 -1 -1 -1 -1 -2 -2 -2 -2 -1 192158330 -1 -2 -1 -1 -2 -1 -2 -1 -1 -1 -2 -2 -1 -1 -2 -2 -1 -1 -2 -1 -1 -1 -1 -1 -1 -1 -2 -1 -1 -2 -1 -1 -1 -1 -2 -1 -2 -1 -1 -1 760320084 -1 -1 -1 -2 -2 185294694 -1 -1 -2 -1 -1 -1 820702670 -2 -1 -1 384827143 -2 -1 -2 -2 -1 -1 -2 -1 -2 -2 -2 -2 -2 -1 -2 167282813 -2 -2 -2 319001196 -1 -1 351063788 -1 -1 -2 -2 -2 832686453 -1 -1 -1 419506823
-1 -1 -1 -2 -2 -2 -1 -1 -1 -1 129737131 -1 -2 533692254 -1 -1 -2 -1 -1 -1 -1 72408279 -2 -1 -1 -2 -1 -2 -1 -1 -2 -2 -2 -1 -2 -1 -2 -1 -1 -1 -2 -2 -1 -1 -2 -2 -1 -1 -2 -2 -1 402142088 -2 -1 -2 -1 -1 -1 -2 -1 -1 -1 -2 -1 -1 -2 -2 -1 -2 -1 -1 -2 -1 -2 -2 -1 -2 -1 387641011 -1 -1 -1 -1 -2 -1 -2 -1 -1 -1 -2 -2 -1 -1 -1 665866422 -1 136442308 -2 -2 -1 -2 -2 -2
-1 -1 6174875 -1 -1 -1 -1 562336554 -2 -2 -1 -2 -1 -2 -2 -2 -2 -1 -2 -1 -1 -2 -2 -2 -2 -2 -1 -1 -1 -2 -2 -2 -1 -2 -2 -2 -2 -1 -1 -2 -2 -2 -1 -2 -1 -2 -2 -2 -2 -1 -2 -2 -2 -1 -2 -1 -1 -1 -1 -2 -2 -2 -1 -1 -1 604734970 -2 -1 -2 -2 -1 -1 -1 -2 -1 751546282 -1 -1 -2 -1 -1 -2 -2 -1 -2 -1 -1 -2 -2 -2 -2 -2 -2 -2 -1 -1 -1 -1 -2 -1 -1 -2 -2
732434590 -2 -2 -2 98618370 -1 -1 -1 -1 -1 -1 -1 -1 -2 -2 -1 -2 -1 751943892 -2 -1 -1 -2 -2 -1 -2 -1 -2 -2 -1 -1 -2 -1 82188548 216790480 -1 50583160 -2 -2 -1 -1 -1 210326233 -1 -2 -1 -2 -2 -1 39047149 -1 -1 -2 -2 647599582 -1 -1 -2 -2 -1 -1 886503614 -2 168716185 715524274 -1 -2 -1 -1 -1 -1 180554272 -2 -1 -1 -2 -1 -1 -1 -2 -2 -1 -2 -2 -2 -1 -2 -2 -1 967121832 -2 -1 -2 -2 -1 899990483 -1 -1 -1 -1 -2 -2 -2
-1 877876077 -2 -1 -2 -2 -1 -2 -1 -1 -2 -2 233094092 -1 46723724 -2 -2 -1 651968738 -2 -1 -2 -2 -1 -2 -1 -2 -2 -1 -1 -1 -1 -1 937555341 -2 -1 -2 -2 999319372 -1 -2 -2 -2 -1 -1 -2 -1 -1 -1 -1 -1 -1 -1 -1 -2 -1 -1 -1 -1 -1 -1 -2 -1 -1 -2 -1 -1 -2 -1 93590290 -2 -1 -1 -1 -2 589382167 -1 -1 -2 -2 -1 -2 -1 -2 -1 30739085 845273232 -2 735589992 -1 -1 -2 -1 -1 -2 -2 -2 -1 -2 -1 -2 72541841 -2
-1 -1 -1 31010558 -2 -2 -2 -1 -1 -2 -2 -1 -1 -2 288742409 -2 -2 -2 -2 -2 -2 -1 -1 -2 431184983 -2 -1 -2 -1 -1 -2 -2 -2 -1 638379128 -1 -2 -1 -2 -2 -2 -2 -2 -2 -1 -1 -1 -1 -2 -2 -2 -2 -1 -2 -2 -2 -1 -2 -1 -1 -1 -2 -1 -1 -1 -2 -1 -2 -2 -2 -1 -1 131018463 -2 -1 -2 -1 -1 -1 -2 -2 -2 -2 -2 -2 -2 -2 -1 -2 -1 -2 -2 -2 -2 -2 -2 -2 -2 -2 -2 -1 -2 -2
-2 -2 -2 -2 22098136 467849412 800795816 -2 -2 -2 72398116 -1 -2 -2 -1 -1 -1 -2 122019055 -2 -2 -2 435231987 -2 -1 -2 -1 -1 -1 63240254 -2 -1 -2 -1 905058748 -2 -1 -1 -1 -2 -1 -2 -2 -2 -1 -1 -1 -2 -2 -1 -1 -2 -2 -2 -1 -2 -1 -1 -1 -1 388461259 28557 -2 -2 -1 -2 -1 -2 -2 -2 947090412 -2 -2 -1 -2 -1 -1 -2 -1 -1 -2 909840841 -2 -1 -2 -2 -2 -2 -2 -2 -2 -2 -2 -1 -2 -1 -1 -2 -2 -2 -2 -1 -1
-2 -2 -1 -1 -2 938516218 -1 -1 260803251 -2 -2 -1 166905161 -2 -1 -2 -1 -1 -1 -2 759848396 -1 -1 -2 -1 -1 -2 -1 -1 -2 -2 515243697 554239201 -1 -2 -1 109468841 -1 -2 -2 -1 21087845 -1 -2 913904536 -1 -1 -2 -2 -2 -2 -1 -1 -2 -1 -2 -1 -1 -2 -2 -1 -2 -2 -2 -1 -2 -2 -2 -1 -2 -2 -2 -2 -2 -2 -2 130211607 -1 -2 564472616 -2 -1 -2 -1 -1 -2 -1 -1 -1 -1 864109210 -2 -1 -2 -1 117140217 -2 -1 -2 -1 -1 646116544 -1
-2 -2 -2 -1 -1 -1 -1 -1 -2 -1 -2 215287067 -2 -1 -2 -2 -1 -2 -1 795738531 -1 -2 -1 591539398 -1 -1 -2 -2 -2 -2 -1 -1 -2 -1 -1 284561036 -1 -1 -1 -2 -2 -2 -2 -2 -1 -2 -2 -2 -2 -2 -1 -1 -2 186102405 -1 903376582 -1 -2 -2 -1 -1 -2 -2 -1 -1 -1 936050204 -1 -1 -1 -1 -1 -1 -2 -1 -1 -2 -2 -1 -2 -1 -1 -2 -2 -1 -1 -2 -2 -2 -1 -2 -2 -2 769155532 -2 -2 -2 -2 -2 -1 -1 -1 -2
-2 -1 -1 -2 739296220 -1 -1 -2 -2 -1 -2 -1 -2 -1 -2 -1 -2 -1 -2 -2 -1 -1 -1 -1 -1 -2 -1 -2 -1 -1 -2 -2 -1 -2 -2 -1 -1 -2 -1 -2 -2 -1 -2 -2 681613382 -1 -2 -2 -1 101783287 -2 -1 -2 89956324 -2 -2 -1 -1 -2 586230136 -2 -2 -1 -1 -2 -1 -2 -2 -1 -1 -2 -1 -2 -1 -1 -2 63005326 -1 -1 -1 -1 -1 -2 -1 -2 -2 845345724 613283094 -1 -2 -1 -2 243616577 -2 -2 -2 -2 -1 -1 -1 -2 -2 -2
-2 -2 -2 -2 -1 -2 -2 -1 -1 -2 -2 -1 -1 -1 -2 -1 -2 -1 -2 -1 -2 -1 -2 502708819 -1 -2 -1 -1 -1 -2 31435670 -1 -2 -2 903613357 -1 -1 -1 -2 -1 719779135 -1 -1 -2 -2 -2 -2 -2 -2 -2 -1 -1 -2 -1 -1 651285925 -2 -2 -2 -1 -2 -2 -1 -1 -2 595722265 -2 -1 -1 -1 -1 -2 -1 -1 -1 -2 -1 -2 124397505 -2 -1 -1 -2 -1 -2 -2 -1 -1 -2 -2 -1 -2 -2 -1 -1 -1 807429803 -1 -2 -1 63154636 -2 -2
-1 -1 -2 -1 -2 -1 -2 -1 -1 -2 -2 -2 223071285 -1 -1 -1 -1 -1 -1 -1 -1 -2 -2 -1 -1 391535685 -1 -2 -2 -2 -2 -2 -1 -1 -2 -2 -1 -2 83892495 -2 952606896 -1 -1 -2 -1 -2 -1 -2 -1 -2 -2 -1 -1 -2 557003973 -1 -2 -1 -2 523840664 -2 -2 -1 -2 -2 -2 -2 -1 400620955 -1 -2 -2 -1 -2 -2 -2 -1 -2 -2 -1 -1 -1 -2 -1 -2 -2 -1 -1 -1 -2 -1 -1 -2 -1 -2 -1 333643107 3218435 -1 -2 -2 -1 -1
-1 -1 -2 -2 -1 -1 -1 -2 807987386 -2 -2 -2 -1 -2 -1 -1 -1 -1 -2 676636234 -2 -2 -2 145303082 -2 -1 -1 -2 -1 -2 -2 -2 954632000 -1 -2 -2 827326509 -1 -1 66476358 -1 -1 -2 -2 -1 -2 -1 -2 -1 904429514 -2 -2 -1 -1 727952416 -2 -1 193663587 -1 -2 -2 -2 -2 -1 53208215 -1 -2 -2 -1 -1 -2 -2 -2 -1 -2 -2 -1 -1 -1 -2 -1 -2 -2 -2 -2 -1 -2 118808100 -1 -2 -1 -1 943872972 -1 -1 -2 -2 -2 -2 -2 -2 -2 -2
-2 -2 513955047 -2 -2 -1 -2 -2 -2 -1 -1 -1 -2 -2 -1 -1 -2 -2 -1 -2 727151504 -1 -2 -2 -2 -1 -2 -1 -2 -1 -2 -1 -1 490266184 -1 252721612 -1 -2 -2 -2 -2 -2 -2 -2 -1 -1 -2 -2 -2 -2 -2 -1 -1 -2 -2 -1 -2 -2 -2 -2 -2 -2 -2 -1 -1 543021055 359432023 -2 -2 -1 -1 -2 -1 -2 -2 -2 -2 -2 -2 -2 463438375 -1 -2 -1 -1 785209075 -2 -2 -2 -2 -1 -2 538220759 -1 -2 -2 -1 -1 -1 -2 -2 -2 -1
-2 -2 -1 -1 -2 933671283 -2 -2 95639131 -1 -2 -2 -2 -2 -2 -1 -1 -2 -2 970129705 -1 -2 -2 -2 -2 -1 -1 721922928 -1 -2 191581458 -1 -2 116960944 -2 -2 -1 -2 -2 -2 -1 -1 -2 -1 -2 -2 -1 841043857 -1 -2 -1 -2 -2 -2 -2 -2 -1 -2 -2 -2 -1 -2 -1 -2 -2 -1 -2 -2 -2 -1 -1 -2 -2 -1 -1 -2 -2 -1 -2 -2 -2 -2 -2 -1 -2 -1 -1 -1 -2 652381571 -1 -1 -1 -2 -1 -2 -2 -1 -2 -2 -2 -2 657457236
-2 -2 -1 -1 -1 -2 -1 -2 -2 -2 672044296 -1 -1 -2 -2 -1 114099969 -1 -1 -2 208912770 -2 -2 -1 -1 -2 -1 -1 705898339 -1 -1 -1 -1 -1 -1 -2 -2 -2 132452428 -2 -2 -1 -1 -2 -1 -2 -2 -1 -1 -2 935256933 -1 -1 -2 -2 -2 480493459 -2 -2 -1 -2 -2 -2 -1 -1 -2 -1 -2 -1 -2 -2 -2 -1 -2 -1 -2 -1 -2 -1 -1 -1 -2 -1 -1 -1 -2 -2 465913970 -1 -2 -2 -2 653756319 -2 -2 -1 -2 -1 -2 -2 -1 -1 -1
72528406 -2 -2 -2 -1 -2 -1 444009744 -2 -1 -2 -2 -2 464840788 -2 -2 -1 -1 -2 -1 -1 -1 -1 -2 486422015 -2 -1 -2 -2 -1 -2 -2 -2 -1 -1 -2 -1 -1 -2 -1 -1 -2 -2 -1 -1 -2 -2 -1 -1 732552850 -2 535023746 -1 -1 -1 -2 -2 709840882 -1 -1 -1 252386919 -1 -2 -1 276891463 593243021 -1 467492351 -1 -1 -1 -2 -1 -2 -2 -1 -1 -1 -2 -1 492879283 -2 -1 365684458 -1 -2 -1 -1 -1 -1 -2 -2 -2 -1 -1 -2 -2 -1 219610558 112112653 -1 -1
-1 897130934 -1 -1 497587585 -2 -1 -1 -2 -1 -1 -1 -2 -2 -2 -2 -1 -2 -2 -1 -2 -1 -1 -1 -1 -2 -1 -1 -1 -2 -1 -2 -1 -2 -2 -1 -2 -1 -1 -2 -2 -1 -1 -2 -1 -2 -2 -1 -2 -1 -1 -1 -1 -2 -1 -2 -1 -2 -1 -2 -2 688210579 -2 -2 -2 -2 -2 -2 -1 -2 -1 -2 495899077 -2 -1 186330147 -1 -1 -1 -1 -1 -2 -2 -2 -1 -1 65081839 -2 -1 -1 -1 -2 -1 -1 -1 -1 -2 -2 -2 -2 -1 -2 -2
-1 -1 -1 911335376 -2 -1 -1 -1 -1 -2 -1 -1 -2 -2 -2 -1 -2 -1 -1 -2 -1 -2 -1 -2 -1 -1 -1 -1 -1 117893621 -1 -1 -1 -1 -1 330886604 -2 -1 -2 -1 -2 -2 589094032 -1 -1 -1 -1 -1 -2 -2 -1 -1 -2 -2 -1 -2 -2 -2 -2 -2 -2 -2 -1 -2 -1 -1 -2 -2 -1 -2 -2 989547884 -2 -1 -2 -2 -2 -1 -1 -1 663370125 -2 -1 -2 -1 727357646 -1 -2 -1 -2 -2 -1 -1 121396778 -2 -1 -1 983477979 -1 -2 -1 -1 -1
-2 -2 -1 -2 -2 -1 -1 -1 -1 -1 845506700 -1 -1 -1 -1 -2 -2 -2 -1 -2 -1 -1 -2 -2 -2 -2 -1 -2 -2 -2 38464639 150590320 -1 -1 -2 -2 -1 -1 -1 -2 -1 -2 612560297 -2 -1 -2 -2 -2 633685408 -2 894362082 -1 -2 -1 -2 -1 -2 -1 -2 -1 -1 -1 -1 596862979 -1 188809046 -1 -1 -2 -2 -2 690156969 -1 -1 -1 -2 -1 -1 -1 -2 -2 -1 -1 -1 -2 -2 -1 -1 -1 -1 -1 -2 -1 -2 103805676 -1 -2 -2 -1 -2 -1 -1 -2
-1 861654716 -1 -2 -1 -1 -1 -2 -2 -1 -2 -1 -1 -2 -1 64131249 -1 -2 -2 -2 -1 -1 -2 -1 -2 436451126 -2 -2 -2 -2 -2 -2 -1 -1 -2 -2 -2 99641272 -1 -2 -2 -1 -1 780984369 -2 -2 -2 -1 -2 -1 -1 -1 -2 -1 -1 -2 -2 -1 -2 -1 -2 -2 -2 -1 -1 -1 -2 -2 -1 -2 -2 -2 -2 -1 -2 -1 137868791 -1 -2 -2 -1 -2 -2 -2 -2 -1 -1 -1 -2 -1 -1 -1 -1 -2 -2 -1 -1 -1 -2 -1 -2 -2 -1
-2 -2 -2 -1 -1 -1 -2 -2 -2 -2 216223822 -2 -2 -2 -1 -1 -1 -1 -2 -1 -2 -2 -2 874440013 -1 57562646 -1 -1 -2 -1 -2 -1 -1 -2 -2 658273037 -2 -2 -2 -1 -1 -2 -2 200255475 -1 -2 -2 -1 -1 -1 -2 -1 -2 -2 -1 -1 -2 -2 -2 -2 -2 -1 -1 259600681 814325116 262864856 -2 -1 -1 -2 -2 33545840 -2 -2 -1 966321633 -2 -2 814717142 -1 -1 -2 33668213 -1 -2 -2 -1 -2 -1 -2 -1 -2 -1 -1 -1 -1 -2 -1 -1 371666229 -2 -2 -2
-2 -1 -1 -2 -2 948662760 -2 -2 -1 -2 -2 -2 802247656 -2 -1 -2 -2 -1 -2 -2 -1 -2 -1 -2 -2 -1 -2 -1 599263124 -1 -1 -2 -2 -1 -2 -1 609069410 -2 -2 -2 -2 -1 -1 -1 -2 -2 -2 -2 -1 -2 -1 -2 -2 -1 -2 -1 -1 -2 791540258 -2 -2 -2 -2 -1 -1 -2 -1 -1 -1 -2 -1 -1 -2 492854305 -1 -2 -1 -1 -2 -1 -2 -1 -1 -2 -2 -1 -1 -1 -1 -2 -2 -2 -1 -2 -2 -1 -1 524387205 -2 -2 -2 -1 -1
733045202 -1 -1 -2 -1 -1 -2 -1 -1 -2 -1 -1 -1 -1 -1 -2 -1 -2 959532189 -1 -1 -2 -1 -2 -1 -2 -2 -1 -2 -1 -1 -1 -1 -2 -2 -1 -1 -2 -2 -1 -2 -2 -2 -2 -1 -2 -2 -2 -2 -1 -2 956456889 -1 -2 -2 -2 -2 -1 -1 -2 -2 -1 -2 738262125 -2 -2 -1 -1 -1 -2 -1 -2 -1 -1 440174143 -2 -1 -2 -1 -2 -1 -1 -2 -2 -2 -1 429656521 -2 -1 -1 -2 -1 -2 -1 -2 -1 -1 -1 -1 -1 -1 -2 931837644
-1 -1 -1 -1 687462604 775888826 36588774 -1 -2 -2 -2 -2 -1 -1 -2 -2 -1 -2 -1 -1 -2 -1 -1 -2 -2 -1 -2 -1 -2 -1 -2 -1 296785972 -2 410296802 -1 -1 -2 -2 -2 254390303 -1 -2 -1 -1 177654256 907952935 -1 -1 -2 627902892 -1 -2 -1 -1 -2 -1 -1 -2 -1 -1 -2 -1 -1 -2 -2 -2 -2 -2 -1 -1 -1 -2 -2 -2 -1 -1 -1 -1 -1 -1 -2 580097233 171706752 -1 -1 -1 -2 -1 -2 -2 -1 -2 -1 -2 -1 -2 -1 -1 -1 -1 -2 75298063
721532471 -2 -2 -1 -1 -2 -2 -1 -1 -1 -2 39384665 -2 -1 -2 -1 138799340 -2 -2 -1 -1 -1 -2 -2 -2 221569 -1 -2 -1 -2 -1 -1 -2 -2 -2 -1 -2 -2 -1 -2 -1 928183928 -2 -1 -2 -1 -2 -2 -1 -1 -1 366269646 -1 -2 -2 -2 -1 -1 -2 -1 -1 -2 -2 341114031 -1 -2 685239633 -2 -2 -1 -1 -2 -1 -2 -1 -2 790762686 -1 -2 -2 -2 -1 -2 738904167 975931854 281587511 -1 -1 -2 -2 -2 -2 -1 -1 -2 -1 -2 -1 -2 -1 -2 -2 -1
136901517 -1 -2 -2 -1 -2 -2 -2 619102433 -1 -2 -1 -1 -2 -2 -2 -2 -1 -1 -1 109932487 -1 -2 -1 -2 -1 -2 -2 -1 -1 -2 -1 475267453 168351834 -1 -1 -1 -1 -2 -1 -1 -2 -1 -1 -2 -2 -1 -1 -2 -1 -1 -2 -2 -1 59141720 76842243 -1 -2 -1 -1 6239291 -2 -1 374945281 -1 -1 -1 -2 -1 -2 -1 -2 -1 -1 -1 -1 480915082 -2 -1 -2 -2 -2 -1 -2 -1 -2 92784429 212870095 -1 -2 -2 -2 -2 -2 -1 -2 -2 -1 -2 -1 -1 -2 -1
-1 -2 -1 81233490 -1 -2 -1 -2 -1 -1 -2 995978707 -1 -1 -2 -1 -2 -1 -2 -1 -2 -1 -1 -2 -2 313000259 -2 -1 -1 -1 -2 -2 -1 -2 -2 -1 -2 -1 -2 -1 516673118 -1 -1 -1 -2 -2 -1 -1 -1 -2 -2 -1 -2 -2 -1 -2 -1 -2 -1 -1 -1 -1 -2 -1 -2 -1 313823663 -2 -1 -2 -2 -2 -2 -1 -1 -1 -2 -2 -1 -2 -2 -1 -2 -2 -1 -1 -2 -1 -2 -1 -1 521221667 -1 -1 -1 -2 -1 -2 -2 -1 -1 -1 -2
-1 -1 -1 -2 -2 -1 -1 113114431 -2 -1 -1 -2 -1 -1 -2 -2 -1 -2 -1 -2 -2 -1 374436859 -2 -1 -2 -2 -2 -1 -2 -2 -2 -2 -1 -2 -2 -2 -1 -2 -1 -1 -1 881203460 -2 -2 -1 -2 -2 -1 -2 -1 -1 291179421 -2 -1 -2 -1 -2 -2 -2 -1 415948385 -2 -2 -1 -1 -1 -1 -1 27317781 -1 -2 -1 -1 -2 -1 -2 -2 -1 -1 -2 -1 -1 -1 -1 -2 -2 -2 -2 -2 -2 411619189 -2 -2 559467793 -2 120659762 -2 -2 -2 915315486 -2 941683100
534651000 -1 -1 -2 -1 -1 -2 -2 453740206 -2 -2 -2 -1 -1 143533514 52943226 -1 567321429 -1 -1 -1 -1 -2 -2 300076616 -2 -2 -2 -1 -2 503932221 -2 -1 378956805 -1 -1 -1 -1 -2 -1 -1 -1 -2 44276247 590913314 -2 -2 -2 -1 -1 617715634 424801510 -1 -1 -1 -1 -1 -2 -2 -1 -2 -1 -2 -2 -2 -1 -1 -1 -1 -1 -2 -1 510101195 -2 -2 -2 -2 -1 -1 -2 -1 -1 26972204 -2 919270912 -2 -1 -1 356725493 -1 -2 -2 -1 -2 -1 446277505 -1 -2 -1 -1 -2 -1 -2
-1 -2 -2 -2 -1 -1 -2 -1 -1 -1 -2 -1 -2 -2 -2 -1 -1 -1 -2 570750995 -2 -2 -2 -1 -1 -2 -1 -2 -2 -2 -2 -1 -1 -1 -1 -2 -1 -2 -1 -1 -1 -2 -2 -2 -1 -2 -2 -2 -1 -1 -1 -2 -2 -2 -1 208715581 -1 -2 -2 -1 -2 -1 721362097 -1 -1 -1 -1 -1 -1 -1 364669536 -2 -1 -1 -2 -2 -1 -1 -1 -2 -2 -1 668385541 -1 124138709 439822184 557608477 -2 -2 -2 -2 888125538 -2 -2 -1 -1 -2 -1 928211487 -1 -1 -2 -2
-2 -2 -1 -2 -1 -1 -2 -2 -1 -1 977064902 -2 -1 -1 -2 714599 -2 -1 -2 -2 -1 -2 -2 -1 -2 -1 193941889 -2 -1 -2 -2 -2 -1 -2 -2 -1 -2 -1 -1 -2 -2 -1 -2 -2 -1 -1 -1 -2 -1 -2 -1 -1 -1 -1 -2 -1 -1 -2 -2 -2 -2 -1 -2 -2 -1 -2 -1 -2 -1 -1 -2 -2 -1 -2 -1 -1 -2 -2 -1 -2 -2 -2 -1 -1 -1 -1 -2 -1 -2 -1 -2 838409285 -1 -1 367423267 -2 -1 -2 -1 -1 -2 -2 -2
-1 -1 -1 -1 -1 -2 214911076 -1 -2 -2 -2 -1 -2 -1 -1 -2 -1 -2 -1 -1 -2 -1 -2 -1 -2 -1 -1 -2 -1 -1 -2 -1 -2 -1 530715794 -2 115323296 -2 -2 820413896 -1 -2 -2 -1 -1 190776993 477091456 -1 -2 -1 898160782 -2 -1 328067589 -1 -2 -2 163210809 -1 -1 -2 -1 -1 -1 -1 -2 -2 -1 -1 -2 274930304 -1 -2 -1 -2 -2 -1 -2 -2 -1 -2 -1 -2 -2 -2 -2 -1 -2 -2 -2 -2 -1 -1 -2 -2 -1 -1 -1 -2 -2 -2 -2 -2
392685017 230812287 -2 -2 -2 -1 -1 -1 -1 758017687 138609637 -1 -1 -2 -2 -1 378588989 -1 -2 -2 -2 113584216 -2 -1 -2 -2 367766792 -2 -2 -2 -2 -2 -1 -1 -2 -1 -1 -2 -1 -2 33070846 -2 -1 -2 563292019 -2 -1 -2 -1 312130754 -2 -1 -2 -2 -1 139601239 -1 -2 -1 -1 64260488 -2 -1 -1 -1 -1 -2 -1 150421478 -2 168824517 -1 -2 -2 -1 -1 -1 722184498 -1 -1 -1 -1 -1 -2 -1 -2 -2 -1 -2 -1 -2 -2 -1 -1 -2 44371290 -1 -1 -2 -1 -2 -2 478742979
-1 -1 -2 -1 -2 -1 -1 -2 -2 -2 655379708 -1 909302119 -1 -2 -2 -1 -1 -2 -1 -1 -1 -2 -1 -1 -2 66983087 -2 -2 -1 -2 -2 -1 -2 -1 -1 -2 -2 -1 475824992 -1 -2 -1 -1 -2 -1 -1 -1 -1 -2 -2 -2 594751216 269731375 -2 -2 398210836 -1 -2 -2 -1 -1 -1 -1 -2 -1 -2 -1 -2 -2 -1 -2 -2 -1 -1 -1 -1 -2 -2 -2 -1 -2 -1 -2 -2 -1 -1 -1 -1 -1 -2 -1 -1 -2 -2 -1 -1 -2 -2 -1 -1 -1 521935579
-2 720150520 -1 489324405 -1 -2 -2 -1 -1 -2 -1 -1 -1 -1 595636912 20579721 -2 -2 -1 -2 -2 -1 443523878 -1 -1 -2 -1 -2 -2 -2 -1 -2 351538104 -2 -1 -1 -2 166620387 -2 -2 -1 -1 -1 -1 -2 -2 -1 -1 -2 -1 -1 784468818 -1 -2 -2 -2 -1 -2 -2 -1 -2 921301533 -2 -2 -1 -1 -1 -2 -2 -1 -2 -2 -2 -1 919113700 -1 -1 -2 -2 -1 -1 -2 72730196 -1 -1 -1 -2 -1 260565612 -1 -2 -1 -2 -2 -2 -2 -2 -1 -2 -2 -1 -2 -2
-1 -1 -1 -1 -2 -2 -2 -2 -1 -2 -1 -1 -1 -2 -1 -2 -2 -1 653937353 -1 -1 -1 -2 108481297 -2 -1 -1 -2 -1 -1 -2 -1 -2 -1 -1 -1 -1 -2 134919130 -2 -2 -2 -2 -2 -1 -2 -2 -1 -1 -2 -1 -1 -2 -2 -1 -1 -1 -2 -2 -1 -1 -2 544830793 -2 -1 19019785 -1 -1 -1 -1 -2 43262674 -1 -1 -1 -1 -2 -2 -2 -2 121781643 -1 -1 -1 -1 -2 -2 -1 -2 -1 -1 -2 -1 -2 -2 -2 -1 -2 -2 -1 -2 147096416 -1
-1 -2 -1 -2 -1 -2 -1 -2 -2 -1 983675420 -1 -2 -2 -2 -1 -2 49313615 -1 312909951 -2 -2 -1 -2 -1 -2 -2 -1 -1 -1 -1 -1 -2 -2 -1 -2 -1 -2 -2 -1 -2 980272415 -1 -2 989277486 -2 -1 -1 -2 831631921 -2 -2 597862788 -2 -1 -2 -1 -1 -2 -1 154310503 -2 -1 -2 -1 -1 -1 -1 -1 -2 -2 374907548 -1 -2 -2 -2 -1 -1 -2 -2 -2 -2 -1 -1 -1 -1 133684573 -2 -1 -1 -2 -2 -1 -1 -2 206108893 -1 -2 -1 -1 -2 113260729 -2
-2 -1 -1 -1 -2 -2 -1 -2 823718047 -2 -2 820476192 -2 -2 -1 -1 -2 -1 -2 -1 -2 401938033 92940148 -1 -1 121893106 -1 -2 -1 -2 -1 -2 -2 -2 -2 778270782 -1 -1 -1 -1 -1 537167258 -1 -1 -1 -1 -1 -1 -2 -1 -2 -2 -1 -2 -1 -1 -1 -1 242567271 958701629 -1 -2 -2 -1 325544472 -2 -2 -1 -2 -1 -2 -2 301782691 -1 -2 -1 -1 -1 -1 -2 -1 -2 -1 -1 -2 -1 -1 -2 -2 -2 -2 781066543 -1 -1 -2 -2 110519689 -2 -1 -1 -2 -1 -2
-1 -2 -2 -2 938015140 -2 -2 -1 -1 -1 -1 -1 -2 -2 -1 -1 247912493 -2 -1 -2 -2 -1 -2 -2 -1 67828710 -1 -1 -1 -2 -1 -2 -2 -1 -2 -1 -2 -1 -1 -2 -1 -2 -1 -2 -2 -1 -2 -2 352816958 -1 -2 -1 -2 -1 283247314 -2 -2 -2 -2 -2 849115397 -2 281209870 -2 -2 -1 -1 -2 880201010 -1 -2 -1 -2 50338608 -2 -1 -1 -2 -1 -2 -2 -2 -2 -1 -1 -1 -2 -2 -2 -2 -2 -2 -1 -1 -1 -1 -1 -2 -2 -2 -1 -2 -2
901019208 -2 -2 320190898 -2 -1 -2 -2 -1 -2 392778504 -2 -1 -1 -1 -2 -1 -1 122581370 -2 232566665 -2 -2 -1 -1 -1 -1 -2 -2 -1 -2 -2 -2 -2 -2 608414895 513595816 -2 -2 -2 964087013 -2 -1 -1 -1 967007107 -2 813883225 -2 -2 -1 656839812 -2 -1 -2 -2 239457705 -2 -1 -1 -1 -2 -1 -1 -2 -2 -1 -1 -2 -2 -2 -1 -1 5978615 -1 -2 -1 -1 -2 -1 -2 -1 -2 -1 -1 -1 -1 -2 -1 -2 -1 -2 -1 -1 -1 -2 -2 -2 -2 -1 -2 -2 -2
657809976 -1 -2 -1 -2 -1 -2 -1 -1 -2 -2 669978019 -2 -1 -1 -1 -2 -1 378885296 -1 -2 -2 -2 -2 -2 -2 -2 -1 -2 -2 -1 -1 -2 -2 -2 -2 -2 -1 -1 -2 -1 -2 665889536 -1 -1 979883303 -2 -1 -2 -2 -1 -1 -2 -2 -2 -1 -1 -1 -2 -2 96631784 -2 -2 -1 -2 -2 -1 -2 -1 -1 -2 -1 -2 -2 -1 -2 -2 -2 -2 -2 -2 -1 -2 -1 -2 -2 -1 972178267 -1 -2 -2 -1 -2 455060505 -1 -2 -1 -2 -2 -1 -2 -1 402810146
-1 -2 294940946 -2 -1 -1 -2 -1 -2 -2 -2 -2 -2 -1 833146435 -1 -1 -1 -1 73203265 -2 -1 -2 -2 -2 -2 -1 388599955 495507993 180355246 -2 -2 -1 -1 -2 -1 -2 -2 -2 -1 -1 -1 56652648 -2 -2 -1 -1 523450057 -1 -2 -1 -1 -2 -1 -1 -1 -2 -1 -2 -2 -2 -2 566298188 -2 -1 197564814 -2 -2 -1 238664861 -1 -2 -2 -2 -2 8836473 -2 -2 -2 -2 -1 -2 -1 -1 -2 -1 -1 -2 -2 -1 -2 -2 -2 98082146 162164678 -1 -1 -1 967230732 -2 -1 -1 -2
-2 -2 -2 -1 -1 -1 -2 213163942 -1 -2 -2 63493752 808518343 -2 -1 -2 -1 -1 780166595 -1 -1 -1 -2 -2 96931894 -2 140707924 -2 -1 -2 -2 440525073 -2 -2 818998380 -2 -2 -1 -2 -2 -1 -1 -2 -2 -2 -2 -2 -1 -2 -2 -1 -2 -2 -1 -1 -2 -1 -2 -2 -2 -1 -2 -1 -1 -2 -1 -2 -2 -2 -1 -1 -2 -1 432218830 -2 -1 -1 -2 -1 -1 -2 -1 -1 -1 -2 -1 -2 -2 748261631 -2 -1 -2 -2 -2 -2 -2 -1 -1 -2 -2 641847795 598865322 -1
-2 -2 -2 -2 -1 -1 -2 -1 -2 -2 -1 221722938 -1 -2 -1 -1 -2 -2 -1 -1 -1 -1 -1 -2 -2 -2 -2 -2 -1 -2 -2 -1 -1 -1 -2 -2 -2 -2 -1 -2 -1 -1 -1 -2 -2 -2 -2 -2 -2 -2 -1 -2 -2 -2 -2 -1 -2 -2 -1 -2 -1 -1 -1 -2 -2 -1 -1 -2 -1 180833863 -1 -2 -2 -2 -2 -2 -1 -2 -1 -1 -2 436659303 -1 133456614 -1 33417872 -1 -2 862001959 -1 -1 -1 -2 -2 -1 -2 -2 -2 -1 -1 450911696 -2 -2
838731892 -2 -2 -2 -1 -1 -2 -1 -1 -1 -2 -1 -1 430768690 -1 -1 -2 -1 -1 -2 -1 855309436 -1 -2 -2 -1 -2 -2 -2 -2 -2 -1 -2 -2 -1 -2 -1 -1 -2 -1 -1 -1 -2 162944943 -1 -2 -1 -1 -1 -1 -1 -2 -2 -1 -1 55688756 -1 -2 -1 -1 -1 -2 -2 -1 70815632 -2 -2 -1 -1 -1 -2 -2 -1 -2 -1 561422290 -1 -1 -1 -2 -1 -2 745329120 -2 -1 -2 -2 -2 -2 -1 -2 -2 -1 234708007 -2 -1 -2 -2 -2 -1 -1 -1 -2
-1 -2 -1 -2 -2 -1 -1 -2 -2 -2 -1 -1 -2 -2 -2 727363071 -1 -1 -1 -1 -1 -2 -1 -2 -2 -1 -2 -2 -2 -1 -2 -2 234411145 -1 -2 -1 -1 -2 -2 -2 -2 936349236 -2 -2 -1 -2 -2 -2 -2 -2 -2 614697602 -2 732498599 -1 -2 -1 879788746 -2 -2 -1 -1 -1 -2 -2 -2 -1 -1 -2 -2 -1 -2 -2 -2 -1 -2 -2 -2 -1 -2 -2 -2 -1 -2 -1 -2 -1 -2 -2 -1 -1 -1 -1 -1 -1 413296848 -1 -1 -1 -2 -2 -2 -2
-1 -2 682620901 -2 -1 -1 -2 114907373 -1 -2 -2 -1 -1 -1 -1 -1 503204522 -2 95531048 84291159 -2 -1 -2 -2 -1 -1 -2 -1 -2 -1 -1 -2 -2 -1 -1 -2 -1 -1 -2 -2 -1 -1 -1 -1 -2 -1 -1 1935395 -2 -1 -1 -2 -2 738671426 -2 -1 -2 -2 -1 -2 -1 -2 -1 973662618 -2 -2 -1 -1 -1 -2 -2 -2 188436958 416795282 -2 -1 -1 794000384 -1 -1 -2 -1 -2 -1 -1 -1 -2 -1 -2 -2 -1 -1 -2 -2 -1 -2 -2 -2 719311237 -2 -2 -2 -1
-1 -2 -2 -1 417275392 -2 -1 -1 -1 -2 -2 -1 -2 -1 -2 -1 -1 -2 -1 -2 -2 -2 -1 -2 -1 -1 -2 -1 -1 -2 -2 -1 -2 -2 -2 -2 -2 -2 6725688 -2 -1 -1 85458293 -2 -1 -2 -2 -1 -2 -2 -1 -1 -2 -1 44918796 154391411 -1 -2 -1 -1 -2 -1 -2 -2 -1 -1 -2 -2 -1 -1 -1 -1 -2 -1 -2 -2 -1 -2 -2 -1 -1 529398606 -2 -2 35065968 -1 523457626 -1 320355602 -1 -1 -2 -2 -1 -1 -1 -1 -1 -2 -1 -2 -1 -2
-2 -1 -1 -1 513862029 -1 -2 -2 -2 -1 -2 -1 -2 -2 -2 -1 -1 -2 -1 -2 567004435 -1 -2 -2 -1 -2 -1 -2 -2 -2 -1 -2 -1 -2 -2 -2 -2 -2 -1 -1 -2 -1 -1 -1 -1 -2 -2 -2 -2 -2 -2 -1 -1 -2 -2 6900488 -2 -2 -1 -2 -1 512443111 -2 -1 995171338 -2 -1 -1 -1 -1 -1 303170688 -2 -1 -1 -1 -1 -1 -1 -1 -2 369129818 712423889 -2 -2 285732988 -1 -1 -2 -1 -1 -2 -2 318486265 -1 -2 -2 -2 -1 -2 113107482 -1 -2
-1 -1 -2 -2 -2 -1 -1 -1 -1 -2 -1 -1 617868119 -1 -1 459760680 -2 597744088 -2 -2 -1 -1 7162921 -1 -1 -2 -1 464546781 -1 -1 -2 -2 -1 -1 -2 -2 -2 -1 -2 656602818 -2 94682532 -1 -1 702194771 -2 -2 -1 -2 -2 -2 -1 -2 -1 -2 -2 -1 -1 -2 -2 -1 -1 -2 -2 -1 -2 529070872 -1 925434720 -1 -2 -2 -1 -2 -2 -2 -2 -1 -2 -2 120053624 -2 -2 878186518 -1 -2 -2 -1 -2 -1 931972677 472340009 -2 -1 -1 -2 -1 -1 -2 -1 -1 478756516 -2
-1 -1 -2 -2 -1 -1 -2 -2 -2 -1 -1 -2 286861710 -1 -1 -1 -1 -2 -1 -1 -2 -2 -1 -1 -1 598192962 -2 -1 847755432 -2 -2 -2 975619028 -1 -2 -1 -1 -2 -1 -1 -1 -2 -2 -2 -2 -2 -2 -2 -2 -2 -2 -2 -2 -1 -2 -2 -1 -2 -2 -1 -1 -1 -2 -1 -2 -1 -2 -2 213975988 -1 180630225 -2 -1 -2 -1 -1 -2 -2 -2 -2 -1 -2 -1 -2 -2 -2 -1 -2 -1 -1 -1 -1 -1 254949469 516544398 -1 -2 -1 -2 -2 -2 -1 -2
-2 -1 -2 -2 -1 -1 -1 216012408 -1 -2 -2 -2 -2 -1 -2 -2 -1 -1 -1 -1 -2 -2 -1 -2 -2 -1 -1 -1 -1 580738737 -2 -2 -1 -2 -2 -2 -1 -2 -2 -2 -2 -2 -2 984058000 -2 -2 -1 -2 -1 -1 -2 -2 704541413 -1 -2 -1 -2 -1 -2 -2 -2 219857214 -2 464727481 -1 -1 -1 433547658 -1 -2 -1 -1 -1 389337251 -1 -2 -1 -1 -2 -1 -1 563944108 -1 -1 -2 -1 -1 -1 -2 -2 -1 -2 -2 -1 -2 -2 -2 -1 -2 -2 -2 -1 -2
-1 -2 -1 -1 -1 928254009 -1 -1 -1 -2 -1 755458953 -2 -1 -2 -1 -2 -2 -2 -2 -2 -2 -2 -1 -1 -1 -1 -2 -1 -2 -2 -1 -2 -2 -1 -1 -2 -1 -1 915466283 116271844 -1 -1 -1 -2 -1 517203324 864189533 -2 -1 -1 -2 -1 -1 -1 -1 -2 -1 -1 -1 -2 -2 -1 -1 -2 -2 -2 -2 -1 -1 -2 -2 486304191 -2 -2 -2 -1 -1 -1 -1 -1 -1 -1 -1 -2 -2 -1 -2 -2 -2 -2 517744872 -2 -1 -1 300126225 -2 -1 -2 -2 -2 -1 -1
-1 -2 710876590 -2 -2 520936089 -1 -2 -1 895498824 -2 -2 -1 -2 -1 64300750 -1 -1 -2 758490710 -2 -2 -2 363987300 -1 -1 351027919 -1 -2 -2 -2 -2 -2 -2 -1 -2 -2 -2 -2 -2 -1 203320525 -2 140013701 -2 -1 -2 -2 -2 -2 -2 139039118 -2 -1 -1 -2 -1 342731466 -2 -2 -2 -2 -2 606875014 44910427 -2 -2 -2 -1 -1 -1 -1 -2 -2 119092306 -2 -2 -2 856853314 -1 -1 -1 -2 -1 -1 -1 -1 -1 -2 -2 606109356 438699060 -1 -2 -1 540125358 -2 -2 -2 799417122 -1 -1 -2
-2 -1 -1 -2 235792405 -1 -1 -1 -2 -2 -2 -1 -1 -1 -1 -1 -1 -2 -1 -1 994465218 -1 984930397 924898298 -2 -1 -1 -2 -2 -1 -1 -2 -1 -2 -2 -2 -1 656064256 -1 -1 -1 -2 444620767 -1 -1 -1 -1 -1 -2 -2 -2 -2 -2 -1 -2 -1 -1 -2 -1 -2 -2 -2 359312925 -1 -1 -1 -2 -2 -2 -2 -2 -2 -2 -1 -2 -2 -2 376851882 -1 -1 -1 -1 -2 -2 -2 94576270 -2 -1 -2 -1 -2 619460088 -1 -2 -1 -2 -1 -2 256974106 -1 343405444 159817132 -2
-1 -2 -1 -1 -1 -1 -2 -1 -1 -1 -2 -1 -2 -2 -2 -2 -1 -1 -1 258020529 -1 -1 -2 -1 -2 -1 -2 -1 -1 -2 -1 -1 -1 -2 -2 -1 -1 -2 -2 939504165 -2 -2 -2 -1 -2 -1 -2 -1 -1 -2 -1 -2 -2 -2 -2 -2 -2 -1 173830660 441032404 -1 -1 -1 -2 -1 -1 -2 -1 -2 -1 -1 -2 -1 9280392 815931638 -2 -1 -2 -2 -1 -2 -1 -2 -1 -1 -2 -2 -1 -2 -1 -2 -1 -1 -1 -2 -1 -1 425739435 -2 -2 -1 -1 -2
-2 -2 -2 -2 -2 -1 -1 -1 -1 -2 -1 962198728 -2 -2 -2 -1 -1 -1 -2 -2 -2 -1 -2 -1 -1 -1 -2 -2 -1 -2 -2 -2 -2 242429480 -1 -2 -1 -2 -1 -2 -2 -2 -2 -2 111401389 -1 -2 -1 -2 -2 -2 -1 -1 -2 -2 -2 -1 -1 -1 -2 -2 -1 -1 -1 -1 -1 -2 -1 -2 -2 223261159 -2 -2 -1 -2 -1 -2 -2 520909281 -2 -1 -1 -2 -2 -1 -1 -2 -1 12425044 -1 -1 -1 -2 -2 -1 -2 -1 -1 -1 -1 -2 -2 -2
-1 -2 556256842 -2 -1 -2 -1 -2 -1 -2 -2 -2 -2 -1 -1 -1 -2 -2 -1 -1 -1 -2 -2 -2 -2 -1 -1 -1 -2 -1 -2 -1 -1 471367134 450420636 -2 -2 -1 -1 -1 -1 -1 -1 -2 -1 -1 -2 -1 -2 -2 -2 995595257 -1 -2 -2 -1 -2 -1 -2 -1 913644490 -2 -1 -1 -2 -2 -2 -1 -2 -2 -2 -2 -1 -1 -1 -1 -1 -2 -1 -2 -2 -2 -1 -1 -2 -1 -1 -2 -1 -2 -1 -1 449777805 -1 -1 -1 -1 -2 -2 -1 -1 -1 -1
-1 -2 120122561 -2 -2 -2 716232897 -1 213460464 -2 -2 -2 507533093 -2 -1 -2 569153563 -1 -2 -1 -2 -1 -1 -1 535454706 -1 -2 -2 -1 -2 -2 -1 -2 -2 -2 -2 -1 -1 -1 -2 -1 -2 -1 -2 -1 -1 -1 -1 199233062 -1 9476912 -1 -2 -1 -2 19542832 -2 -2 -2 -1 -2 -1 -2 -2 -1 -2 71473963 -1 -2 -2 -1 -1 -2 -2 -2 -1 637659509 -1 -2 -2 -1 -1 -2 -1 -2 -1 -2 673777149 -1 46184990 -1 -2 -2 765679072 -2 -1 -1 -2 -1 -1 -1 -2 -1
-2 -1 -1 -1 -2 -1 231870605 -1 -1 -1 161292197 -2 -2 -2 -2 -1 -1 -2 528129608 -1 -1 -1 -1 -2 -2 -1 -2 -2 -1 -1 -2 -1 866787467 428203301 -1 -2 -2 -2 -2 -2 493455814 -1 -1 -2 -1 -1 -2 -1 -1 -1 -2 -2 -2 -2 -1 -1 -1 -2 -1 -2 -1 -2 -2 -1 -2 -1 -2 -2 -1 -2 -2 -2 -2 51668347 -1 -2 -2 -1 877369127 -1 -2 -2 -2 -1 -2 -1 -1 -1 -1 -2 -1 60484370 -1 -2 -2 150737545 864570968 -2 -1 -1 -2 -2 -1
-1 -2 -1 -1 -2 -2 -2 -2 -1 -2 653728356 -2 -1 -2 -2 -1 324024511 -2 -1 -2 -1 -2 101458056 -1 37724611 -2 -1 -2 -2 -1 -1 -1 -2 -2 -2 -2 -2 -1 -1 -2 -1 -2 -1 -1 -2 -1 -2 -2 -2 -2 -1 668815258 840151493 -2 -1 -1 -1 -2 -2 -2 -2 -2 -2 -1 601147622 -2 -2 -1 -2 378357466 440434346 -2 -1 925257978 -1 -2 -1 -1 -2 -1 -1 -1 -2 -1 -2 -2 308446619 357908553 -1 -2 -2 -1 -1 -2 -2 -2 -1 -2 -1 -1 -1 -1 -1
-1 -2 630450740 -2 -2 -1 -2 -2 -1 -2 -1 -2 -1 -1 -2 -2 -1 -2 -2 -1 -2 343023055 -2 -1 -2 -2 -2 -2 -2 -1 -2 -2 -1 -1 -1 -1 -2 -1 -1 -1 -2 -1 -1 -2 -1 -2 -2 -1 -2 -1 -1 -2 -1 -1 -1 -2 -1 -2 -2 -2 -2 -2 -2 -1 -1 -1 -2 -2 -2 -1 -1 -1 -1 -1 -2 -2 -1 -1 -1 645153176 -2 -1 -2 -2 -1 -1 -1 -2 860845554 -1 -2 -1 -2 -2 -1 -2 -1 -2 -1 -2 -1 -1 -2
-1 -1 -1 -1 -1 -1 -1 -1 -1 -2 -1 -2 -2 -2 -2 -1 -1 -1 -1 -1 -2 -1 -2 -1 -1 -1 -1 -2 -1 -2 375631337 -2 -1 -2 -2 -2 -2 -1 -1 -1 -2 -1 -2 215483058 -2 4294419 -1 -1 641394453 -1 -2 -1 490632654 -2 -2 -2 -1 -1 -1 -2 -1 -1 -1 -2 -1 -1 -1 -1 -1 -1 -1 -1 -1 -1 920961755 -1 -1 -2 -1 -2 -2 -1 -1 -2 -1 -1 -2 -2 506323898 -1 -2 -2 -1 -2 -2 -2 -2 -1 644465018 -1 641431521 -1 -1
-1 -2 -2 -2 -2 -2 -2 -2 -2 -1 -2 -2 -2 -1 -2 -2 -1 -1 784955130 -2 -2 -2 -1 -1 -2 -1 -1 -1 -1 -2 -2 -1 -1 -2 -1 -2 -1 -2 -2 154364998 -1 -1 -2 -2 -2 -2 -1 -2 -1 -1 -1 -1 -2 -1 611564651 -2 -1 -1 -2 -1 -1 -2 -1 499440861 -2 -2 -1 -2 -1 808317891 378373514 -2 -2 -2 -1 -1 -1 -2 -2 49679069 -2 -2 -2 -2 -2 -2 -1 833137641 -2 -1 -1 -2 -2 -1 -2 -1 -1 -1 -2 -1 -2 -2 -1
-2 -2 -2 -2 -2 -2 -1 -2 -1 685745581 -1 -2 -1 -2 -1 -1 -2 -2 -1 -2 -1 -2 -2 114880334 -1 -1 -1 -1 -1 -1 -1 -1 -2 -1 -1 -1 -1 -2 -2 205108667 -2 -1 -2 -1 350575813 -2 -2 -2 -2 633781418 -2 -1 -2 -1 -2 692579899 -2 -2 -2 -1 -2 -1 -1 -1 -1 -2 -2 278542381 -1 -2 -2 -2 -1 -2 -1 -1 -1 -2 -2 -2 -2 -1 -2 -2 703906070 -1 755330826 -2 -2 -2 -2 -1 -1 -2 -2 -2 -2 901870147 -1 -1 -1 -1 -1
-1 -2 -1 -1 -2 -1 -1 -1 -2 -1 -1 -1 -2 -2 -2 -1 15448426 -2 -1 -1 -2 -1 -1 -1 -2 -1 -1 -1 654307148 -1 -1 -2 -2 -1 -2 -1 -2 -1 -2 -1 -2 -2 -1 -2 -2 21635784 -2 -2 -2 -2 122359515 -1 -1 -1 -2 -2 -2 -1 -2 -1 -1 -2 -1 -1 769967882 -2 -1 -1 -2 -1 547598835 479274546 -1 -2 -1 -2 -1 -2 -1 -1 -1 -2 -2 -1 -2 -1 -2 921361142 -2 -1 -2 -1 -1 -1 712190886 -1 -1 -1 -1 -1 -1 105025201 -1
-1 -2 -2 -2 -2 -2 -2 -1 -1 -2 -2 -1 -2 -1 -2 190052088 -2 -2 -2 -1 882323044 -2 -1 -1 -1 -2 422331181 -2 -2 -1 -1 616499955 -1 -1 -1 -1 -1 -1 -2 -1 -2 -2 -1 -1 -1 -1 -2 -2 -1 -2 -2 984652839 -2 -2 -2 -1 -2 -1 -2 786255017 -1 -1 -1 -2 -2 -2 -2 255774762 979949976 -2 -1 -1 107331753 -1 -2 -2 -2 -2 -2 -1 -2 -2 -1 -2 -1 -1 -2 -1 -2 -1 -1 -2 -1 -1 -2 -1 -2 -1 -1 808893524 -1 -2 897805101
-1 -2 -2 -1 -1 -2 488845043 -1 -2 -1 -2 394902243 -1 -2 -2 -1 -1 -1 -2 -1 -2 -1 -1 -2 -1 274596848 -1 3895090 -1 -1 -1 -2 -2 -2 -1 -1 -2 -1 109557919 -2 -1 -2 -2 -2 3087214 -2 -2 -2 -1 -2 -2 -1 -1 -1 -1 -1 -2 -2 -1 -2 -2 -2 -1 -2 -2 -2 -2 -2 -1 -1 -1 -2 -2 -2 -1 -2 -1 -2 -1 -1 -1 -2 -1 -2 -2 -2 -2 -1 -1 769740917 -2 -1 -1 -1 -1 -2 -1 -2 665815639 -1 -1 -2 60166858
-1 -2 -2 -1 -2 -2 -1 -2 -2 -1 -2 -1 -2 -1 -2 -1 -2 -1 -2 -1 -2 -2 -1 -1 -1 -2 -2 -1 -1 -1 475955241 -1 -1 -1 -1 -1 -2 -1 -1 177904515 -2 -1 -1 -2 379211022 -1 -1 -2 -2 -1 -2 179048315 -2 -1 -1 313218778 -2 -2 -1 130299699 -1 -1 -2 -2 -1 713647603 -1 -2 -2 -1 26222410 -2 -1 -1 -1 -1 -1 -1 -1 -1 -2 -1 -1 -2 57145701 -2 -2 -1 -1 -2 -1 -2 -1 -1 -1 -2 -2 -1 -1 -2 -2 -1 -1
-2 -2 -2 -1 -1 -1 -2 -1 -1 -1 25840083 -2 354692503 -1 -1 465268909 -2 -2 -1 -1 -1 -1 -2 -2 -2 -2 -1 5385248 311086891 -2 -1 -1 -2 -1 -1 -2 -2 -2 -2 -2 -1 -2 -2 -2 786830484 93019689 618456937 191375634 -1 -2 -2 -1 927182015 -1 -2 -2 -1 -2 -1 -1 -1 -2 -1 -2 -1 -1 -2 -1 -2 -2 -1 -2 -2 -2 -1 -1 -2 -1 -1 -2 -1 -2 -1 -2 -2 -1 -2 -2 -1 -2 -1 -1 -1 -2 -2 -2 -1 -1 -2 -1 -1 -1 -1
-1 -2 -2 927964551 -1 -1 -2 -2 -1 -2 -2 -2 -2 -2 -1 -1 -2 343208043 -1 -2 -1 990173990 -2 -1 -1 -2 -2 -2 -1 -2 298954880 -1 910914234 134916245 -2 -2 -2 -2 -2 -1 -2 -1 -1 -1 -2 -2 -1 -2 -1 -2 -1 350717250 -2 -1 -1 -2 41480350 53135399 -2 -2 -2 -1 -1 -1 -1 -2 -2 -2 -1 -1 -1 -1 -2 -2 -1 -1 -1 617457971 -2 -2 -1 -1 -2 -1 -2 -2 -1 -2 -1 -2 -2 505246513 -2 -2 -1 763024268 -2 -1 -2 -1 -2 -1 -1
-2 -1 -1 -1 -1 -2 31373488 82736887 -2 -1 -1 -2 -1 -1 -1 -1 -1 -2 -2 -1 707646401 -2 -2 373241453 -2 -2 -2 -1 -2 -2 675093643 -1 -2 -1 -2 -1 -2 749763216 444342783 -1 -2 -2 -1 -2 490164007 -2 -2 -2 -1 -2 -2 -1 -1 -1 -2 -2 -2 -2 -2 -1 13881504 -1 -2 -1 38767711 -1 -2 -2 246105503 -2 907579050 -2 -2 11994746 -2 -1 -2 -2 -2 -2 -2 -1 -2 -1 -2 44001262 765562686 -1 -2 -1 -2 -1 -2 -1 887713436 -2 -2 -2 -2 -1 -2 -2 -2
-1 -1 -2 -2 -2 -1 -1 -2 -2 -2 -1 -1 -2 -2 -1 -1 -2 -1 -1 -2 -1 -2 -1 -1 -2 -1 -2 574352216 -1 -1 -1 -2 -2 -1 -1 -1 -2 -1 -1 -2 -2 -2 414124217 -2 -2 -1 78528505 -1 691531133 -2 -2 -1 -2 -1 -2 -2 -2 -2 -1 -2 -2 -1 -1 -2 -2 -2 -1 -2 -1 -2 -1 -2 -2 233662951 -2 -2 -1 -1 -1 -2 -1 -1 -1 -1 -2 -1 -2 -1 -1 -2 -1 364790939 -2 -2 -2 -2 -2 -2 -1 598721766 -1 -1 -1
-2 -2 -1 -2 -2 -1 -1 -2 -2 -2 -2 -1 -2 -2 -1 -1 -2 -2 -2 -1 -1 -1 -1 -1 -1 -2 -2 -2 -1 -2 -1 417961831 -1 371545281 -1 -2 313929974 -2 -2 -1 -1 441044331 -2 -2 -1 -1 -1 73647145 -2 -2 -2 852792969 -2 229574555 -1 285390030 -2 -1 -1 -1 -2 -2 -1 -2 -2 -2 -1 -2 -2 -2 -1 -1 -1 -1 -1 -1 739248411 -2 -2 -2 -1 -2 -2 -1 -1 -2 -2 -2 -1 -2 -1 492657911 -1 -1 -2 -1 -2 -2 -2 -1 -2 -2 -2
-2 -2 -1 -1 -1 -2 -2 -1 -1 -2 -1 741118374 742438353 -2 -2 -2 -2 146920715 -2 -2 -1 -2 -2 -1 -2 -1 -1 -1 -1 -1 542618770 -1 -2 -2 -1 -1 -1 -2 -1 -1 -2 995819466 -1 -2 -2 -1 -1 -1 -1 -1 -2 -1 -2 -2 -1 -1 -1 -1 -1 -1 -2 -2 -1 -1 -1 -2 -2 348966741 -2 -2 -1 -1 -1 -1 -2 970994699 -1 -2 -2 -2 181157563 -1 -2 -1 -1 -2 515766984 -1 263883966 -1 -2 -1 -2 -1 -2 -2 -1 -1 -1 -1 -1 -2 -1
735702509 -1 -2 -1 -2 -2 -1 -2 -1 -2 -2 -2 -1 112995372 -1 -1 -1 -2 -2 -2 -2 -1 -2 907949922 348204314 -2 -1 -2 -2 -1 -2 -1 -2 -1 -2 -2 -2 -1 1121989 -1 -2 -1 -1 -1 -2 -2 -2 317019596 -1 -1 -2 -2 -2 -1 -1 -1 -2 -2 -1 -2 -2 -2 -2 -2 -1 -1 -1 -1 -1 -1 -1 -2 -2 -1 -1 -2 -1 -1 -2 -1 61450672 -1 -2 -2 -1 710717817 -2 -2 -2 -2 -1 -1 -2 -2 -2 -2 -1 -1 -2 -1 -2 449928936 -1
-1 -2 -2 -2 -1 -1 -1 -1 -2 -2 -1 -1 -1 -2 -2 -2 696291875 607145668 -2 -2 -1 530699200 -2 9978020 -2 -2 -2 -1 -2 -1 -2 -2 -2 -2 -2 -2 -2 -1 -1 -2 -1 -2 -1 -1 -2 -1 46818429 892642525 -1 938418017 -2 609761651 -2 -2 -2 608067020 -2 -2 -1 -1 -1 -2 -1 416138033 -1 -2 -1 -1 -2 -1 41578705 -2 -1 -1 -1 -1 -1 -1 157633543 -2 -1 -2 -2 377362490 -2 -1 -2 -2 -1 -1 -1 -2 -1 -2 -2 -2 -1 -1 -2 -1 -2 -1 -2
-1 -2 -1 -1 -2 -1 -1 -2 -1 -2 -1 -1 -1 -1 -1 12283553 -1 -1 -1 -2 -1 -1 -2 -1 -1 -1 -2 -1 755884030 -2 -1 -1 -1 -1 -1 24124634 -2 -2 -1 -2 -1 -1 -2 -1 -1 553368951 -2 -1 -1 -1 537276567 -1 -2 -2 -1 -2 -1 -2 -2 -2 -1 -2 -1 -1 -1 889815054 -1 -1 -1 -2 -1 -2 -1 -1 -1 -2 -1 -1 850161020 -2 -1 -2 -2 401706885 -2 -2 -2 -1 -2 505821978 387237034 -2 -1 -2 -1 -1 -2 -1 -2 -2 -2 -1 -2
-1 -2 -1 -1 -2 -2 723594325 -2 -2 -2 -1 -1 -2 -2 -1 -2 -1 447567808 -2 -2 -1 -2 -1 -1 -2 -1 -1 -2 -2 -1 -1 -1 -1 -1 -1 -2 -2 985318370 14237577 -1 -2 -1 -2 -1 -1 -2 -1 -1 -2 -2 -1 -2 -1 621748622 114418492 -1 -2 -2 -1 -1 -1 -1 -1 -2 879297998 -1 -1 -2 -2 -1 -1 -1 -1 -2 -2 -1 -1 216666110 -2 -1 -1 -2 -2 -2 -1 -2 -2 -1 -2 186766357 -2 -1 -1 -2 -1 -2 -1 88685906 -2 -2 -1 -2 -1
-1 -2 -1 -2 -2 -1 -2 -2 -1 -1 -2 -1 -2 -1 -2 -2 -1 -2 -1 -2 -1 335850303 -2 -1 -2 -2 -2 -1 -1 -2 -1 -1 -1 -2 -2 -2 644833948 -2 -2 -1 -2 -1 -1 -1 -2 -2 -2 -1 -1 -1 -2 -2 -2 -2 -1 -2 -1 -1 -2 -1 -1 -2 -2 -1 -1 -2 -2 -1 574225705 -1 -1 591706821 -2 -1 -1 -2 -1 -2 -2 -2 -1 -2 -2 -2 321700691 -2 5995271 -2 -1 628900957 -2 -2 -1 -1 -1 -1 -2 -1 -1 -1 165996130 -1 -1
-2 -2 -2 -2 -1 -1 -1 -1 -2 -2 -1 -1 -1 -1 -1 -1 -1 -1 -1 -2 -2 -1 -1 -2 -2 -1 -1 -2 -1 -1 -1 -1 -2 815951983 -1 -1 -2 -1 -2 223703444 -1 889267148 -1 -2 -2 -2 -1 -2 -1 -1 -2 -2 -2 -2 -2 -2 196945513 -1 -2 -1 -1 -1 -1 -1 -2 -1 -2 -2 -2 -2 -2 -2 -2 -1 -1 -1 -2 -2 -2 -1 811184966 -2 -1 -2 -1 -2 -2 300102005 50910054 -1 312894798 -1 -2 -1 -2 -1 -1 -1 -1 -1 -1 -2 -1
-2 -2 -2 -1 -2 -1 -2 -1 -2 -1 -2 -2 -2 -2 -1 567701170 -2 -2 -2 -1 -2 -2 -2 -1 -2 -2 -1 708262425 -1 -2 -1 -1 -2 -2 -2 -1 -1 -2 -2 -1 -2 -2 976098054 -2 -1 -2 -2 -1 -1 -1 -2 -2 -1 -2 -2 -2 -1 -1 -1 -1 -2 -2 -2 -1 -2 -1 -1 855684744 -1 -1 -2 -1 -2 -2 -1 -1 -1 -1 -2 -2 -2 67075993 -2 -1 -2 -1 -1 -2 -2 716771297 -1 -2 -2 -2 -1 -1 -1 -2 -2 -1 -2 -2 -1
