0, 87, 226, 283, 232, 67
1, 113, 12, 117, 116, 230, 85, 278, 215, 68, 207, 133
2, 20, 203, 143, 202, 129, 150, 12, 25, 5, 269, 284, 201, 229, 231, 151, 136, 0, 191, 105, 223
3, 160, 142, 181, 11, 242, 217, 190, 140, 292
4, 282, 134, 15, 268, 84, 23, 65, 251, 6, 271, 155, 255, 262
5, 11, 31, 91, 37, 29, 98, 20, 232, 46, 136, 180, 99, 299, 72
6, 
7, 283, 117, 54, 126, 258, 167, 177, 24, 85, 35
8, 95, 46, 191, 25, 184, 103, 223, 250, 61, 88, 282, 271, 159, 235
9, 112, 50, 291, 148, 104, 199, 189, 165, 169, 201, 48, 12, 274, 65, 57, 184, 255, 49, 267
10, 121, 103, 175, 276, 190, 294, 244, 51, 97, 65
11, 101, 92, 47, 216, 238, 233, 58, 38, 234, 259
12, 88
13, 285, 264, 298, 150, 202, 241, 51, 289, 197, 131, 62, 208, 70, 212, 102
14, 35, 66, 55, 65, 264, 197, 229, 116, 297, 86, 176, 160, 102
15, 274, 228, 230, 171, 189, 220, 145, 224, 174
16, 282, 80, 170, 198, 260, 287, 136, 151, 120, 130, 238
17, 87, 233, 0
18, 55, 110
19, 6, 14, 214, 191, 278, 57, 219, 259, 133, 137, 253, 124, 117, 224, 37
20, 17, 287, 40, 212, 141, 176, 53, 268
21, 
22, 147, 189
23, 63, 56, 120, 252, 132, 89, 247, 94, 208, 260, 288, 109, 36, 74, 134, 220, 197
24, 264, 187, 131, 225, 110, 277
25, 
26, 141, 277, 52, 298, 142, 7
27, 259, 235, 42, 226, 108, 87
28, 0, 296, 99, 276, 273, 243, 181, 108, 42, 69, 12, 74, 238, 211
29, 30, 155, 228, 92, 111, 11, 21, 205, 222, 170, 180, 51, 185
30, 169, 92, 106, 152, 2, 190, 274, 186, 101
31, 282, 223, 80, 136, 44, 79, 249, 164, 219, 214, 209, 54, 278
32, 150, 144, 296, 141, 74, 108, 171, 62, 85, 238, 149, 260, 53, 120
33, 30, 62, 274, 29, 273, 281, 74, 50, 81, 20
34, 67, 243, 73, 235, 13, 194, 225, 102, 283, 157, 155
35, 234, 41, 151
36, 203, 293, 80, 144, 103, 83, 76, 268, 295, 156, 179
37, 214, 2, 156, 139, 75, 128, 163
38, 174, 110, 253, 73, 109, 13, 157, 225, 295, 27, 49, 268, 255, 37, 151, 105, 67, 138
39, 131, 77, 40, 213, 45, 165, 80, 281, 139, 17, 114, 267, 111, 199, 26
40, 26, 175, 39
41, 126, 12, 232, 85, 60, 21, 271, 183, 251, 219, 11, 261, 137, 144, 156
42, 271, 179, 16
43, 259, 235, 263, 102, 27, 111, 138, 133, 108, 96, 63, 201, 200, 175, 45, 32, 192
44, 114, 200, 7, 228, 70, 120, 39, 247, 76
45, 239, 114, 290
46, 175
47, 275, 213, 123, 217, 116, 96, 227, 199, 225, 274, 57, 259, 224, 101, 142
48, 68, 230, 250, 187, 59
49, 200, 195
50, 98, 80, 139, 42, 268, 127, 225
51, 32, 9, 201, 52, 159, 50, 152, 243
52, 258, 149, 166, 100, 230
53, 298, 151, 168, 140, 74, 90, 23, 270, 182, 117, 91, 220
54, 254, 165, 290, 167, 49, 193
55, 89, 79, 194
56, 111, 15, 211, 197, 274, 265, 273, 127, 290, 186, 294, 32, 18, 204, 235, 94, 52, 80, 283, 72
57, 142, 53, 277, 246, 86, 169, 91, 265, 128, 176, 54, 285, 10, 231, 223, 184, 162, 171
58, 203, 31, 110, 256, 261
59, 94, 76, 205, 236, 113, 292, 52, 176, 180
60, 169, 234, 73, 252, 99, 34, 105, 185, 58, 175, 87, 134, 76
61, 78, 97, 215, 206, 52, 94, 279, 211, 112, 150, 51, 194, 86, 141, 265, 102
62, 265, 42, 6
63, 106, 210, 150, 258, 203, 290, 71
64, 60, 55, 251
65, 225, 2, 11, 63, 288, 258
66, 252, 281, 6, 18, 273, 124, 92, 127, 155, 185, 55, 54, 167, 14, 217
67, 204, 291, 207, 117, 66, 271, 77, 289, 146, 13, 168, 220, 275
68, 14, 53, 38, 280, 245, 64, 104, 34, 135, 224
69, 196, 269, 143, 78, 17, 216, 211, 146, 90, 55, 80, 100, 251, 74, 34, 56, 63
70, 95, 93, 99, 92, 211, 270, 209, 15, 30
71, 142, 182, 156, 201, 118, 256, 74, 15, 109, 119, 87, 54, 115, 269, 71, 22, 220, 190, 29, 194
72, 299
73, 97, 87, 138, 2, 275, 28, 47, 181, 287, 268, 218, 236
74, 291, 8, 195, 83, 245, 236, 239
75, 272, 53, 31, 267, 188, 270, 114, 208, 73, 195, 157, 253, 17
76, 
77, 225, 188, 58, 259, 86, 26, 127, 81, 223
78, 173
79, 218, 147, 202, 219, 75, 113, 154, 207, 107, 288, 92, 100, 293, 201, 80, 56
80, 199, 87, 43, 89, 196, 50, 83, 266, 170, 219, 217, 86, 209, 47, 157, 14, 65, 58, 257, 224
81, 
82, 33, 286, 131, 219, 5, 124, 194
83, 124, 213, 17, 299, 258, 25, 168, 233, 66, 43, 134, 19, 111, 265, 123, 186, 93
84, 31, 227, 59, 288, 116, 132, 128
85, 272, 259, 114, 242, 219, 80, 218, 91
86, 116, 37, 275, 160, 176, 62, 111, 130, 268, 34, 297, 45, 254, 169, 80
87, 220, 267, 73, 137, 293, 160, 58, 195, 76, 43, 110, 154, 152, 103, 209, 210, 196, 142, 5, 108
88, 216, 75, 215, 228, 1, 10, 77, 208, 295, 8, 50, 287
89, 213, 57, 128, 174, 184, 203, 139, 191, 152, 220, 169, 87, 80, 70, 210, 247, 29, 25, 241
90, 225, 118, 31, 16, 230, 121, 21, 41, 272
91, 46, 147, 173, 244, 19, 141
92, 64, 35, 46, 109, 127, 229, 103, 104, 232, 201, 15, 282
93, 61
94, 
95, 178, 65, 50, 94, 156, 32, 143, 101, 195, 220, 49, 158, 13, 80, 271, 81, 63
96, 86, 261
97, 134, 63, 48, 163, 217, 31, 73, 219, 135, 104, 8, 183, 215, 54, 160, 79, 146, 199
98, 89, 160, 226, 64, 228, 34, 173, 224, 192, 100, 215, 116, 191, 183, 87, 233
99, 296, 134, 135, 105, 141, 149, 107, 55, 19, 265, 103, 37, 202, 3
100, 34, 216, 292, 194, 278, 37, 137, 155, 105, 167, 32, 56, 178, 96, 64, 290, 113, 116, 98
101, 1, 292, 168, 156, 27, 68, 246, 173
102, 211, 289, 144, 71, 208, 290, 43, 45, 186, 89, 72, 77, 167, 234
103, 264, 262, 272, 92, 45, 196, 252, 265, 185, 283, 11
104, 266, 4, 205, 144, 181, 236, 109, 81, 9, 260, 290, 277, 246
105, 70
106, 20, 254, 226, 63, 293, 145, 29, 39, 119, 103, 89, 56, 78, 280
107, 129, 261, 186, 257, 184
108, 174, 160, 175, 267
109, 176, 0, 209, 137, 248, 171, 96, 13, 99, 97, 252, 70, 244, 29, 109
110, 130, 114, 36, 30, 20, 241, 211, 112, 94, 138, 23, 120, 169, 242, 172, 0, 280, 221
111, 90, 277, 87, 125, 116, 22, 20, 184, 160, 291, 211, 212, 205, 182, 35, 224
112, 43, 246, 144, 121, 82, 231, 110, 33, 97, 130, 250, 271, 49, 14, 267, 40, 36
113, 16, 79, 217, 276, 184, 144, 257, 30, 127, 81, 177, 227, 61, 197
114, 85, 214, 12, 111, 269, 114, 98, 196, 57, 138, 102, 132, 30, 217
115, 
116, 216, 284, 111, 95, 102, 208, 268, 225, 215, 126, 14, 6, 299, 287, 52, 10, 32, 51, 62, 58
117, 35, 215, 43, 31, 193, 55, 157
118, 64, 53, 82, 4, 276, 270, 147, 247, 48, 174, 206, 40, 145, 200, 131, 9, 123, 68, 209, 91
119, 111, 280, 176, 213, 128, 107, 83, 21, 33, 145, 95, 175, 148, 193, 144, 70, 184, 178, 119
120, 279, 140, 191, 84, 175, 231, 213, 141, 30, 120
121, 75, 92, 186, 262, 73, 208, 166, 69
122, 129, 104, 189, 162, 61, 112, 292
123, 267, 229, 146, 157, 176, 84, 215, 236, 91, 137, 276, 188, 232, 31
124, 246, 35, 295, 239, 204, 108, 181, 212, 191, 25, 209, 115, 220, 120, 140
125, 75, 132, 285, 135, 100, 139, 248, 295, 78, 145
126, 260, 299, 131, 185, 273, 48, 109, 140, 129, 82, 218, 130, 133, 3
127, 181
128, 152, 292, 63, 179, 150, 132
129, 1, 46, 287, 205, 221, 229
130, 177, 199, 91, 173, 76, 75, 104, 159, 281, 258, 265
131, 247, 298, 75, 239, 2, 124, 82, 170, 95, 88, 199, 228, 244, 67, 38
132, 80, 196, 299, 198, 168, 271, 207
133, 191, 57, 216, 169, 14, 44, 237, 171, 66, 211, 203, 177, 282, 291, 185, 4
134, 3, 284, 187, 263
135, 254, 244
136, 207, 61, 57, 146, 177, 168, 155, 174, 245, 129
137, 
138, 106, 295, 50, 162, 288, 228, 71
139, 187, 147, 158
140, 166, 9, 227, 148, 231, 45, 171, 150, 49, 95, 4, 100, 112, 39, 33, 174, 26
141, 221, 273, 198, 155, 245, 46, 261, 205, 60, 226, 76
142, 198, 68, 222, 61, 274
143, 136, 191, 262, 180, 89, 86, 35, 29, 112, 79, 235, 87
144, 192, 155, 201, 37, 127, 222, 214, 217, 101, 125, 122, 34, 45, 148, 292, 83, 190
145, 185, 194, 187, 142, 70, 155, 232, 226, 147, 223, 9, 159, 206
146, 243, 138, 139, 187, 240, 66, 249, 114, 106, 218, 144, 129, 181, 15, 204, 142, 185
147, 174, 217, 2, 28, 166, 133, 8, 295, 54, 119, 282, 43, 142
148, 203, 255, 94, 242, 195, 51, 192, 246, 27, 169, 134, 188, 178, 102, 216
149, 67, 94, 139, 239, 197, 211, 164, 194, 133, 295
150, 259
151, 134, 22, 139, 292, 136, 104, 238, 126, 206
152, 119, 290, 13, 204, 134, 87, 208, 143, 92, 43, 238, 199, 123, 220
153, 190, 290, 246, 167, 65
154, 63, 111, 34, 240, 40, 74, 166, 112, 142, 261, 122, 238, 139
155, 144, 69, 148, 139, 218, 12, 172, 119, 82, 51, 53
156, 93, 177, 89, 114, 277, 148, 178, 158, 173, 121, 166, 147, 161, 142, 120, 245, 113, 149, 219
157, 170, 40, 68, 8, 223, 107, 27, 65, 279, 99, 37, 239, 154, 225, 29, 74
158, 257, 110, 94, 169, 129, 159, 258, 69, 111, 189, 182, 133, 2, 227, 248, 220, 91, 73, 245
159, 108, 32, 63, 140, 98, 195, 36
160, 
161, 60, 78, 118, 223, 259, 277, 169, 155, 293, 116, 193, 25, 245, 12, 17, 166, 209, 142, 262, 236
162, 134, 253, 165, 80, 297, 4, 113, 39, 221, 200, 78, 1, 8, 164, 174, 225, 138, 280, 30, 15
163, 188, 229, 266, 145, 11, 76, 84, 40, 3, 129, 51, 179, 44, 5, 170, 87
164, 64, 286, 90, 31, 272
165, 112, 173, 39, 136, 84, 116, 255, 167, 289, 139, 299, 189, 292, 108, 25, 60, 197, 168, 171
166, 0, 43, 217, 221, 278, 73, 46, 142, 132, 228, 120, 181, 172, 51, 236, 34, 280, 14
167, 195, 194, 247, 173, 293, 254, 208, 65, 207, 44, 165, 174, 128, 150, 52, 226, 274, 271, 270
168, 259, 189, 81, 215, 252, 103, 248
169, 276, 282, 135, 245, 257, 209, 86, 102, 141, 60, 223, 238, 70, 268, 130, 76, 89, 261, 187
170, 282, 11, 268, 262, 293, 32, 263, 104, 278, 60, 48, 10
171, 246, 103, 52, 83, 94, 187, 44, 222
172, 227, 175, 246, 228, 136, 296
173, 56, 171, 283, 50, 8, 195, 295, 160, 121, 2, 114, 70, 222, 51, 204, 276, 37
174, 15, 7, 99, 237, 68, 144, 154, 157, 153, 89, 74
175, 173, 33, 32, 236, 218, 171, 69, 165, 246, 183, 87, 85, 133, 214, 180, 79, 43, 17
176, 154, 295
177, 173
178, 253, 65, 39, 282, 134, 256, 267, 48, 103, 211, 37, 214, 88, 290, 273
179, 283, 197, 266, 214, 124, 59
180, 161, 251, 275, 288, 142
181, 95, 184, 58, 194, 46
182, 2, 175, 92
183, 61, 68, 147, 87, 134, 63, 218, 118, 111
184, 198, 4
185, 177, 142, 46, 77, 256, 112, 100, 176
186, 86, 79, 219, 71, 202, 29, 108, 292
187, 238, 14, 257, 167, 130, 137, 36, 112, 139, 263, 242, 145
188, 174, 9, 100, 199, 291, 222, 91, 137, 272, 23, 97
189, 59, 244, 103, 122, 272, 128, 297, 138, 282, 214, 88, 211, 84, 74, 108, 12
190, 268, 184, 0, 106, 87, 242, 92
191, 193, 242, 156, 12, 241, 150
192, 51, 102, 286, 72, 208, 173, 252, 159, 77, 144, 189, 74, 32, 2, 197
193, 34, 89, 9, 97, 114, 298, 230, 246, 93, 127
194, 218, 130, 55, 109
195, 
196, 208, 17, 280, 72, 299, 161, 290, 224, 109, 19
197, 264, 41, 124, 31, 187, 143, 117, 177, 110, 159, 130, 266, 100, 142, 293, 173
198, 
199, 156, 59, 248, 183, 75, 169, 157, 250, 256, 253, 296, 144, 175, 21, 25, 29
200, 218, 50, 116, 244, 215, 30, 1, 225, 260, 210, 149, 169, 58, 181, 168, 109, 18, 145
201, 73, 192, 46, 90, 190, 28, 9, 70, 213, 156, 47, 103, 136
202, 105, 56, 41, 169, 265, 131, 175, 35, 185, 58, 116, 19, 287, 223, 216, 50, 189, 92, 51, 91
203, 
204, 185
205, 270, 162, 128, 188, 101, 103, 26, 189
206, 255, 267, 41, 232, 250, 175, 105, 53, 226, 14, 55, 45, 152, 137
207, 73, 175, 227, 264
208, 14, 261, 187, 235, 48, 103, 170, 71, 131, 126, 288, 28, 58, 163, 108, 104, 13, 146, 180, 178
209, 17, 251, 181, 205, 130, 164, 295, 140, 149, 113, 97, 24, 250, 287, 76, 3, 235, 163, 219, 84
210, 79, 112, 221, 167, 95, 250, 206, 23, 24, 56, 141, 241, 224, 273, 15, 98, 135, 202, 226, 157
211, 
212, 293, 238, 282, 226, 27, 97, 56
213, 86, 134, 75, 170, 8, 159, 243, 261, 224, 70, 283, 257, 289, 160, 264, 179, 299
214, 36, 295, 254, 159, 93, 43, 270, 61, 275, 12
215, 78, 71, 32, 228, 57, 290
216, 297, 230, 214, 52, 276, 203, 51, 252, 20, 217
217, 29, 218, 184, 16, 279, 233, 251, 121, 283, 40, 291, 17, 272, 102
218, 234, 96, 94, 118
219, 114, 210, 40, 167, 34, 197, 1, 36, 183, 243, 215, 128, 33, 23
220, 
221, 
222, 
223, 10, 49, 156, 142, 157, 131, 174, 194, 88, 290, 218, 275, 32, 86
224, 215, 145
225, 216, 24, 29, 286, 195, 202, 204, 285
226, 105, 138, 36, 128, 299, 204, 166, 228, 162, 42
227, 297, 176, 28, 27, 228, 278, 60
228, 161, 37, 111, 200, 172, 109, 171, 1, 241, 4, 156, 120, 145, 143, 50, 233, 187, 198, 292
229, 31, 254, 281, 282, 250, 256, 170, 188, 57, 42, 30, 284, 48, 94, 275, 65
230, 135, 22, 76, 133, 117, 147, 53, 206, 211, 267
231, 155, 212, 47, 52, 119, 264, 286, 107, 118, 25, 206, 92, 218, 37
232, 168, 281, 240, 64, 177, 157, 46, 21, 292, 25, 91
233, 90, 265, 220, 81, 188, 30
234, 191, 150, 93, 148, 115, 236, 89, 9, 13, 79, 258, 81, 122, 201
235, 73, 242, 286, 123, 199, 120, 66, 53, 10, 177, 18, 289, 245, 79, 30
236, 108, 299, 35, 139, 274, 217, 37, 11, 158, 285, 165, 32, 94, 112, 193
237, 203, 260, 17, 42, 190, 1, 60, 18, 233, 76, 270, 269, 194, 59, 108, 49, 280
238, 249, 47, 281, 10, 131, 86, 266, 219, 160, 225, 27, 28, 203, 127
239, 80, 35, 145, 55, 79, 294, 52, 89, 159, 264, 197, 262, 198, 224, 93, 82, 286, 209, 114, 165
240, 180, 142, 137, 29, 275, 177, 206, 278, 59, 111, 122
241, 286, 263
242, 87, 17, 209, 208, 264, 275, 178, 42
243, 139, 66, 50, 112, 298, 1, 192, 229, 162, 188, 195, 194, 284, 278
244, 184
245, 282, 95, 287, 258, 93, 127, 25, 165, 237, 18, 187
246, 211, 36, 272
247, 233, 265, 70, 144, 16, 153, 175, 31, 72, 4, 5, 299, 173, 193, 223, 105, 74, 149, 93
248, 255, 151, 20, 89
249, 274, 181, 55, 12, 151, 272, 88, 150, 117
250, 141, 214, 160, 259, 28, 188, 122, 285, 270, 225, 294, 243, 295, 238, 207, 55, 51, 260
251, 48, 177, 172, 253, 256
252, 135, 248, 92, 283, 96, 253, 52, 99, 240, 220, 60, 47, 209, 42, 282, 1
253, 
254, 127, 15, 62, 180, 257, 105, 274, 205, 124, 79, 78, 141, 279, 61, 125, 17, 240, 25, 86
255, 64, 82, 80, 59, 122, 259, 81, 15, 236, 154, 7, 139, 33, 234, 179, 53, 45
256, 135, 181, 281, 4
257, 260, 254, 235, 97, 226, 203, 142, 261, 10, 215, 66, 200, 246, 273, 292, 205
258, 187, 209, 37, 154, 43, 272, 260, 135, 50, 286, 105, 67, 3
259, 
260, 25, 85, 19, 232, 103, 1, 286, 222, 177, 28, 291, 195, 100, 231, 49, 199, 235, 212, 129, 8
261, 168, 20, 204, 123, 37, 165, 31, 221
262, 248
263, 14
264, 261, 16, 43, 273, 99, 123, 228, 242
265, 22, 291, 298, 252, 213, 146, 124, 165, 155, 274, 262
266, 223, 41, 7, 289
267, 295, 192, 181, 97, 96, 285, 155, 8
268, 202, 134, 83, 124, 14, 218, 237, 251, 197, 42, 161, 130, 283
269, 54, 141, 163, 63
270, 284, 64
271, 108, 195, 89, 285, 101, 94, 273, 192, 231, 121, 218, 203, 247, 204, 110, 233, 284, 55, 147
272, 230, 297, 64, 217, 14, 214, 104, 156, 10, 20, 40, 280, 19, 226, 250, 243, 237, 190, 215, 166
273, 181, 88, 69, 250, 100, 114, 161, 131, 186, 190, 17, 62, 47
274, 149, 169, 43, 207, 25, 57, 295, 70, 282, 279, 19, 81, 243, 285, 129, 151, 163, 205, 210, 144
275, 99, 1, 93, 219, 188, 126, 135, 133, 240, 235, 254, 189, 48
276, 220, 23, 167, 141, 291, 273, 123, 256, 29, 210, 42
277, 279, 70, 72, 29, 148, 188, 137, 230, 246
278, 281, 139, 128, 2, 40, 74, 234, 258, 235, 76, 270, 32
279, 228, 213, 210, 80, 235, 232, 162, 90, 208, 115, 109, 62, 93, 261, 260, 253, 106, 24
280, 213, 201, 252, 75, 46, 174, 19, 12, 155, 76, 204, 268, 182, 275, 124, 269
281, 65, 22, 16, 177, 232, 86, 292, 162, 133
282, 10, 166, 98, 204, 84, 258, 24, 135, 184, 194, 111, 234
283, 13, 107
284, 215, 79, 154, 264, 231, 130
285, 248, 228
286, 116
287, 161, 241, 53, 18, 96
288, 91, 8, 202, 96, 46, 7, 33, 115, 271, 2, 224
289, 279, 278, 144, 89, 22, 281
290, 279, 73, 238, 165, 106, 266, 235, 48, 240, 72, 267, 125
291, 
292, 54, 29, 197, 49, 57, 234, 36, 59, 104, 7, 173
293, 108
294, 271, 113, 281, 104, 275, 230, 78, 157, 71, 227, 138, 177
295, 6, 298, 93, 228, 294, 71, 253, 183, 97, 170, 129, 224, 149, 186, 96, 44
296, 174, 193, 104, 95
297, 253, 25, 10, 163, 252, 248, 94, 264, 210, 256, 57, 162, 155, 180, 222, 106, 204
298, 188, 261, 84, 57, 160, 244, 294, 243, 75, 59, 268, 39, 97, 290, 295, 4, 29, 69, 93, 19
299, 113, 29, 23, 188