6480
848 542858170
774 55672114
983 614657623
176 418235639
25 882706980
579 5235805
686 448499663
574 404401595
442 294014690
427 598939049
912 584910501
581 799495210
493 780608045
483 977328232
529 433480863
402 978714775
602 2664269
671 110119537
729 705082353
574 370224366
900 473189516
588 659654090
20 14754375
468 864024775
765 727429145
335 83491131
774 506054632
264 531691152
689 234874582
109 15742617
461 42445030
865 781405595
318 307806293
277 499228497
307 587159189
389 19317274
212 62822928
47 576602402
19 282298509
181 599183266
309 668041719
291 814589134
432 1062320
352 658948960
702 88092315
749 754320464
722 418178633
298 520970105
472 235054572
53 650389814
95 801973559
118 805020888
446 35578563
900 35800711
329 317688989
104 440669445
817 209544257
684 180137757
873 250935959
90 26723824
298 502566951
134 865648597
651 629113505
384 458270405
309 956001720
497 524418182
883 141136600
134 587967213
23 90416266
903 410625128
568 199983385
295 275486181
759 960111294
669 555633967
683 78153422
707 570585262
908 666941857
121 481497160
591 499631315
705 723413342
946 975547227
104 596618307
583 596019611
676 279029204
841 280356260
387 303940178
43 35786242
248 254769037
656 319294727
679 923547102
187 92580477
652 364684116
13 125119455
808 962341528
526 657428313
665 332244035
629 47243399
87 38370839
400 215393218
102 613754185
564 500826882
586 646217598
231 73977550
12 232557941
281 964162143
719 506664121
421 177265276
758 686395670
132 478559534
579 282443651
338 863985101
659 374070366
918 188728097
735 534490793
651 80505676
615 222089417
618 464981782
891 871560406
574 82463278
228 410502283
211 716271853
866 542942092
437 871539460
934 263267622
669 476590797
514 205753612
328 643496176
838 438010062
525 31428726
564 219467719
233 700264225
592 584735096
150 381225537
556 977125451
271 798813471
65 835391113
629 512127284
28 397557486
356 790698710
392 861258717
453 402738830
665 369948458
877 916188994
948 142972241
929 745201965
734 420995239
363 195855556
567 946681174
286 103331228
974 560458830
293 253855878
479 501652541
353 6271665
658 55451643
108 597359577
787 630845106
897 384153217
642 14174424
245 408464604
84 760159898
676 917185117
565 895616398
371 627867715
811 25646524
309 676939800
891 143354737
474 233156783
186 720349610
156 425706784
904 85050366
351 52413095
428 258506260
764 10616524
484 361798623
756 927081609
585 182773245
963 403923981
771 673077933
261 191411562
247 643281459
593 170535163
81 894122754
49 836737683
273 167198339
367 488788757
937 514819682
757 564462244
260 141923351
601 452571297
870 415552496
958 979072085
358 60036692
617 35420548
8 189294051
828 669023658
790 995303131
143 824006735
39 723642134
686 532359970
664 482037852
247 832582923
146 884540188
905 832362838
440 970944672
734 801687382
248 612611836
591 927933728
836 857418235
295 312496509
692 280589687
550 168507367
17 732310741
593 224676364
582 80071777
123 123176089
803 822341416
110 502217760
935 679926629
53 886133152
130 191375496
323 963449981
99 46502155
302 905450877
884 949000550
446 220527211
635 793203284
690 717900493
829 495666349
768 439071716
966 770655550
683 3423027
800 449633856
440 359117136
594 618662832
974 723079200
541 922071226
914 832236463
984 782016378
677 994055046
682 683108973
848 792786256
36 255294293
835 935951007
621 172210680
259 465004569
191 36646896
729 968934719
53 144062534
755 164625417
532 481737272
842 483189943
737 762877615
627 216968737
651 634656723
381 821740812
627 240847658
526 456945346
939 247290894
551 482552847
276 336226605
986 11303202
498 587899817
872 831065318
355 14862977
35 257274452
616 777013684
933 752334649
46 445096155
341 30992300
269 270170973
726 38546965
634 697448543
21 71458432
368 371956245
331 60219024
608 474809157
786 648328231
215 66250851
393 455664281
50 4225443
710 94984296
755 618309001
408 407148955
177 558787177
196 655721110
86 962463102
909 302428648
981 511296399
306 470446104
484 505590629
485 95717990
602 481999305
484 591172423
374 445302829
571 387738018
262 572809435
569 230718673
514 996615295
198 736569430
694 955878171
342 336549291
734 318543868
828 210437813
443 995799409
661 490637443
303 659584212
858 731504332
329 821977400
897 803963430
595 709084633
499 496345289
314 10048793
108 600076858
551 325471687
33 184488054
653 206879395
661 655842442
997 410368650
442 168869201
539 987300855
187 500139504
789 845860041
942 872236182
715 844872085
495 697513730
170 523319559
431 607560032
314 661016973
595 778578319
333 541570754
605 223739453
941 649228572
792 363502610
918 242044439
597 887163194
852 560035158
872 73886445
716 211462211
678 96942201
161 87298846
46 416692720
132 145043505
142 819566377
861 3064516
738 999464843
561 106903755
912 24132693
629 716963403
550 451438687
118 795073901
442 747106835
817 250998254
89 931279174
491 485532231
243 27189040
481 393711218
553 681204687
53 162010250
540 21901805
885 149872265
844 109842095
854 65185325
931 599010886
838 628831178
342 578922208
423 604767329
110 155938555
721 311986830
5 766739203
305 257651147
91 123710534
206 206409121
857 81513988
646 59335080
512 571755910
991 72772327
220 619851
969 813738227
935 89035600
269 353698551
951 145992124
763 165963669
609 2280608
508 463187275
197 984842924
291 356723669
783 855933207
213 819062222
257 661878140
350 193813917
204 490157208
216 110439272
267 241440668
890 937437895
122 493675826
983 454816852
638 551165653
142 366807193
940 808661174
824 987670945
305 113622307
431 475040187
524 24556017
185 937355178
886 758067299
251 104857952
147 161710447
247 112445304
841 825253626
641 923869994
922 755147613
812 22152841
694 516611463
882 960202637
35 86362256
784 286246444
226 231083628
297 651156209
698 4054431
57 344935515
465 492767296
461 987483677
745 503369126
328 564018319
284 919532710
388 715176983
293 609381873
303 112402067
345 772335515
404 336201312
185 485362582
741 38815477
656 569095992
166 61892692
536 734965438
515 753546459
471 30738692
691 784125267
912 123249254
699 151393360
780 123144342
868 972321285
237 5291200
301 41504742
452 61869429
271 845568951
906 153364755
743 989692187
28 63556088
320 102209855
530 133522981
59 850542582
578 499422301
379 767187060
730 513597770
344 419621171
386 74661110
517 759050436
971 535987671
46 126118586
487 849526820
991 870668113
479 140678124
735 582161493
291 282057712
262 213762478
283 758416013
311 251433495
978 712416019
259 399566474
222 32570208
2 846939394
416 241403607
330 694936243
753 244350647
645 959440594
432 855918947
379 843772021
87 728918694
31 599801061
147 353407867
388 295438500
768 765950577
380 571171
158 224047468
650 405529868
97 295094751
993 802164828
516 22346995
998 221167489
504 260448519
796 835644810
701 106072445
959 746563486
368 410664090
286 736866461
454 938069541
743 175994684
775 574147431
921 894481031
336 759691487
482 870829623
984 575547245
960 833729900
601 492905924
56 12076591
32 146994543
175 118832168
376 157444591
868 138057860
607 749947777
527 180750502
401 512919911
352 261710388
738 817445189
591 781762470
604 337452048
322 143836285
68 715193962
823 835728480
934 47576161
615 118026973
582 114675573
812 76263452
493 143766639
965 509331095
254 26238671
887 636866986
758 459955635
182 314798619
710 115498773
728 287053386
588 16718664
165 768740757
796 785167166
888 316369402
698 395778953
597 742905174
635 833382685
279 132527760
357 897580264
590 304637601
324 64044729
296 578945540
600 689964354
77 638860464
223 787432612
336 202456220
355 804503759
377 25174676
632 425761937
86 6160711
216 230579649
685 633489775
446 749795553
50 880994253
916 462790764
829 598479617
900 737989851
377 444493754
167 115224083
17 629961393
862 538605841
87 13163822
309 63115298
963 496617439
301 619391250
675 633367978
456 947401687
379 429769541
223 234393177
322 125476753
224 187572198
124 680271411
837 589075126
904 856633354
310 363269713
382 765503931
605 372251214
86 693998939
456 879961816
68 990897373
444 138889432
644 496388171
527 158423685
695 245650018
454 53792262
257 349390633
2 134777680
290 971964340
283 529730839
516 317801243
169 231300322
590 58811340
76 248408948
724 824491003
327 329133379
116 455449398
875 500577032
658 845236015
33 315139176
839 361421454
615 388664079
308 196287672
182 50882578
598 85568981
622 61725830
100 910973570
723 976426074
344 127293304
291 403585982
983 444336801
107 577360102
648 673303907
639 39328072
682 326896938
504 376440462
143 587144222
392 197488846
417 559398905
894 403185526
631 237128982
666 153812897
784 556783777
32 74982890
812 661908321
351 659147809
685 279126139
30 12196411
390 21414181
844 597733704
508 693169153
942 418097858
35 6559092
134 564681424
579 703378573
837 135502021
49 461742562
292 227808385
266 768951361
828 463034722
787 355120517
336 709609484
136 84720247
363 967936971
548 488200443
76 950763825
301 260651034
917 641307258
980 99904368
459 862437291
164 29432699
241 449447612
756 93226586
238 972632667
586 78061491
108 890573793
275 953114874
607 389457604
426 172660185
172 793771378
940 349000177
62 328986468
508 298060600
505 711523709
91 918308202
222 146435546
598 806992004
562 548426875
289 205661749
506 222165223
301 666702006
713 472128465
738 11871887
560 625786015
136 156914471
504 541246937
181 444416751
367 945563387
74 20356910
49 407020162
541 802067780
342 140619644
586 53657522
409 76938567
738 988751966
810 942508784
251 59204542
410 79559759
443 144836644
402 737117858
731 379003397
623 749834869
507 892461654
938 82525987
464 738132547
461 264570868
144 125717196
615 918563836
41 139124391
731 26385012
809 434559791
644 144908019
827 831537196
572 707924955
831 57454907
338 826247166
427 449979905
10 475914190
949 372052823
414 880126692
284 754715362
88 848576055
96 742930096
972 230143396
911 160287225
314 684639369
170 588395525
637 958155209
449 353083255
849 844153365
518 43056182
216 474322526
696 11160227
567 266639525
405 751714794
131 681301759
824 938253869
980 385187194
460 706254581
579 557833326
154 277647773
262 25712544
332 534810644
964 991893346
593 732513121
672 140808255
541 71048237
795 64850222
937 79837706
349 553330069
668 836156170
131 309369279
842 458369220
354 345210361
481 298686372
266 139089071
448 652053062
604 132709238
870 948603161
761 928998334
100 682363837
741 777824449
948 846494584
356 136520653
222 13281635
465 913031822
166 384931748
520 131821373
667 824254379
505 891888111
846 432008168
433 329006092
333 347131656
870 72493046
613 432298842
864 59852106
833 962057795
362 492277129
50 97731064
786 161458545
832 345353818
601 744140863
150 399360866
839 114368164
689 881116116
279 581198242
411 483992701
221 788076686
440 351406806
867 146828061
965 998658628
119 669828276
412 848533060
964 329545539
222 628155134
590 12480372
666 166412727
167 61101409
431 412941673
483 641149779
415 713992289
674 548422371
960 984865336
830 410212901
985 428788789
322 344350811
501 52066771
307 917910669
906 833176461
595 745670152
392 617404366
505 79360957
354 640192764
620 347505856
11 428157446
319 500170165
52 17921278
706 167206359
608 934960565
148 138655428
135 852359481
336 232574975
122 694261915
963 74131874
693 614772931
373 189773281
972 945868402
31 606951771
706 592620220
951 477644602
762 999874740
460 545809042
876 876011313
269 74624206
229 588161466
817 662889708
925 89908175
554 53465420
591 191008799
439 10780471
368 846598871
191 452143571
948 542223824
828 46875641
126 879689076
918 667321239
210 629977037
936 649978084
59 97134602
408 91543419
875 867006064
223 72906761
939 357275196
638 676371934
473 344618770
948 628691399
526 695348392
903 14873524
79 553829678
518 272442678
207 558175793
892 442978234
155 205999347
940 994964797
374 455337656
154 865946881
276 807912530
569 449574501
483 3106103
100 414612270
448 3209768
690 714211776
839 603104685
841 609200333
712 727782909
811 211010103
178 482070753
874 241526056
453 987598816
716 781229922
170 527942359
114 364955001
968 295634917
386 761868285
769 140289522
990 909549647
116 659527346
467 261596670
421 357471233
29 263438604
328 194833051
830 847756635
234 989208823
370 855058359
444 183026008
584 158991512
878 207708277
544 720712884
197 390801349
767 699069499
373 410491665
743 18655241
404 477094591
892 95028922
543 39840572
97 134475459
59 117000327
391 664332540
392 381898922
760 61156644
234 54547144
419 473938565
318 193670674
488 774941475
556 206676985
42 592793726
48 756405761
306 33055075
972 971535498
973 94120391
303 700109736
154 281183022
763 669220253
155 289768866
819 516968548
172 327592211
458 263224467
552 374400575
119 106017693
783 249033519
618 564292485
32 735965870
95 478888295
57 787388039
37 129804904
881 66514991
551 738542540
341 346251416
256 863458769
939 346646448
82 670678736
939 48175004
518 599128457
349 691730502
58 481556098
945 142702919
678 881714234
16 836251899
961 268397776
543 712800720
267 795342883
661 385618845
716 455967668
753 102770565
665 174005287
442 239520772
205 799435936
160 125210832
10 917371282
167 320798747
823 920243836
421 31195744
722 354851163
654 217003548
782 552930049
677 971511448
185 645079816
835 370313500
333 523756453
170 348693254
143 387934325
259 708704457
294 548300640
343 498485081
351 540760207
358 169564095
370 600225426
129 982835445
749 758163217
504 912100981
416 886899666
942 385678706
634 420611579
955 651553718
416 422797250
32 210481945
156 50917441
568 807653372
769 888959155
387 143871753
451 536112238
28 553421029
403 142968855
462 61715411
853 443873042
341 345870992
742 581029073
239 234707664
644 110567212
7 122502365
255 288636455
182 864412094
718 351471634
718 711728619
270 647359555
91 143283972
581 649947575
18 911638273
489 36670323
556 382070576
854 34282877
882 185689168
179 946749958
10 858897977
644 290382893
489 987485376
422 392480250
591 93532247
559 944567154
836 407690068
662 702218028
740 13784102
523 209728700
835 251651609
102 655482742
129 104577508
259 197234074
560 804800174
449 128632894
644 771406964
756 723989280
165 729298776
690 354898481
350 442616802
423 279348453
39 350413377
806 763216085
610 84972091
889 973771958
957 97708118
151 119225
397 273009770
879 206839795
238 878299265
589 386992310
821 633201138
863 895414356
744 846573162
784 85661183
720 752885725
636 570732757
523 23557664
441 625097968
133 179331444
696 48573488
290 963409822
158 131601019
285 54383347
828 558236373
34 86302124
610 80221345
350 198025031
992 824128353
458 92496368
3 445397562
873 321776268
775 223384245
144 649342974
605 763018652
881 151965219
553 679228834
483 593703152
890 508414107
655 795142507
419 351609200
480 575162500
704 746460772
128 899492921
683 188588818
657 564698363
157 368133455
264 475119087
118 178852318
404 674305996
15 527238811
911 47615870
835 473117588
868 122728285
972 325352636
89 227608962
234 908475725
829 962629636
306 258774433
336 169996264
647 790713144
639 627479543
311 410823870
402 378420269
112 371089426
975 642864620
361 408659850
935 657681485
404 245493882
178 517456484
458 785334109
55 398536323
528 496440697
591 78757948
401 188242502
127 336421116
396 627791713
727 325713498
135 794563864
931 448926205
195 97078325
181 315988129
584 220108907
675 111870823
934 321079646
551 561939684
734 811606688
91 249235955
112 119169145
390 49212356
393 982589896
20 227638556
650 917079273
862 262772364
451 171905370
448 889995899
551 23512327
566 47282349
25 890595808
650 123002309
979 454773323
411 29931008
877 265330465
567 648841843
70 338571333
728 583049089
60 172414571
242 262069534
928 250770970
501 555457403
508 15912973
686 172324110
315 176485398
538 359038662
124 982177141
738 485884132
829 626735053
114 338762922
924 588064115
199 532946557
434 657765376
634 452124329
105 24515535
149 124745434
65 597777992
192 307191856
665 588054105
548 601744753
544 796103565
108 746665904
476 61023788
856 799597327
736 715341261
143 104209072
919 236300484
64 5410895
439 343973016
820 515208480
146 357570485
17 507918354
644 251645880
241 967528646
526 128832888
905 274053841
307 165955317
33 706045368
312 76123670
138 380405897
279 618469103
795 811419767
572 463568828
807 206765338
68 73523189
716 3593653
458 538418875
496 401012372
184 925403468
799 688773857
914 461614909
989 812764566
50 628741243
27 898947403
186 102356556
854 100651604
770 959857838
139 466230756
731 877367830
208 602386788
46 93561248
274 359150098
475 78726978
577 778158850
618 489054845
836 271308180
423 380216367
510 999329489
991 898385443
445 745053522
135 713299254
438 333569764
960 35810118
933 567523760
351 234275700
251 845447071
539 527845339
900 392522447
379 609812217
102 34151995
453 338616302
981 846749365
559 253551798
865 68771739
553 113611781
36 995342720
398 231728233
851 470608724
260 365451265
128 745018201
134 614053287
183 373706946
705 194514059
288 179549688
742 763761815
864 189008968
222 266891844
142 231745708
173 808164192
334 174444110
337 414562978
698 959641976
267 2265268
51 914867261
617 496585850
636 713381462
67 318164544
521 413136848
911 990126336
302 471882548
16 347076709
503 916786759
595 615994409
421 736846580
13 717381077
501 267023333
738 300164190
578 947959071
476 555411058
393 760810181
728 870894733
979 899134314
534 390599666
893 247174282
88 730477792
743 101756057
873 434411590
410 76745588
669 954931823
382 771548433
183 281725451
469 67769036
895 394667506
322 141570330
332 160842514
326 140198389
628 569081532
673 131172391
236 561217662
491 431779741
215 206521765
214 368342333
482 637055971
717 338829540
140 125003336
316 294204762
988 995808329
344 613979359
535 821965948
467 7784264
319 865910907
212 525845020
937 239665716
71 378790878
794 560338464
21 356695282
896 934977742
795 313042870
779 532849627
645 338301468
966 216917676
663 666140787
252 533148767
743 797745172
420 506403395
691 634652013
171 655695516
139 868379644
242 964977929
873 422358619
379 763441197
678 514953663
391 218926198
453 828609952
673 276033020
808 386509262
598 902646507
60 12745368
56 107652072
777 534619535
98 873450491
702 371603243
714 988036323
459 733515375
153 582417258
31 919265822
430 464272220
319 965199799
105 43100200
187 129439290
93 386817397
711 753800564
837 352907276
717 83770349
828 490665311
625 4773442
872 5389522
852 724491502
492 96597586
129 755521989
945 701337184
536 988391188
140 71077093
775 322711355
761 815448555
139 168113154
690 523930654
823 379256945
945 57157223
795 513750608
649 360488545
92 289807816
477 221709871
422 87717657
336 251727250
679 50988346
690 725130561
120 823897812
676 817789522
479 354852816
435 144638745
877 872192297
207 841663850
251 995929216
480 472011862
689 654590426
911 665873801
559 516957013
470 118365083
746 453553460
13 3774092
844 565511642
91 198059807
290 445702553
884 128977326
159 572104375
200 749971220
255 966006695
397 129853252
903 216219904
867 985751806
973 61019142
371 532098790
744 954757950
117 493508360
783 224543934
873 900493802
160 43782282
187 179418869
214 385276814
97 10916711
845 220084744
900 512943048
338 541247447
157 35466979
623 82586960
194 282640883
198 854041747
501 410917401
362 669547860
591 203429071
118 683035422
63 360031781
867 877652634
967 503335424
643 788261260
338 330033865
867 909422969
216 222383252
331 189331501
31 862653586
857 956174358
688 870237735
776 762265552
841 66982431
918 789415658
390 243182958
151 469171998
410 322839906
857 342711985
243 24465592
196 283461771
433 817084681
179 426797951
33 574705685
465 960453419
554 341115797
79 530677666
194 454537844
935 936659974
844 67083831
200 52858159
913 687580876
268 285442174
295 42476234
638 308626869
479 524306915
758 390779964
121 247446232
416 89422858
900 41742492
74 328587728
837 487075844
869 381663443
830 230479552
498 35748257
474 998142243
974 367612239
53 744652210
763 962852814
992 579876835
820 172663075
197 545893895
625 93408129
300 57193926
601 151766939
326 7854521
603 275536739
818 19936452
572 159357102
615 550450837
93 836610830
204 836493197
442 997558844
381 337408021
111 683848340
490 738047067
1000 586413216
915 385695637
795 562970529
987 374624715
710 847964053
669 54142390
272 663854745
609 172549623
842 619969761
418 756540105
919 114458181
490 69380042
655 750989524
282 387305742
835 369724777
875 423801872
221 275988774
6 899028781
215 298134602
116 839080309
337 976424691
889 895970104
785 551691420
121 856988950
925 31808338
201 92590280
665 395490259
988 934942779
617 998127049
901 668566873
372 503696247
560 76099685
897 112387329
935 32984872
417 405471174
861 414068431
938 778879416
374 901779471
3 607648873
366 550714540
346 641934388
214 729285061
946 267357634
26 759970608
345 225144914
114 145858823
572 90908043
497 376556699
672 637699606
269 445274928
237 900722572
775 828590489
590 18398053
189 14610376
48 755963084
568 562534665
961 262628029
294 673801664
419 137618475
617 180044278
646 206058200
444 839882766
743 318358459
38 735662654
265 291486872
342 482524454
620 457825705
869 858625097
334 812383604
39 845966522
527 315781423
817 971651043
591 682737757
105 939752835
799 681117092
311 606716062
577 217145268
814 555070956
929 749668208
485 421497599
378 890033083
510 830576079
558 679214091
954 441976266
8 947932974
252 520275643
533 244869690
513 461592023
238 9993422
265 344026813
245 684331528
261 180586086
38 281136408
214 180125537
640 147019966
316 481616752
50 214358766
142 479839281
843 475207909
517 143971094
479 151085385
479 370873538
33 309354780
221 101048798
635 413365569
160 966032869
336 293262725
253 410894415
54 94100460
670 388044350
195 664636297
804 506993529
738 465147004
431 735050433
247 280239341
835 141387148
916 545738307
978 177124986
794 896935197
323 420561282
89 745763317
938 11883466
510 231538572
881 354433490
701 273816563
492 705852025
23 268166767
386 826102222
387 133218905
672 220234305
361 757948894
777 90879719
337 481750332
981 233036337
288 700005565
882 520434283
664 577109101
499 13341422
208 481704956
326 555949068
727 146793773
694 638568886
774 249515494
265 404176754
456 515491894
616 164991644
393 404948277
802 436593972
929 434999005
760 508700529
188 884588447
539 579213173
655 963893396
992 267764981
522 326373870
919 520183484
859 962727267
663 204737190
911 854593704
532 256784140
924 172978027
423 148066614
563 940053847
989 95688528
385 695345393
256 127642337
499 497813962
757 5594028
381 740097963
501 133751484
819 786464538
873 678381126
399 229382596
254 679415491
512 967832188
271 241213489
872 189107391
154 5030108
945 782087814
76 992111752
99 964051553
43 13490119
59 71153835
663 338337294
279 232243685
542 953828437
125 312968725
362 813521713
998 19678941
262 799164281
965 902163221
554 952403003
719 525214511
4 756641567
452 301419357
79 123811247
520 830367436
938 326967665
92 963008444
520 475218555
945 898366148
764 698620153
554 455694093
885 725485099
236 543927516
243 783502250
173 83475904
477 697544230
796 314022295
186 240391149
377 61534661
909 433962538
621 827886578
446 651836179
782 466761988
907 54043178
169 801121895
812 217672961
758 779219595
378 598756734
752 915227774
81 84081787
857 612257959
129 503043911
24 431366150
111 128582759
411 119372725
338 633226822
954 789950105
614 782123574
16 543940504
786 669967185
849 971620830
402 358052898
218 517910160
434 939764707
130 447739019
607 482434531
17 282664182
295 617567731
30 782401048
972 633110911
98 894606662
41 830354343
613 992856288
86 734994485
951 834650208
295 91475030
494 840168202
985 60082994
482 471428283
981 908371328
548 229422799
617 728248114
826 879816337
282 21217093
509 71846033
117 574840421
18 103004489
269 989817819
382 826771781
815 388627924
238 735885209
815 134245788
178 225063119
898 301863709
2 293971392
503 52461157
117 224668544
280 736813715
43 740128673
131 262198040
952 99033722
504 39018172
172 90773320
586 578855392
984 414742395
243 617400196
985 388688772
815 740803361
777 191775043
713 541132865
56 330013645
256 976466796
991 751892162
9 400220647
948 450854816
853 170460681
315 469916395
817 452067694
668 202036157
463 55336822
113 952314790
854 198908203
271 142060132
767 173827942
860 607442850
990 959323513
595 619454579
160 379709976
661 813756154
625 256384797
768 828109883
864 750150793
490 182669585
492 369217074
995 555450367
909 499995718
737 217923038
588 867495704
199 274574794
678 177436939
547 54315496
664 31743536
875 692189198
803 764968423
584 774781989
470 271061738
19 2364694
384 917916456
375 282387056
29 45536214
162 868254681
26 199142881
212 785768124
111 52323829
251 575912100
361 158033325
668 50272887
854 772130615
289 547012744
564 927463894
341 428225403
740 724423513
640 243226034
186 730654020
182 68921780
343 97706153
443 544597100
812 68419139
833 632362242
315 916924760
826 212187668
756 116641019
567 977250596
423 288052663
545 343101017
232 902350276
639 524970263
243 96634630
684 638395347
772 386489352
266 80110409
910 605178992
881 82443826
207 112611407
170 441334970
660 126131721
65 277819239
651 23021907
182 690859
703 139111413
252 227266507
381 985364604
582 716764848
665 146188249
998 20893313
498 974328130
580 313247721
353 775730465
353 205532541
332 234695610
272 915496263
874 48733095
59 718791846
704 788612083
17 806378097
471 615201576
495 222412085
537 130118905
613 92465379
352 520812706
706 414764709
941 495524849
152 894382239
307 604807456
688 621566312
630 857112008
931 143128204
752 985288372
125 882111550
387 392001656
573 672241933
400 512412331
976 367998570
68 456022797
57 129364643
222 8912774
220 241631923
929 85000222
877 595507676
548 713737722
875 161629983
261 580852029
628 875817457
358 238268916
37 416418282
955 624909084
448 93015101
485 427051328
307 233478283
810 987032714
697 642549499
15 870371517
189 38729777
235 23409322
48 530114720
988 12107347
557 384400671
756 641653034
752 820447325
24 488595915
384 493041826
81 545692417
809 156802901
760 100235733
106 313677974
78 351958910
175 156805877
460 80470779
461 190826027
965 688850184
809 804051865
349 320386810
256 725086806
814 445327535
137 489309475
536 126688433
552 558654365
786 92264011
157 444230164
112 427426545
170 693584631
496 540809683
865 91408943
729 973730910
917 317897320
690 707467710
454 623735950
513 123306953
230 289904682
995 380033077
296 384108215
97 608647933
553 856993622
5 643651175
601 364973544
134 521562091
241 223700844
208 484299398
675 314231964
117 681795529
367 269002362
492 509181312
730 758830899
441 652522378
465 678688672
386 616417045
186 35278918
120 840121791
498 341482945
613 588226888
20 661847350
988 679589970
83 659542575
480 667418750
988 891164621
56 252937148
779 119911426
654 641111952
631 253892192
537 778463009
314 762643847
540 665105754
824 79793779
240 423579612
524 569127313
871 984024627
689 405204855
311 797945645
119 433302370
896 745159285
214 350562177
337 792922142
879 564273429
419 71562721
502 72684835
506 917944021
904 346999307
997 708651356
425 3377785
537 969524308
116 644369404
906 320598474
541 326491368
117 847303688
651 10882221
94 602208348
29 208886014
820 548902098
477 885626952
631 418967190
659 614610723
13 745598295
989 218946004
282 780929978
823 1742628
820 929165385
519 207086591
102 878218908
578 425557207
369 25485418
734 102999216
246 703997214
736 834321594
919 160719307
744 332178129
976 769218649
490 477328207
758 807810643
86 59639144
944 780000022
877 386202858
418 127283010
197 328591994
376 198239698
327 852742685
186 374743322
596 87367760
760 976742252
472 889176543
240 578415401
757 611013407
238 767305012
943 235462200
695 103081926
608 199685057
422 552678082
820 580959186
837 294070084
324 467030112
460 436882425
648 853541915
113 849598542
178 642189860
399 615701388
301 19115672
242 459025177
782 40682140
183 120070285
203 558405131
440 759937993
611 147228054
887 268844981
555 330994991
228 5598956
291 618799366
762 949987280
885 825461557
872 459640716
248 854452116
245 886670457
494 558365302
535 162510972
132 730605576
860 603757909
108 426290694
578 136263706
616 87700551
6 68323606
578 613985315
230 617369745
7 554371354
710 125571250
172 61805921
799 305997671
415 761581446
702 370265334
315 129816865
638 613707904
999 554348436
422 283604315
296 650596887
311 49710337
58 110671490
359 10970509
851 49399448
134 859245547
530 555304276
118 44077224
698 776301648
569 114238116
329 395199746
193 585455266
845 45339970
240 790869937
993 476537859
35 17217344
682 926009524
943 849349020
570 561370715
918 975283534
195 878641179
821 142177484
754 94112265
736 376332592
547 627501875
838 78535710
896 285746758
116 108961829
714 544167928
815 347695756
768 73846545
426 590690213
409 795728102
410 74686239
492 56206808
518 615585624
440 435366951
600 85637930
171 918474488
310 915879930
223 12800442
223 220415397
704 705269261
451 958525375
178 107332157
913 167123874
606 571694337
967 841806349
42 2957098
511 869616225
433 653369106
376 685094438
13 93856933
712 791823066
129 508350295
90 462286236
764 530801654
8 94989520
517 357821875
701 561447882
477 193883653
382 316627541
22 876924267
282 966898817
792 602933475
419 90955541
375 498029658
980 380869648
454 737639868
604 466596279
340 653982709
744 645189921
677 301945144
814 821047044
528 277551292
915 98694207
625 484606543
377 130202389
373 558380363
971 914692687
677 329452985
312 27361411
605 70489345
304 135934140
960 823447301
103 344324856
328 506072247
746 23669775
699 823957531
785 915576135
331 448625841
910 222719425
816 161826884
715 413398078
848 166344392
446 845463877
722 720536517
141 551687719
149 240628489
337 35079040
248 302426679
872 515795691
156 294116743
839 225047918
778 772975247
291 600860765
132 21712773
313 289641127
668 431373432
22 234089739
429 63157048
502 447996278
314 673308601
668 833253034
976 120135599
84 82445759
7 708782566
69 13051857
155 861014029
210 7673859
398 123411621
116 444337531
324 35939347
514 454600249
487 521393184
17 378564634
158 343438427
961 699332979
913 500860460
942 164859721
189 116478428
614 686876413
441 791210262
995 760195828
666 97682319
426 390745779
703 65019725
986 186575441
29 784506968
449 349319227
212 610966269
830 995112696
707 557759536
300 462863078
825 649185539
182 363554414
114 46350564
305 23900897
297 450465641
58 700804684
471 115385510
970 651782551
932 823676967
864 823885821
205 238790082
776 55508237
593 133333214
937 299200779
606 51010806
773 305046217
904 429408744
619 438382696
451 2406886
878 579381414
319 69152294
987 745593452
211 138398236
624 259974271
942 248701798
970 483594566
857 813331873
844 880041664
646 496273851
987 447041590
557 496730609
269 311828925
664 747894049
783 84984983
626 512416754
749 920542344
688 764986014
363 109650402
155 337437873
793 556622132
484 750583213
267 407484451
933 421583570
230 267023352
285 814665394
237 7604358
750 926786922
81 717757430
402 86387908
233 731508814
707 860691689
399 95060354
80 514548029
279 938726310
185 640463248
397 652002172
490 222820646
981 434168522
867 140161129
59 916218972
259 657966642
799 633518885
851 331848347
269 209776143
229 279448990
534 93290516
15 277829968
283 10620098
656 21102046
156 569465614
628 210867489
821 792566353
266 65102922
483 776394960
763 640467114
300 779622129
636 526496343
940 499780711
409 194565748
811 891301709
136 794749356
100 894310560
545 94819534
455 696931048
258 164406055
345 229239085
753 422760671
380 239658137
204 129997178
397 146063707
438 475615097
677 861605173
493 112767702
328 384001165
37 350475890
331 790505129
313 396185609
483 507562074
533 791048814
741 248845381
786 603630845
863 443005303
961 486731207
713 425365693
853 468683655
933 271866190
953 241704703
547 625186066
364 643316410
885 390715290
313 676499848
793 471258580
887 141158615
441 578009824
709 662111124
733 65819738
899 616373807
691 109963146
552 594440844
279 721674004
682 119454314
845 121895466
695 551956027
217 26944843
803 287401277
815 204320569
447 132702967
845 662764224
497 183356396
75 657304385
281 460438123
276 593158863
592 839395698
642 646074523
92 12402182
813 263641632
351 881410242
550 459028066
983 657813054
800 879534581
537 816401318
860 303277100
271 436321160
571 658119000
669 277736500
292 367925198
572 604291599
523 289910103
838 112440007
221 792400399
687 735644385
827 154366632
642 312314665
727 102685537
573 473125009
359 17434054
89 378456520
549 179312028
507 772295755
169 459774882
115 637307194
755 431271539
595 296786535
208 372839959
16 745802882
248 640211163
329 289108879
101 612576209
394 880529860
21 973058903
942 790219141
320 494429856
180 396259920
549 463063501
507 74630004
933 439554920
812 27753671
897 97927826
381 352289450
235 674044838
393 214402213
921 870501212
739 595131013
542 226391838
289 340429254
281 784029442
101 373961851
850 11098907
902 455106367
326 343073601
278 386954774
51 769019914
423 128734419
252 16878417
38 373397429
961 394512050
352 972436876
682 670506958
305 997778661
408 267125683
826 69559779
823 606514250
324 423087342
891 339412627
806 479836981
49 322196604
745 368805279
479 996917873
602 535827106
160 752465130
122 836227463
177 305577083
841 299358015
89 924991671
461 975368453
210 1974019
746 379587830
51 801670561
707 477759217
224 26999114
266 615883824
969 66126409
283 272984733
908 95241386
62 725583812
970 37948171
379 25248732
903 364518866
580 384695811
279 776499060
543 820309643
592 660210268
305 777661826
353 106847021
266 186252255
543 416001271
374 701776003
961 443609986
102 765923542
129 291624421
205 248923984
530 172201658
720 36397079
94 162295706
327 3041560
39 750779093
597 595609970
608 106982484
458 677362883
625 859204562
111 391564988
87 525850400
110 685566906
460 533513768
422 561245658
89 984140078
519 178591399
676 301060851
310 528457245
240 880973659
195 110790168
17 978764073
469 183522322
760 257312950
80 241883690
22 815077507
797 526281331
213 64047177
17 588620758
668 207903557
474 664819528
413 488560642
752 477783516
145 945416341
530 383515143
655 942042768
9 673644011
402 435575718
374 105076879
39 123888023
418 712733607
259 19592461
432 556037799
265 439062597
517 859236318
354 78817480
107 117887546
578 288219230
22 621117843
25 525004758
871 357120033
942 110546616
637 353034917
28 846517242
382 369522022
756 543556367
589 118880101
897 749082986
61 834989734
168 573269571
901 404080274
388 608354863
240 772799809
567 188248521
722 747896424
365 801319849
473 143912920
632 980816904
894 269698654
29 885512938
288 508259351
362 790187828
924 832099912
124 15635179
825 885387198
960 449971470
56 356553399
581 986527836
400 50343380
561 273922154
699 559573588
631 147865828
553 55309049
228 114909216
921 825942309
528 987240213
862 113141764
674 2709261
221 608144424
139 458708104
226 456443805
810 709514481
575 634214826
226 491098981
462 136331449
913 729198787
650 789635210
172 511248460
841 331439862
609 341447748
660 746095857
472 101498853
651 337213098
354 684035360
567 571476434
671 223991404
617 815144144
945 135282988
6 211882062
987 123259645
878 151637858
603 945080766
517 237571782
15 9050582
453 154676946
148 349229605
753 151431228
167 689905355
575 502229079
971 4042089
423 548855084
398 75582281
103 140778847
462 325827417
866 607565633
445 699361196
924 235586242
170 407250287
438 88749214
394 843426986
768 16621486
893 672453035
696 276516833
189 282419852
155 6832905
140 631444275
193 167950286
712 887246204
468 456513055
436 102044795
450 933866705
462 152365591
704 780835854
404 886361672
895 781893036
879 706581816
727 59838373
261 84929760
429 113030622
459 22175572
34 485391952
341 49989013
251 432674969
407 874397405
772 313882744
202 336664695
125 700495592
678 665841327
704 465860970
949 826937255
678 568920348
908 31360036
280 99286967
34 65763547
695 101292225
37 89426952
529 591648579
190 534186768
174 413971983
165 141170939
420 321909125
431 203248079
876 65952543
542 349987809
590 176041419
901 325447691
382 924364216
485 883328656
503 317944584
793 301725459
812 670840250
634 55383887
275 168572810
413 810720084
449 991374406
473 850463694
45 29784107
788 785210510
708 119290510
662 818788946
364 960468711
468 215525742
356 838795745
295 2575466
644 217063197
50 762363288
87 18152863
560 140813522
621 662017350
758 442605757
569 633962339
806 799866469
661 895175292
686 954409788
807 654447680
810 196858532
848 324473489
807 116299086
682 150002985
814 293081211
256 518103201
928 192058646
886 49284910
1000 697801287
916 837032123
293 727788002
546 43409770
699 278321555
244 583267947
108 971152790
21 473238493
8 360270388
718 527646035
903 786863091
489 206101848
600 58372457
819 337082158
968 43344814
573 506249892
369 88898931
477 614976322
338 925573216
965 282470892
842 338335908
459 563572326
572 474034295
972 435174420
256 14316631
653 127020778
614 990093431
659 80522064
440 599210743
236 87074588
175 522560505
238 587079067
257 15056274
496 136116608
166 762170185
515 284779017
161 602302952
58 210839142
713 843280200
351 629055636
629 101168220
218 941863338
686 458830022
5 488682036
741 259285326
40 601337928
258 95331050
401 16693784
534 908599855
800 502299790
923 776050969
623 37147810
669 668233889
61 549121831
371 742104995
74 314894451
289 842112918
47 879502504
914 681268251
416 865526352
482 421782027
100 954470444
385 701131612
705 944318641
467 729072114
801 585022535
685 575113425
376 838118715
427 530850994
475 254906150
226 922975986
621 519769820
616 591447908
919 921840901
972 885080051
785 511489315
368 330633504
466 722678542
776 489437932
193 18565867
905 172099772
992 749092147
936 283028775
853 95283562
587 130050900
754 604379550
198 442300347
96 728716180
453 76613861
215 197035956
512 797259612
365 457549199
306 295227727
684 36844941
638 683134928
196 928703193
579 822603795
620 119949865
618 29889030
575 366465444
533 7174263
432 506774824
735 935448943
284 896405858
645 246104187
575 882083563
30 791996146
450 154178379
616 489331683
16 537285338
339 66466532
153 331217227
978 933066616
870 844407237
653 120484805
639 62845523
452 193532260
124 890664905
231 246492467
223 381900818
730 910800645
443 196949823
549 788796772
760 467481673
49 156615254
971 806045531
518 623680657
648 278006215
480 312442200
818 397904681
28 354100421
365 931166100
716 403508637
156 304905061
683 271957162
854 790736729
524 311954213
623 976388201
664 705717281
985 423374939
591 67233270
154 343105624
762 333171104
196 200525166
269 723744841
54 803610456
220 398713083
173 89255128
211 252447838
665 498311452
31 434843006
174 426845805
124 145791054
787 662626741
181 322892890
59 197769057
74 279135317
259 999708572
583 748705690
294 929437580
404 52990958
507 463749443
467 557378048
238 274479026
892 529214379
691 862339234
751 598020513
209 758715284
330 207912818
906 33018470
76 688728570
579 7537392
844 872708810
800 793489760
883 471063117
198 43688932
339 624187465
206 734080211
385 179640262
655 146716795
664 530777240
173 314250952
709 317750923
634 271030135
888 616513539
961 192024554
259 809691564
518 873469497
18 387068237
293 64765726
226 742012194
399 662190931
641 432174121
188 523473026
921 131699971
88 930434224
513 798868202
766 253469378
306 328966287
200 86659670
682 672198243
643 167380417
281 783830529
567 726820036
57 961890510
274 850416753
37 480718610
235 47327987
590 594115496
686 527035718
620 327500317
272 265017796
956 102646077
659 29849812
133 120285034
91 275153409
273 203186317
975 544333266
812 208498729
52 381522253
599 206287738
930 112272624
330 352891851
129 737296700
645 854611794
505 222958691
567 131932088
973 87251327
693 215768060
31 372340861
314 215403030
461 859509097
738 91587677
496 564344705
6 118219819
257 676432012
55 66772009
542 982435892
310 75551252
847 834447092
775 169396046
986 453200747
481 815076121
977 857609972
523 731736681
584 710826453
562 408698476
129 772161365
765 679489792
446 656142360
750 592224081
47 92858865
826 560478061
75 959303721
580 326820745
70 410826052
985 411606898
841 34504180
180 146676858
544 15994438
214 583722644
314 32597860
378 454500602
89 368339723
302 963547003
853 173807619
289 86745854
115 644435666
295 818002873
661 308194040
652 321154558
841 43935234
234 667771157
430 541782279
379 363273696
672 582989670
446 97701604
936 939755131
299 704227402
534 737074539
681 785434985
1000 1164816
998 867541610
549 667017214
906 553365756
469 242128214
158 128841874
854 450815426
433 583177679
285 126278122
484 876518989
731 168672518
784 14894557
459 358413059
763 638211037
190 376961617
926 676567674
188 788398721
704 8415246
989 848102899
32 971236238
17 97385159
673 476469287
961 869377624
525 550743552
123 16261423
151 349800329
486 220655153
23 91731833
469 891502723
697 659341515
848 103944606
89 798210285
469 367368072
196 932742739
17 148955125
131 449742255
838 571794560
782 81768474
889 630391183
157 325296466
185 349540314
389 96919879
871 96855848
782 621384577
288 814316528
849 464386320
337 809052877
353 263196
924 651621489
500 383667870
236 592928562
702 229194320
454 391875135
839 44116578
461 784410276
382 507126699
77 223011835
754 675794826
449 987152354
699 31187019
34 659452806
919 633695045
376 828127549
710 795826412
250 105376071
869 829581559
705 352750622
594 844065998
676 499970536
206 539525230
860 452422797
313 639152848
287 957056254
661 116926898
763 153975266
848 414678445
709 957665210
546 84609828
666 943467901
443 335694155
113 377158092
326 23664293
671 72790767
531 48883790
909 905589067
818 245924695
350 923595725
972 728690038
225 247355303
220 949408304
890 757878700
288 887247810
423 582635844
998 46663958
188 206222077
940 878768407
998 764324711
598 392578898
883 964092128
868 768933023
827 162475124
695 943275030
105 122146253
546 39240986
441 112538909
696 364868348
443 986491827
328 29137977
77 277655083
308 630436734
156 780834487
237 289752748
321 836159219
144 25383445
122 42512563
54 675082423
567 22448437
161 611152213
647 270290779
483 73435586
278 778419888
381 264599914
650 514268109
75 814908770
517 899735984
319 532952209
686 627523002
764 76066320
909 73869894
540 3154351
671 349202159
85 899196490
604 450416323
714 312892591
639 744155406
739 300690362
312 286577323
668 428229118
246 470165
289 996781017
475 513840843
112 31175816
909 922572704
143 901425011
251 855929708
653 280643591
949 55272232
612 897046792
768 891080357
539 57221172
331 448571578
758 6555223
759 737119366
951 592355550
167 806739663
489 328752603
616 525979817
463 580821445
800 979513922
84 622032759
834 172859392
258 769135347
598 702456189
991 791429210
14 621980280
384 233882362
51 842290454
153 219700577
814 487610670
149 14618667
197 263671254
486 177024994
457 926684947
926 502397867
93 414517195
398 99400475
696 367838508
565 580982530
181 474002804
936 884374036
210 259896175
771 603600292
854 713499899
9 191493744
456 725970707
448 709130549
194 976134139
71 824927348
892 20255072
584 793625299
686 955456199
702 180682586
582 542811124
333 943837710
67 30526928
849 262560803
913 190602810
763 678553719
170 716356646
80 581615557
503 412616778
802 706264116
565 424916790
988 96369863
57 369556200
233 306217365
6 896504246
743 835026971
789 171652345
811 698418361
951 458612619
688 701899360
291 263167069
886 951515736
95 637495339
528 811698688
496 714970375
87 536288587
255 750431117
413 199776842
985 415776083
521 688589565
55 684113129
242 778890751
417 860609209
864 176531550
481 341070806
701 494972853
817 179476611
343 522728019
981 491262054
324 550899831
32 554446104
367 353810638
612 597819065
827 706432938
764 881976953
452 268882137
727 818686358
380 123879329
987 36649735
565 757282653
970 375399202
590 507081837
972 119392144
998 756930302
557 100932370
929 539567569
563 245637652
223 510679209
601 883913842
444 62684132
50 340807889
973 376895722
336 358287014
170 324318091
687 330705723
93 297961986
223 855187706
304 222288353
448 198964563
875 740740973
231 966670127
83 793825073
986 590574059
83 978375856
722 152292932
769 912933143
441 757651325
906 18420911
154 350525490
712 379542500
397 496136806
612 166763208
923 125235830
851 749853215
205 715417184
864 110917543
470 765022376
245 60370939
698 126465404
509 114097182
648 490382854
486 58348519
299 460498411
860 505572277
564 725394613
713 986396742
214 37982254
554 492332078
171 228465437
955 127098039
786 434001959
580 581967711
517 611440436
61 733958242
697 36143803
957 936391021
796 30419454
208 493967416
106 267314489
321 924971641
444 57979594
867 185837876
266 938381696
628 558800459
398 427969431
643 334303387
558 793394160
432 1680974
135 324901888
269 526986986
212 703765732
804 70738845
787 444748748
844 269941149
520 25053245
510 109938973
153 908166639
154 502892067
705 360616113
195 874336821
404 720502684
883 458739865
694 966150129
463 110750369
826 265659934
963 250438526
774 666178510
252 123032792
601 885847766
904 98589115
612 262191117
446 290564899
981 861584456
161 376049832
857 875299920
169 942080375
377 676292678
666 593226414
715 785253656
237 89281081
910 970897923
75 243217284
727 825902967
825 663789692
398 327743805
752 402277780
638 859730557
202 861594107
59 830368655
286 476990263
107 345416619
281 109845445
770 874542382
173 804831140
977 556299197
604 973965897
420 199627726
778 138359690
511 858600253
255 973855844
243 481884734
445 697979535
585 436144667
713 734345994
192 122962463
827 875434417
721 882446050
789 819730215
403 352756094
558 360402686
402 927713143
45 850196508
413 910678609
385 12525736
610 338686714
65 500443439
948 122019030
488 681986359
213 443823272
629 128165170
485 544380482
304 96485229
861 902350342
12 840983875
154 678406648
31 460084595
328 115366830
290 413813090
606 209653883
808 687517304
420 27168960
992 384945438
494 10009524
650 980044278
45 900931802
48 669928438
148 479812940
500 825510855
459 493015124
337 1645528
875 423471794
941 855734798
432 215602787
756 134998663
857 177624291
28 770169477
287 73654089
974 492770062
983 40052490
739 27710503
71 766010306
273 333187859
258 609286586
708 863459690
575 103268257
896 238757327
533 495839752
185 130092052
578 106922774
218 416808631
920 860542124
749 277714746
109 499556165
345 584301587
229 778509677
524 62938891
23 128273264
723 911530429
313 978933509
428 101848784
479 101221921
33 288366299
687 902361809
625 989402069
574 590281107
980 14006718
607 103608629
966 946211297
366 265120926
733 421997834
767 472243998
470 505753558
716 783523454
253 209280572
260 164401386
911 54744407
817 630793342
481 551516404
157 947408786
704 971835895
618 142666687
825 965709243
194 747260227
695 506769756
770 164918326
384 774494996
534 97005789
644 12647517
245 474005123
278 551886544
640 242190923
326 276627313
139 358009935
555 111360215
89 970650188
360 139527412
298 343211419
749 977268640
500 292751287
739 91803397
317 686652947
387 311537146
559 234665525
532 240421277
541 145627117
210 887456516
943 403470135
571 300056472
30 384959219
504 3486395
868 65014742
47 951604518
715 630944803
381 218506012
57 104803328
768 493635179
17 278431257
259 83929947
77 293692509
710 60294780
206 142713691
908 720768663
160 80119693
465 617780133
471 134548025
484 894586234
967 714527260
408 338099407
861 953483100
943 12647374
544 292311396
894 618311898
26 546675801
908 82281185
305 353143895
420 256123019
202 884355546
707 972771670
115 804174078
50 668367321
135 743496669
187 713118752
870 690405487
936 464337992
753 488685596
448 438747382
625 980517111
120 37510995
216 672912644
525 729432675
596 26273366
455 266133
147 172895234
751 9098045
671 569373192
289 652178578
395 341050752
738 798190193
201 673944185
508 506573308
788 592124900
656 986846559
334 894635992
513 837497387
20 292842338
548 891621211
654 54006530
847 109297496
451 875669253
826 60086796
660 700501481
351 452678676
968 118800993
948 821993363
597 240704517
840 636917599
847 23533959
697 403331769
644 679612384
270 130498659
97 62678001
186 356875753
645 411343888
498 416032657
734 67523887
975 37609155
482 134504420
752 937630368
578 98707915
670 774665474
917 1798425
438 818148504
562 854361640
415 448847292
959 597932261
215 153292500
459 835234368
924 747056625
903 150750753
332 311117756
101 612780229
370 462196302
99 543379685
135 904453797
868 450482622
236 492101788
517 20446918
329 790412908
456 370369336
254 134294815
614 427133927
331 144229424
501 77756907
113 234165785
935 897021562
693 391288834
229 609492916
891 717845047
919 528809099
107 89084850
592 860646535
738 260530187
560 754944067
329 42284665
918 658149528
363 387811621
886 809374974
868 285823021
392 110413258
594 619353216
186 240511040
159 484499330
140 483282580
25 334280532
65 157421147
968 37965239
298 801933562
636 553953502
225 831593752
578 657334953
927 132104968
356 630165667
370 2025177
857 651070684
446 499412456
8 232122287
84 452503219
698 191687546
880 193564435
655 381007375
957 392509838
784 407284303
629 777498875
997 647037021
738 265046982
79 88058913
318 379353458
374 138481650
890 17380705
86 89071031
996 870528437
169 254922718
165 16112191
660 517509758
568 953834805
235 671541817
561 135002970
173 732855119
38 821749404
747 21743543
92 186733447
30 858503627
734 37599339
2 348770926
13 375130842
70 474515651
392 369054966
843 999074102
657 810122751
694 141091927
384 5233583
150 1204954
359 145429812
37 161620749
178 807111455
755 826255922
3 492021218
32 21325894
17 990579085
767 207201024
559 854610668
879 130891718
692 334418678
750 57819863
119 353185741
977 375477172
134 509962735
932 13706037
996 141502912
777 129487028
620 550512233
406 19142849
196 624751638
69 291368005
156 403922417
137 673497366
38 812236742
79 644963042
806 544327107
707 462755441
900 934283153
231 955723364
34 810258797
176 106515548
646 292455738
99 946258701
804 751207889
11 922260846
933 661905956
8 472598141
70 907131964
587 211583632
910 62824792
828 566895435
542 939311090
759 926962582
693 562849188
835 121847985
996 527517419
433 668500065
524 425989658
790 827176003
514 803295799
847 932437819
497 217627567
274 165061493
489 496428275
52 159494068
363 432459786
86 527520172
420 933780348
788 851517617
678 386168678
945 619826690
400 234943319
287 117280602
878 545209654
989 64721707
393 574187418
884 468279574
326 851657953
364 842149956
939 67524369
59 899209412
881 283461589
497 946196891
360 408194897
698 895600061
561 772082205
977 96072749
851 384394455
693 827206083
854 65994540
845 205792801
985 845390185
671 703399993
969 556495944
909 254996540
381 280170266
485 199979115
567 991982565
51 23672460
840 650712472
707 609997015
362 272803009
628 864706353
558 143803930
180 886553019
726 999890863
971 81433382
783 481039682
263 673688752
278 309351044
589 777911625
160 123898846
383 925640207
467 955979288
761 116391265
938 196760681
144 100904127
605 460497487
647 343963489
531 170520948
705 302878108
996 456017652
657 230559969
832 355751537
418 246003935
44 630196216
258 339035644
245 122053061
105 492742285
629 630307155
994 41901372
854 703049016
770 708481132
293 685370754
156 84125755
743 586075389
545 350573453
668 855503777
563 824091007
933 211521279
198 986935357
787 932877321
594 477396848
849 561528489
338 497093068
961 20190609
777 285336750
772 527558608
738 885209268
548 336191289
824 176949834
858 110304349
697 193341971
792 473692354
391 85530877
813 402799111
589 862596364
117 676964636
274 312002920
436 128176147
773 898724900
474 63408704
150 35575627
222 797002215
145 677202471
852 934436087
623 96927231
624 238199847
523 612300509
552 358916602
362 493159199
474 513067261
512 461604384
244 25619934
8 304862
20 875115937
45 140007066
637 720399920
558 118785716
392 742261214
447 674355780
260 552114470
948 988573791
387 899330535
788 413504624
701 938395287
392 569071195
700 204722165
958 91663951
660 788134168
201 469814857
674 271824064
657 306330944
811 747124237
174 885135782
205 526897590
763 216688788
730 351430317
789 255487130
270 545352619
682 561229512
629 394035951
668 542179012
809 624555285
70 636435824
246 844124668
420 44041821
969 546482967
945 25338029
445 623988745
322 737725452
742 457408770
830 896413290
24 510631635
287 211597196
976 298792335
655 846904560
511 858572908
73 186850197
181 937457398
52 902824930
791 390308664
967 353727062
167 324062525
888 71497342
5 482744664
130 731166581
849 780137670
193 790287041
677 387385598
5 134903245
516 21568706
766 890537740
848 830339164
72 678411130
235 56360116
846 585911502
916 44496557
199 476966926
704 585249408
681 965208440
766 222820171
665 549895007
218 443358625
482 904164060
186 816017572
778 678346378
169 927180781
667 304069546
309 122139108
219 830653829
580 814565972
25 544533746
558 112724445
287 944184190
810 45149655
557 651836679
694 117949431
915 752117015
706 831040371
422 146155627
44 375727300
978 119574659
817 529526774
468 909650478
989 288187871
836 259905914
817 113576083
105 597265404
107 969156419
340 546213253
687 920857509
563 994767067
144 116450121
701 921465577
960 264893118
356 795439643
748 108775482
177 248097788
264 184200226
824 241708056
828 724407636
789 329552598
594 756113408
780 177713209
688 525547159
510 288812787
124 406826598
467 844106611
633 809615899
63 878414915
428 570739763
233 65229625
153 275408104
521 239588578
948 319599624
531 947878519
100 198393576
409 362609380
832 729078374
832 90962205
337 717414221
212 187897682
862 46915502
567 368828243
769 210438322
663 484219213
536 136338221
674 653733126
709 923327351
638 36437659
864 740192441
448 51045236
853 531993257
599 304731653
322 905966640
610 497787117
487 722292181
327 893744463
645 221031710
915 521627556
693 41753544
974 803816939
380 489777417
183 246215847
743 976063413
307 520834615
862 117124396
934 562959269
12 126602182
204 135411726
157 22409526
526 627966133
518 941330958
480 270599518
292 151025868
63 351028755
462 605705146
960 368880949
54 256865053
807 981906576
300 955573944
558 2151355
20 26949746
837 546672397
438 19285032
832 6352777
308 504973863
82 19607072
148 895892637
80 342378834
353 141164827
35 820117013
795 951204317
438 440481482
700 847488544
42 780556972
329 914076601
754 210466803
989 40560674
704 737780959
451 32948265
524 377868924
87 11460901
237 808979734
581 295732144
131 224618912
536 845986609
570 334235124
872 441138086
317 210775198
403 730913061
594 792187700
744 830133100
919 242953129
931 453379622
407 432510733
332 948551195
39 281013633
350 552406199
688 820502980
938 920799324
374 864754494
261 918313235
353 620267037
908 815613188
272 567483573
517 589924592
377 6313136
108 30847357
121 415730047
142 261431599
105 608148453
151 795231003
532 424109978
549 935372786
613 772559765
162 495731590
752 292055584
541 147230200
639 280418468
645 75624157
549 734378295
351 255525542
710 897232562
134 997611408
576 664461099
904 579041930
978 534055151
234 253504860
223 809570756
184 856145194
767 908097804
347 193628323
6 297068512
18 580176356
621 291071885
6 468722834
353 796491357
275 395076288
831 743107858
263 132721979
384 225597065
39 22264097
106 339585188
283 697382476
452 412075180
762 1290907
140 110549302
254 429903927
331 32260917
442 461834249
53 293258215
981 495246509
695 814937131
91 476347149
48 379687963
2 241180395
353 507093609
746 113337815
878 101978479
855 215184389
357 818280207
351 685380059
730 586256185
143 847159937
607 269566757
312 531309801
491 90893997
893 689066488
743 535664704
977 342666658
954 156279996
285 600365342
982 353251495
689 666937015
166 683424641
1000 963619266
728 293100138
769 840343640
603 62617650
874 565796886
227 423988890
650 691951289
262 714203300
109 787160566
920 643174660
33 946690269
789 87873013
30 648184449
632 10653611
290 916283395
287 194585878
491 138928055
911 321003537
424 112003660
114 93889440
821 754512562
71 731768639
346 33582007
880 422823115
954 693430236
497 20127250
230 474827045
347 536560952
296 782565167
728 901452519
822 999321941
595 636545049
123 158156598
622 174306759
417 153765515
538 22546176
597 262264746
770 281552325
706 755420148
903 830438987
183 154984533
805 22769794
221 908347595
737 688284216
9 419910395
447 828211419
534 955366338
70 76523382
633 59270690
776 29479244
53 185180557
615 321271179
545 600881471
228 356247785
222 28311761
334 82599611
389 464227374
290 528655565
526 524017283
577 351445001
992 773559856
711 976216400
188 10918738
668 386919539
618 340325243
821 122163955
943 106529747
121 806547339
956 600265733
995 754400494
63 352004134
677 27173063
142 887206351
791 669614645
665 669094642
926 573643695
151 766462220
951 834952178
640 502034307
438 265880001
15 111852912
600 968289552
509 487309959
104 315673713
34 110891948
699 240980024
510 737976563
406 714799998
909 96725043
961 639991826
563 66118563
667 732866016
140 52910372
946 650069317
697 210278973
547 3085020
248 518651967
206 782382391
66 7182468
732 491415343
280 596646918
832 924482676
549 401060054
645 482714714
780 125466977
802 373508016
886 187743950
233 418684635
785 755415164
140 165509169
522 16478711
833 421745308
393 91817422
514 327052637
769 25143952
643 227551601
156 609834451
826 756732020
682 864607561
635 398997487
403 964221100
794 106675696
36 215763709
679 93256134
584 282354230
188 347400286
210 474042759
537 8899199
811 45920289
524 708029095
564 798889161
116 449875978
857 182243445
49 414957151
965 196352750
814 925196268
64 483980041
505 801619014
167 75303262
164 124090309
883 108589799
484 94593282
947 367712666
102 69945430
290 328398921
519 496672379
182 945254442
663 145001391
451 126411957
771 59424702
77 293884893
672 704911060
774 28854024
391 97491237
802 456683705
585 527784849
797 992089616
109 6758519
393 375213230
161 354970136
340 763133334
645 187656042
634 495467037
249 900938840
945 570951366
265 762996820
440 725363235
50 143044789
594 913045509
948 563177798
741 332780301
215 570147900
688 51223040
638 3552829
674 756038089
194 544924608
145 376755872
29 746323343
124 670384919
949 555851240
970 977704198
436 14151304
612 668400664
892 452448334
128 222093875
225 166741036
382 146329655
2 340274382
144 224200584
698 417621526
506 741638856
675 134539057
606 129695428
119 13111035
401 168591102
798 2320109
373 192968212
239 135561237
532 586116038
985 501987133
479 324590898
858 662848305
322 405554158
603 966202029
813 147754168
665 961329200
950 386070747
509 862996292
210 913612627
866 376341275
809 933764068
936 916952125
591 763808587
578 212036439
983 411916123
203 546034481
615 333602486
124 273807563
184 459326660
100 914670975
95 440142529
984 572815742
600 128093164
401 39144138
683 711441711
185 123973596
40 301363239
188 344508786
789 516826532
288 317156188
893 999520931
18 1883334
389 854134915
239 652822248
848 776556446
671 180819967
217 687931469
467 216988546
777 844480083
749 534245493
54 19357666
278 812386438
929 959344270
532 737919349
150 137831033
575 648657159
551 499921588
783 998317798
86 617573910
437 292759608
603 631318095
489 784681959
923 197030340
92 849115128
155 752392796
104 20906268
136 129044436
801 57990282
964 99136331
137 544981667
428 119734182
37 999463175
249 794668350
707 142548851
2 208796578
487 680078255
883 916898612
587 803200083
832 760697853
526 62009486
935 357928283
866 6620060
918 286735929
683 336167064
972 96942152
899 540991116
413 726025105
816 552231365
554 224249373
239 699982187
703 916200099
512 704487765
390 410309883
961 584424941
806 750641014
108 441183759
716 210994012
29 395719792
356 942440039
588 402909445
912 466628206
389 220017720
39 517763612
980 651753828
347 37879538
946 416210411
434 857784126
351 960787964
135 5406266
27 763431243
336 812419041
883 500086667
410 712475278
61 375396188
865 530205564
266 321607087
717 879363514
921 889927841
923 186546242
477 126915898
78 80449909
538 774990413
566 628176808
322 347588369
905 520873646
356 637602005
240 973557466
898 520216068
509 463768408
112 286337301
281 97639136
416 559105585
731 124701046
347 685878980
721 68222077
24 418457691
366 816775119
189 210389206
13 174248950
266 7747862
378 943521058
446 666845424
598 228388892
467 482082564
951 957026971
454 58779907
170 81148655
458 855848749
874 510239116
624 37513222
871 532583596
356 470671808
362 214756375
68 786380821
269 230320124
194 451311922
545 552386907
305 31572944
576 649989236
236 492523714
87 477431639
330 682825363
908 454791114
61 435351987
726 931390424
611 581293284
994 803537011
479 843563945
401 36426159
890 417586851
589 27732515
732 466188403
495 424466782
518 974034743
115 26196793
74 625800686
455 707853841
530 232192792
676 196514098
754 138670405
196 761534339
659 174948736
137 100044287
890 490356675
602 925001571
317 456625158
172 220947193
971 726633935
180 287771274
318 317408980
405 356436095
32 182592349
809 134661241
416 728344661
91 532925873
636 832640959
585 727929954
425 155299034
487 930140389
800 927034838
627 262376198
303 602738853
739 774407864
117 773688189
388 790823723
799 718470686
831 894388345
575 969309309
378 733330459
507 781502801
830 313388812
200 342082451
537 76902401
674 600966591
831 275047207
641 523418196
661 665859466
45 388420839
961 656006678
966 926137273
159 874806921
968 946339280
530 555200094
784 323584394
301 587228493
569 812970331
598 355962026
816 209033794
119 396507698
234 238364786
920 139673653
905 990511561
168 298240202
457 87595465
110 130682085
593 62111085
680 621654106
139 200483512
711 562624908
189 488072413
192 416733481
15 311352781
734 901229450
826 993173034
252 291623218
970 143693251
463 875401975
229 133139741
657 686761093
464 335014512
699 942060138
828 268585746
147 52183174
659 794561978
374 866473460
480 887246246
69 583055277
56 667489138
20 207903660
154 252560350
625 185473753
730 490124368
122 605133507
535 90403062
66 754170991
584 671268524
943 926481603
749 190393933
301 766730904
391 47702219
93 399053275
780 900849393
656 299944664
390 24237868
194 204943146
916 257573458
322 39479666
151 55872663
573 682322697
803 370016919
574 806408315
779 204779033
997 126522110
982 75044003
158 950762226
7 554293754
88 821911368
269 851356891
876 778640365
132 796904628
36 275248788
311 637686659
116 992799379
96 413630585
94 146687433
375 631922049
675 887770297
540 119452738
499 470017972
90 911427800
98 855838387
412 521919839
725 41103216
502 843778175
898 767330616
303 596736913
577 373103245
734 870548192
982 980874219
251 49302768
846 701711126
24 922324111
867 99623607
419 400136513
635 879776799
110 19708945
446 658502981
524 302280093
114 231143585
22 963620259
785 618148284
195 636853003
230 830975702
665 807740662
71 746209511
890 220487282
454 423100007
794 770607723
661 879312382
268 750583282
285 13362576
309 483771522
146 526642699
46 649712545
159 800735221
400 843978495
900 605034259
842 975824308
298 194681855
350 284857954
342 28326463
18 210414699
473 803103316
153 797620532
299 785760600
554 307283295
186 498963713
500 368769336
605 701803669
46 300779799
537 617721240
295 875521977
629 288524757
882 363713429
353 522548414
490 235403371
138 37557759
513 173544182
173 257910885
882 753651896
703 922867263
304 126908540
556 981660476
817 137415726
615 437089033
960 336712788
178 391017239
532 39968603
910 361058639
709 83206339
900 699841691
32 771413156
873 611558784
508 646871632
514 62753018
977 581485036
474 607377391
761 836122305
511 914631691
999 877948508
351 259022870
95 855331765
86 66634628
188 837315547
176 654916771
137 20493937
875 897711357
846 624445891
966 681243402
218 614622348
790 427949244
937 133095842
789 466305433
143 549672922
970 777541858
137 408124650
546 605681838
449 210561371
81 610823073
940 81409370
300 28640333
866 117045875
570 92599989
996 21143168
265 187685956
394 701837091
605 850439665
382 627834053
148 991326015
95 324102490
8 20774993
837 380787124
323 95257164
286 411650183
949 793693541
965 260621751
990 435676622
107 27077757
69 156123949
329 434522961
319 402351006
961 829825927
151 107610319
835 915659775
849 653290320
592 110644230
270 791885736
342 966941671
938 431935982
167 75393688
325 92820144
650 528136936
895 444940768
109 615220616
994 694539724
901 155746583
175 83056200
96 802976683
325 186960761
983 86287099
725 497136418
444 222995920
424 175557750
84 271422484
327 424523005
191 200983646
175 532123086
368 615671842
882 274344606
774 12090051
768 250152072
985 537536778
41 768934215
719 307961766
184 143112710
252 295530539
583 510801472
493 175787629
320 936153015
64 496842589
780 456091636
265 126090614
487 44199105
995 94373900
496 728315615
304 144374960
177 936296025
828 967318362
118 648731838
610 737177178
680 995876537
265 20043499
335 160025811
619 482660612
370 700738865
211 790387305
375 881492285
422 522285762
250 401261993
350 53984852
926 54366092
680 55848742
883 575444831
973 575865139
876 401913788
372 88353673
136 580148394
859 163013013
241 951930613
530 643790628
850 503413007
367 994886792
996 155757632
324 858343310
157 998330930
366 788362996
598 605801975
891 255476944
626 290630872
936 148175654
33 683255886
172 547486731
506 360372147
926 857893931
871 311784729
772 351790489
397 188048453
324 226995177
104 667414864
609 556490624
167 725224760
220 240008386
939 494460830
299 936244568
606 955237111
243 16991333
928 774004623
521 262004295
592 962737600
341 1286421
640 531856431
187 167068272
528 520732364
159 805568635
353 956509863
965 537905309
711 827573875
999 681338949
832 702763055
672 811261335
796 904122740
785 512350337
17 768992116
768 81976150
697 969572583
37 25934016
613 219707943
926 846202094
686 89291675
500 921481912
229 113289363
792 82057495
540 433602000
842 620960357
866 899171995
40 411502702
149 96763925
705 21330272
785 748999715
533 784477079
459 204818224
477 335805384
932 983389857
268 443548270
165 385625016
533 1491528
287 811363073
704 597357702
943 828291627
795 777662279
719 809038412
741 509683007
9 848122718
396 858328440
896 69391831
540 514641076
440 770941967
165 860337549
271 541107695
690 746351532
893 495815904
634 316554539
689 346697676
754 977998609
497 793048509
638 83322145
362 410132634
293 710244745
774 155287037
73 803773102
415 12995606
521 577286683
327 872576656
293 677746803
227 832627142
637 302762353
550 119578879
180 131731056
477 22994393
599 277569599
832 822378087
379 248521944
241 200798000
857 682706971
39 407946237
227 495309797
751 897056981
709 255821792
783 457070103
622 395205529
366 904764867
730 847882340
833 308358810
823 207367211
89 576292811
138 464042131
973 700131506
972 111594802
887 88991871
451 909394987
803 297347928
840 627950335
30 868365722
792 797196596
389 46769430
428 984972186
126 7909966
341 927557561
167 38842444
887 544562278
793 780324135
222 58698211
990 810115834
305 469913364
807 115563127
980 840078090
853 774112998
322 727649097
472 82584175
776 535726041
579 628950575
329 635473338
591 243776795
817 480977947
673 221327790
7 485157827
974 996271134
833 767175619
188 87240283
383 852857195
865 659253965
353 817573509
210 39314024
537 632017462
178 631449638
466 516817125
577 657243830
629 26466928
162 540760450
721 681495311
187 243918110
307 454837533
33 708709149
675 924758749
503 469320073
842 306342961
876 670467976
285 843763958
769 53574240
819 66681821
731 523338616
42 144360841
676 577749053
907 145529892
45 809811561
625 174039501
644 613717325
244 21430631
466 160967646
768 252226638
116 157425764
563 703616143
103 916438203
525 413429209
134 515347779
700 534416955
254 444327267
596 960390707
195 345904612
593 816135831
80 663205138
114 13702568
326 77329576
427 826972057
221 502477668
777 86020085
723 539288687
382 715791349
65 759805230
569 392672629
608 768211051
495 21508744
816 903103504
129 407046569
151 357700858
294 46416240
652 199566556
755 780802123
109 508756979
43 546315521
222 149602796
423 344837230
221 81507747
162 67896613
519 636584047
430 94369223
472 294018947
271 62792954
925 781431409
400 859341181
817 448987883
1000 70658036
688 653519916
686 144290588
687 150540570
849 296245798
586 623481616
491 538815759
150 923944853
96 708418083
131 542842357
822 482984205
152 72553967
610 730557347
767 151308043
883 243812044
783 569358810
55 132207583
651 683497009
309 645680692
572 745462451
746 36509090
318 63278960
232 522789074
545 576420692
446 301372080
440 742264967
432 536966072
962 899375065
489 634699702
505 452927446
167 936675176
720 846086363
12 89807937
314 838980674
650 328184512
837 742305879
712 554848652
333 531158852
563 759749940
350 984720050
43 271164503
168 477310447
753 979265383
295 41509272
268 216932555
338 989873479
242 81429020
158 569539334
920 137298810
815 121961749
36 506528534
900 576523358
688 696194413
477 437335006
817 787736381
634 422286522
259 142916133
822 53245933
532 546404073
295 418409576
189 354248934
458 494854279
118 671821532
987 743530522
814 603043058
331 9472792
988 230253798
255 645283177
911 779351785
369 556268008
363 831344831
89 545448699
675 884822646
974 618824242
98 680227187
333 316037949
661 119114063
632 824130687
369 522325493
314 675840790
513 403445215
56 58168670
794 155676
493 184146117
541 429575615
470 509684513
687 54085605
542 272277311
493 537963954
685 309776109
422 13956745
659 378002084
361 681979303
312 163290744
201 622796015
455 595879865
978 947359192
92 487727603
234 836857890
383 805512164
372 395175912
176 431603945
736 189424201
393 492566781
707 344120067
657 6865258
138 272851128
207 867211120
854 831077588
673 95045594
508 625476442
364 128245280
905 43828199
357 761838143
72 543994519
630 699229985
457 943436922
205 530816909
440 255233487
510 730246607
313 39021261
138 368379211
351 906039409
166 225712514
395 820622557
40 693365334
963 879411092
637 954739424
956 774693125
190 326884385
44 107624607
350 652761128
842 67937032
722 12967104
69 973854701
612 735222178
309 188809469
753 3056166
983 858102512
482 510279718
239 534898139
150 774511278
859 859115722
882 784342670
403 499954343
133 968063871
511 800262819
219 310257684
85 90452292
806 496503702
331 87354858
717 728467433
483 313219465
387 351810619
970 25597212
83 426317967
725 912404249
85 730628508
788 368004979
780 68740449
106 358277978
923 646101997
547 878976596
496 164265677
165 204276818
437 736550041
854 126575160
11 836037100
882 460272576
993 267009731
980 509994188
663 567865195
971 122770009
266 112232000
379 263347222
939 795065874
608 61014343
840 143043741
121 821650255
893 954927029
970 499902338
175 778368752
326 585276773
446 369345713
588 318215591
82 132044179
997 701340443
272 894665529
797 187474859
43 612702775
26 745217125
78 253300373
521 160981853
833 878636584
351 248531118
826 173531630
536 124086634
157 804212459
58 116043075
282 890843972
331 412083712
627 603463441
21 546328647
839 773024035
901 43184944
245 31882612
543 564158492
686 429204988
958 678331933
34 791138276
494 19574756
805 411090529
53 399363601
997 590061260
345 610043762
654 266322609
15 976495198
236 615009068
273 648009340
227 190601467
368 418899830
167 786950504
401 448069479
761 23973687
259 77997914
792 187563155
391 172212220
947 685191334
140 726425434
543 244820914
508 114003538
770 81729243
283 269593772
19 841331
16 200876283
977 53511278
572 499463562
68 27122546
314 113886932
144 466944448
696 322886485
467 125029987
870 21960712
875 68584506
759 472729256
556 556506023
404 349637702
943 530951421
350 137760603
769 615453485
570 261785435
71 188971296
411 640782402
331 804198044
811 454245865
66 762956473
446 949767694
268 133094590
362 142095439
409 55826484
319 483548592
487 539925344
291 99937160
290 546349342
873 331310
512 684893576
566 805752095
511 790321999
736 437408821
267 221951359
429 800084860
809 184552282
929 85322310
804 43835139
868 77418904
855 433084891
250 965094155
341 660653557
677 914265276
434 978920633
872 787840678
881 5100694
200 604428921
204 769015108
126 762352630
598 579099703
646 690820842
440 202332542
926 684549746
887 993868881
906 668004211
133 827341527
568 74965144
235 82971665
603 218395874
203 31345468
814 726010833
203 892283057
755 536315659
813 731105078
387 290041420
737 839755897
319 173094214
655 697167489
426 5849517
745 723548641
100 270234786
222 63956072
653 535163848
819 847062755
41 43378040
943 525335775
895 323583006
659 911167869
482 837703912
500 510448894
178 614026272
756 51659060
181 84531773
204 962588543
913 799962957
494 504553080
143 309284908
283 512650247
459 838529202
276 716351138
632 76026906
823 707193090
516 822636151
264 51221232
97 209565798
567 748226927
943 604392831
402 342151007
603 442544200
620 70071817
805 201985322
485 59278983
573 249621557
385 622074556
199 925750640
523 197695782
663 352654629
380 883576997
349 245382358
330 332888497
551 864847013
511 959813889
12 122036994
727 743346359
402 347548812
906 4864294
634 17130019
373 182137629
587 838891560
868 222077672
981 97855659
767 23255837
902 953793651
589 14125682
704 517538764
402 633310348
489 824846078
836 414516505
134 54929309
36 182099194
918 432531831
193 754311759
162 749989491
340 668077432
511 122466710
884 511782615
509 991986357
990 575476816
978 83001474
967 239713428
247 820425007
30 628053912
949 490024666
413 95810525
208 190575416
40 492723987
475 481261694
651 46165166
402 771463772
434 22562854
505 395268463
720 742533154
537 503515649
905 85115269
708 475604503
88 763537539
339 95211978
982 127846636
322 580663582
886 497288577
479 46775039
82 955789929
586 408395350
95 57883763
7 331621393
717 151428488
64 391758428
7 816619046
813 142641293
643 384617117
393 830045584
434 970805909
855 117796672
692 504474196
624 969547710
241 175481035
613 30099738
565 504471484
414 400850755
529 477937407
111 422416392
872 330284475
901 643229092
237 66608904
969 938749306
837 303257077
846 906336631
995 621068913
499 805745693
391 565008675
15 840097898
156 701461109
623 602693766
994 390882912
855 433316256
688 333766243
481 775401676
982 823654537
496 128293046
674 116817832
874 508867695
241 124148898
723 952047265
946 957457408
868 480924228
681 52876461
431 146372156
406 419606580
79 909499133
479 586150029
581 718790155
444 274413246
867 893410237
970 29593730
241 132736165
81 182632897
218 263284596
429 470405985
776 152281217
673 987691135
28 572333186
418 788923987
228 564934311
180 535716215
686 576025826
95 140403213
65 185142821
905 354176210
974 593413205
31 946282825
836 628580421
486 123443775
173 855228301
258 152424116
993 168185327
353 957893347
855 893650532
156 756437810
861 848815758
577 748151233
529 827645791
939 533606646
251 489706881
226 72812894
349 233666822
344 435997092
193 254546737
900 640763954
323 86054527
38 893332602
688 166640779
451 629549710
614 405046530
858 988502554
823 721712325
435 388406717
28 975234013
615 130312007
361 543363977
684 74379619
366 248248000
314 784483175
209 39534879
655 188067540
649 500635224
440 67685626
962 144878474
778 631835321
469 277897588
144 709839827
626 673980202
890 640097056
370 25490292
120 382706295
910 187056121
717 481086185
436 52646712
466 286124409
340 361495970
391 679610670
342 709303682
723 970842479
812 693826887
200 150836125
539 546719575
798 353069073
554 427096115
904 626290769
491 49566886
986 770146080
455 397357469
147 233572046
897 240425016
712 201067572
133 477891426
867 909089180
552 66061205
954 724089256
601 327428691
173 693832543
921 692933514
201 636021158
357 310564802
823 869525582
570 696897180
167 922242721
21 988954692
758 73423010
975 717718190
381 478280549
650 132495345
282 922577149
214 815895734
12 31885538
226 895455384
308 271846275
782 6792362
782 587868694
110 562019096
232 121903714
420 945614017
168 91047173
825 59726322
84 622354782
319 997726081
751 862919561
838 447653191
910 877060401
608 52701766
89 11988869
838 667004498
988 748318490
550 2650137
393 342000442
849 470307350
913 806415926
77 82690937
749 487843725
849 172575576
436 780858613
810 174514545
194 532814426
49 186424617
904 665624625
994 388326261
458 966036670
516 797421907
572 297189498
992 485971099
142 996354390
110 433088065
67 893370036
709 135634017
324 863707939
455 370348120
114 176348395
483 205302502
110 28643059
610 345429022
342 694452947
116 916817027
95 296948788
640 643499269
100 698033303
838 3420081
921 911282925
76 292439157
170 328427906
53 686618634
626 889578354
873 140012803
846 898388769
309 217455543
85 902791833
800 860869136
359 654687443
827 380803021
650 215984640
340 757711132
232 351709318
74 72510893
223 34025822
410 375113483
206 281756774
928 817445411
480 214241984
628 99095775
138 304039967
598 88058181
279 765901303
111 714229386
377 420113122
219 241600894
606 451339997
225 945455444
513 357296623
537 74692597
364 590027413
486 825048536
174 741397703
649 562099802
303 440514189
680 733246960
148 603659139
135 11050020
695 587303540
76 921902496
401 35534211
840 703076074
795 29468900
487 18809647
291 367598702
124 988020571
692 179587298
930 498713763
296 647627852
990 412295003
732 625860062
818 110955394
851 824671450
410 26105723
544 721559257
476 460302716
218 888276650
190 718462434
811 518313005
76 112915995
180 80160327
548 827032372
155 9349450
539 122625393
266 515633439
479 126087857
137 764140293
217 530417742
996 233885285
88 736239187
310 434442285
508 525624646
972 705179413
914 494171057
958 722605143
212 43248365
869 175988579
331 492120827
299 767660541
643 305511965
256 863452602
418 931023583
97 754377212
796 358184031
427 399310174
562 152520407
533 111997529
144 699879717
756 462029336
810 964294211
98 951855782
424 9892542
372 791342150
192 162044138
2 61041592
935 582229249
298 300766891
619 854439754
309 325974753
667 590212204
154 823778866
582 488401697
355 37422685
682 633561831
789 378769998
353 614717652
390 184003560
968 218852465
625 967406455
949 700340560
903 449567984
623 505393850
537 365413967
253 95514413
648 367694178
353 905332655
65 530824123
505 69698770
466 90407496
900 118975210
503 77193743
594 636640414
82 375409515
685 539015796
941 245686788
350 27703511
894 236540892
341 587187052
766 689536319
593 527509377
68 450323720
437 755713551
724 79532661
639 852179564
985 481190544
692 789212322
803 43497369
736 111000383
755 885348178
355 151831895
346 369848597
461 442974363
27 403409204
162 882090358
912 360932683
436 139806791
533 119258187
137 291937737
655 430573445
634 263758138
489 755879961
966 368685923
269 784433716
986 477318325
837 526218712
469 569230385
934 132042296
669 196546206
90 30524015
944 488319680
970 908431702
807 74981452
260 746987130
267 828822371
945 545369524
598 391605342
499 98927857
675 654050908
425 98899235
16 333482572
288 386285521
712 51691208
401 358132283
472 791310051
271 812467767
417 608814585
161 933164083
401 561585746
19 335595858
982 871162849
661 169655215
916 5921364
841 264893335
126 815542914
157 93184569
632 204728757
431 857744643
315 873110569
421 108837330
858 407907182
961 637877154
155 470131109
765 462039259
614 352547057
284 202212973
242 434379668
412 595758351
305 71004620
4 423236249
919 709044094
505 762515528
465 542545803
958 917655668
568 258693886
79 225355026
998 22263338
823 689235897
527 449455210
170 4005134
294 594036356
443 330517540
734 920893611
970 516366862
312 370680566
208 630577786
873 68069997
3 255541947
646 44059768
30 510808616
890 691821951
816 69734548
129 21745848
180 47076118
400 936489046
672 570119494
149 58205139
825 110956798
500 135446351
708 907532888
489 620705515
410 731019837
101 551475221
794 130583785
923 528845271
568 466676840
237 668387727
909 497396802
532 353399373
828 837390839
239 103324591
188 345610223
588 629398339
964 801103156
178 461171805
305 394474652
988 435134367
746 387098419
769 780213687
808 22303920
961 832083129
63 319862555
792 578158197
641 923892503
199 701526175
264 824710528
797 527940565
68 421399
870 358822554
485 191215871
725 565964414
504 987858070
777 132104174
134 273039662
727 461360487
751 140255222
901 487085390
92 798413411
946 819232254
215 431728539
961 801107425
82 609683818
227 345969828
913 17328235
50 544887595
953 70758232
260 709101261
42 948049672
564 942901995
999 285148947
573 674463735
55 342271632
72 896427877
248 366047793
810 98585758
36 180552197
472 959521373
97 762824897
283 485883899
878 381995092
511 627640837
764 550503736
549 156108209
448 122814224
462 400553171
475 905755926
783 222490817
660 40852428
108 221501611
607 549309248
226 49058570
277 133081111
972 114359119
203 250545195
238 675463034
136 588142167
16 76477756
779 860564285
403 886799243
363 485241603
639 372941418
183 495415899
652 214226433
624 930556693
113 298584814
472 14385344
711 711758904
774 982909518
851 466626027
557 34256837
510 809179829
49 411091759
182 509130290
591 69431438
730 122027349
598 246472971
953 540000868
655 100532105
859 565679954
140 474147329
794 955606290
857 141043582
969 767676777
966 548584738
309 97964681
408 976870690
476 856475186
198 805284129
267 923761963
517 824224352
547 420508392
47 673575886
578 120772
746 765478399
841 21841605
797 472960645
940 852055559
818 301265749
603 162772903
463 943400070
929 753661416
680 27634110
697 549998506
985 64345850
283 718548059
552 763270057
855 115295008
547 722131442
989 351443973
102 299296229
416 66417358
440 965035343
614 659802561
580 631745158
216 60514188
183 946610218
149 664518224
840 785517497
178 221483355
705 346961184
536 125145845
239 420940255
234 178499645
545 47199748
633 562377814
825 62390801
476 70218138
145 235062855
611 45779639
915 979365567
261 2354922
977 86269623
686 434666934
320 755990810
733 8505417
659 587882231
107 351011915
269 398790091
917 81369656
786 818734708
981 806173560
752 465158164
131 62913064
57 609605021
487 221853117
609 650359137
757 815353219
177 110269103
551 984748035
578 863780749
893 352418078
591 34627203
4 76420063
260 301781990
117 590742377
355 949314870
909 129407676
726 598783383
8 110394406
799 123042447
620 880145171
898 672018189
149 371592519
853 85485905
634 849234322
905 301043202
643 432332332
724 490476081
723 228862649
649 370192958
416 335437094
697 871730915
670 891460103
606 357554217
51 815572202
203 711191449
122 907306364
182 620147052
513 167340110
308 454704247
237 953531372
461 874114711
455 25178045
443 929465022
951 912730760
784 731499745
729 40649378
67 172997471
747 71045202
490 598444661
421 73072300
563 538744803
187 75054260
944 754029003
593 537766118
236 503360826
590 71594142
938 357415438
59 939405983
419 369961672
885 70067148
198 437568232
566 446759401
377 534183540
870 264418185
531 18840476
955 750861538
646 397284473
303 808274536
70 45667207
104 37670306
201 599844377
725 247034178
529 384244871
285 527720451
471 337494605
792 829552073
436 229141675
355 216724592
744 4829376
528 528698521
596 690646544
875 688957109
891 112556135
779 675485933
703 178201841
250 607489250
416 570695826
885 405693971
777 896360902
821 507098500
69 720312008
838 655589536
570 63529804
934 373732819
499 789780695
726 585857819
756 45142015
543 761999554
19 931101400
489 78140365
108 700525794
805 30782094
13 790741642
690 838416588
460 723923263
787 161292445
82 986775808
81 381190563
142 112543125
831 17016460
869 96132910
916 339750832
476 506343350
296 644247402
33 592837032
388 972763230
216 9843100
49 326159946
618 884920574
8 560590074
772 835315060
636 848419675
806 2110265
273 858002784
460 509128792
783 975786896
681 145176799
634 244623731
190 670254623
281 883033469
155 381586150
470 927220057
172 901428868
845 998833659
372 489208701
794 9170338
912 540627413
777 248210539
50 631109156
843 981701650
765 411963488
512 605521323
474 75768481
712 452582735
767 404561824
455 65420126
29 37513739
856 723244158
591 226539516
663 850408101
487 931176961
161 202978876
698 834997500
983 547766072
436 139777688
962 399409669
913 908931373
666 812503043
732 291653816
332 847166624
517 395947461
48 517205498
772 477610653
48 909613940
115 13947391
437 66969981
312 550779393
792 826265229
157 379257320
879 611193250
731 500435074
662 596056491
299 523040727
721 316574295
153 765202013
924 175580589
290 272681219
579 482077995
900 965286137
232 829446972
834 169493888
277 281976515
519 196319386
756 726715314
33 618540924
646 40781341
875 843214220
455 922698929
25 521255249
158 98384986
733 545416005
753 408636353
547 61224963
879 455625575
231 766562115
378 174907040
85 369943365
143 83789326
427 346721439
280 403460074
80 584924910
59 356363340
729 114353144
681 940640195
40 69230656
190 957105960
368 583569606
244 431255509
525 671634175
282 205222710
559 751933763
729 32615499
632 283434260
390 973750347
475 263549167
587 61187504
437 457124466
982 351684807
154 366521815
480 270631905
194 396579011
582 999187863
399 531630532
663 209803792
134 39584452
6 560362951
994 283290558
365 861491731
377 716628766
632 159151486
816 962369216
666 106757838
292 884344878
329 36294491
935 735783913
863 3613300
950 641969717
86 940849373
579 664318774
633 920505905
372 538507774
610 641888851
748 80916877
674 231454529
710 161238135
490 379176785
508 908771352
9 813890929
95 857897169
587 728529782
900 259207906
879 341021395
742 606666368
582 402799488
996 539144120
204 665500518
797 313213480
801 807075544
524 980415098
554 562916263
818 900957180
874 436461461
491 997245977
759 105765363
984 956742159
278 487951694
178 769902576
619 445538383
288 929222316
353 300455028
117 760105688
187 492339938
426 985831580
521 105702484
940 475243392
84 317128399
827 937478668
610 902204442
502 618385585
851 741358494
167 120790573
42 162499415
200 339296323
255 273231504
177 475730746
972 762877377
557 707336178
433 293783642
141 580607720
614 164689507
295 623223884
464 60979851
509 140061672
361 188810413
443 224235349
40 784496513
371 860605558
909 209109244
626 526331919
812 565756451
910 2813967
64 579373675
572 541630517
682 13018785
827 983365964
645 803526434
894 252608249
508 730527091
154 565089359
310 419065015
944 936274553
789 710152195
160 536910665
356 654073058
948 715878461
6 728585146
802 242976087
453 709454637
768 586760441
302 833420231
462 116416594
292 596830799
820 421290410
424 497499713
959 267542186
80 819109485
468 941299461
675 762353699
266 749946658
494 328604213
573 347008912
719 54010606
685 394816448
10 217978510
637 736258486
286 610776649
917 575520790
701 46625519
330 375006231
733 945642902
425 508317172
573 620863588
433 813582944
381 985918755
257 280476323
866 920523795
580 991690993
825 33123190
452 319644013
73 994769135
637 569790657
235 2417065
687 824415240
69 388946981
980 257785693
185 315416650
970 40514273
629 286372164
77 82317469
580 713270301
441 35335656
887 70497166
430 614183807
388 43954729
679 227195858
158 367107161
59 524332294
409 439788236
811 749822926
579 987372284
818 668353114
176 674647956
968 948944790
30 45710070
596 81621582
866 365219996
776 576682606
878 564615868
984 507443210
818 559872523
739 271864368
946 967876305
626 354170081
652 764353979
100 623686913
664 654044891
583 662452013
478 161805852
53 333728713
653 606071944
225 524185608
268 972382287
963 561724758
961 456502038
369 776031066
58 44454809
550 712822177
55 667908841
509 935118424
872 901057366
208 962257609
335 688986714
196 490981362
408 399522056
615 793909547
574 156395034
875 823074633
61 96528876
194 838364785
21 22247561
181 515877537
666 364480383
474 861987246
318 603009188
592 202358960
530 20082090
172 503006618
162 489193729
504 185043254
239 734383786
967 843924667
112 711551848
669 504878620
909 52079826
395 435225644
807 781657922
925 900155553
416 915705607
169 290072313
846 974081847
338 341726465
804 354605076
56 365978687
815 580302007
628 978866369
177 141717582
477 595449519
532 460658766
849 951559502
288 385887294
663 269104839
206 645711526
182 951179118
901 254971735
711 720758982
827 593994344
63 385067462
492 509775504
960 527696422
914 345622138
449 215115324
245 406657371
513 243642662
243 839949085
635 147060463
641 56543111
33 622796553
846 686147303
760 239138640
600 85617877
32 356683431
760 247807515
292 466857003
422 779129120
917 853486406
582 119186136
87 517778303
950 147153294
818 773414339
620 9894893
182 318205625
28 777212630
108 573663860
558 605742815
580 147564645
663 24549036
896 925191088
550 288476241
246 35168098
244 802149930
295 184113100
350 465758303
535 117278493
608 247802145
184 108302243
561 63355967
153 84944708
54 10280259
858 139022916
489 314729248
228 313279269
347 247750867
426 119683036
24 790354836
813 537727608
780 386193892
839 747497878
516 103442222
302 767077724
235 319661847
147 661723939
453 638754970
752 974084024
976 552459263
901 61337443
477 840998142
542 515901125
916 338819567
251 907967511
150 220752653
671 508297791
44 903878923
918 602685429
881 594370345
803 114953384
292 312751071
372 255005831
634 90253323
858 63133472
857 568392789
183 561750351
85 415593892
969 276021773
262 663181318
804 109459852
979 798791745
774 696472052
539 480203677
109 139874509
129 731248552
406 832530262
865 484752955
896 66362637
83 634303507
466 281913295
551 175008470
149 697553574
606 505346788
740 586504105
159 111602112
40 103793648
572 334866576
778 567911047
661 556528455
246 20258561
905 654775087
762 450043760
280 70304286
571 595764724
360 104547898
835 553916249
316 451013055
457 456836121
237 375697731
