86
847 2698454
157 472390869
844 101550631
601 829536104
619 655110328
444 148612010
554 776560438
202 803176888
519 719904295
996 372382608
487 876917356
10 433010513
881 853542635
92 630908945
812 311467856
87 838104719
189 524660117
965 680998876
434 883391128
319 681011480
909 673542798
176 307913605
285 161549366
336 190296184
800 880788296
20 597490936
7 337219572
615 330291375
180 397218129
815 212658603
108 576031773
375 688497062
160 457171577
41 676902400
880 41101731
124 127344575
562 562362093
491 265183268
278 128065591
213 829852363
651 265091031
414 320051396
53 550424359
885 142510308
428 539725841
247 706200488
583 380415162
7 116569040
726 508911388
575 726684146
917 523010379
142 922514055
979 699399369
577 57952319
73 844746837
663 620533715
38 318696543
850 352479833
725 873887030
983 618270834
630 99789545
990 242364418
80 595644381
104 441711913
443 659729974
786 184785138
863 307718258
227 651315042
827 19442078
440 12249971
394 373457506
545 244267628
615 668169103
984 405718618
389 331917018
968 437739284
718 20993849
170 582213665
2 137885237
122 378650845
727 942495399
369 846699044
920 10806362
97 494046636
255 587016116
897 670176049
