64
518 821794586
755 323129740
451 607472423
932 888475360
835 37548350
223 981042507
460 956074076
94 554182681
784 184661861
440 611344624
133 951804195
824 783250921
809 113428569
905 348431985
77 932599793
976 577026112
290 16470401
751 841974702
799 90750413
602 318916140
636 414668478
831 467842056
589 119473233
768 184333915
553 985416710
572 929250292
648 88200092
661 33723593
626 785547534
268 812570684
719 37964065
129 888472875
459 723784742
448 706857703
276 684870840
108 572079007
437 70784626
160 887523396
1000 934480596
198 418515433
601 364303911
91 17665940
913 477767753
210 21666585
712 23401898
154 967828030
637 792760644
260 371623648
839 49383619
720 209404592
504 286487622
847 275469522
958 341608780
378 301782071
846 848917430
393 125372583
776 561815063
372 573103916
646 635375309
965 131736993
345 451380632
200 469544111
230 710662567
651 975019242
