97
83 972207817
981 854730377
899 125407364
367 185687919
397 912404478
740 992951119
842 434319726
764 225455742
65 346163754
386 742036900
964 763762388
915 986053120
890 851408718
194 227348688
47 785578603
650 270416576
594 610504718
68 551232102
956 967630801
968 650129744
619 142123939
388 831714027
882 619051654
960 263220063
606 336358005
157 4183409
32 787607269
373 192714635
851 783952482
74 645679805
840 445503286
437 269845128
519 597708215
343 194215782
324 420516172
570 897680992
436 313196124
515 871820001
559 268116970
605 13938031
620 93447566
266 298505692
883 17531941
451 33716611
688 933346963
847 178588222
388 525359224
460 246129458
601 668380826
875 640777341
852 863510524
661 784489668
403 610369686
943 547869560
210 833382003
431 757936172
91 328387018
718 595613501
530 94674494
154 737394787
772 170346862
791 544713347
754 238682133
924 812718923
153 692690136
341 358783860
620 375616707
5 221413679
237 289136615
678 178254571
306 138354660
851 84710863
426 772581986
525 873461851
235 392302032
637 231258940
113 569031489
232 549573652
154 890958566
492 802195154
623 464557874
329 451941621
8 421287182
121 200462270
326 292695368
335 248061897
683 135335854
102 357192046
793 445626056
8 42749455
872 621405598
63 376680569
449 895732664
791 427754377
315 919511277
546 769488472
719 896762223
