51
453 843720095
211 232448130
469 885952705
872 51964384
631 876787869
640 59480187
835 687342264
752 812994942
726 949749826
10 861993497
41 124232852
816 249549169
252 553114265
646 608247129
510 132646912
681 57094505
493 971171576
201 31252057
713 972174771
899 141581786
777 86922674
151 775663099
92 420426887
740 143024395
357 221519890
3 363698330
437 331286705
610 895366705
715 45982458
827 790519011
635 412452805
219 467041981
425 913639839
760 248844449
982 477187357
453 598516962
601 336489691
115 65495947
69 181395404
525 65581558
276 766666264
525 311134887
27 268130511
829 752987021
240 521520420
784 113030205
99 931519737
461 753815397
336 567680396
539 421798922
777 107577431
