79
475 778049442
807 431737463
765 464427923
879 596320639
154 328314918
127 275146336
193 973103084
303 654238847
596 829044792
384 43667074
198 295679948
996 359164822
351 158391428
784 804579659
605 567325774
222 596168419
971 10976018
191 869824528
846 43233753
156 111219725
466 930792325
701 988224476
103 78777223
431 437699419
262 549437332
770 394289243
92 402797975
551 503338136
28 799396982
33 848129747
947 544402599
815 571638239
99 827119160
71 240384278
883 499315670
501 754543763
198 969125400
43 769666695
512 23928128
563 247547606
626 778288298
684 141029927
481 6342926
887 12463655
735 311853767
815 21471311
445 626663102
620 337279744
636 687830611
524 993869653
898 843048091
881 994634465
563 153330785
448 262418453
872 322714089
96 8666401
727 59580788
162 738843750
754 413908565
80 876851899
80 694914978
246 330018909
864 720010162
473 322300370
368 691195110
668 471322231
923 650217617
384 916126057
55 425417028
675 936084113
235 31528752
86 646380614
415 567325914
383 898075220
907 643582477
658 100113267
152 103825875
836 71458878
619 64459714
