58
648 494788873
97 44984224
119 880561726
990 77895313
924 383840418
934 253418288
427 758602718
883 299472600
661 477870751
310 888835944
684 795872911
234 764510625
526 340995332
422 28193597
228 835757272
576 111935412
959 126233575
816 525928380
437 775794234
668 866777399
3 325667410
848 678717299
884 201877979
938 230159983
503 178002222
748 216439631
818 294862001
453 489735396
456 85817000
23 784007834
196 797306234
505 58962259
637 875074949
260 538919620
142 721757161
120 737604521
78 55367192
642 528457155
202 638082600
10 839621868
316 434642603
862 945861437
98 261863138
547 522810769
229 368696797
529 371192486
978 253707827
992 445026933
608 515395603
970 958585500
585 483514160
759 895511452
462 402210582
499 285826500
369 884216617
142 674991040
181 897767244
608 166397656
