6938
179 172223728
618 530192856
113 218800578
159 750052367
806 744589220
207 159011287
820 108352637
407 631802936
828 39733710
22 704636642
355 715773643
720 742460299
27 694961368
327 1528437
626 67299816
228 459102154
988 865998538
717 70391170
574 174619690
869 694032520
178 835952098
490 513814185
616 883654358
10 577089608
981 871383574
614 478783743
734 187829368
336 910729671
371 705955689
789 285291024
710 588537126
634 705479836
872 34545297
170 500004602
414 877213045
917 438023243
347 748525543
358 223177701
556 917235215
317 833484658
785 782936826
532 747047308
337 143807041
270 788679802
368 520998885
122 499633251
454 544726654
378 40438325
138 217794642
185 26739282
141 613150409
738 286208984
959 97590915
981 398818889
570 725457935
779 935256824
635 93286563
787 524511936
382 409812897
2 51374699
307 586222093
621 17644177
861 624682714
116 54049631
304 400287389
598 654986561
695 658164600
929 132098606
257 146288892
819 788859434
103 813754704
81 836650324
22 736431038
454 843606138
174 570288779
884 862364355
30 225297308
641 221767168
949 77734584
825 518808771
622 443701153
368 563054301
357 768877650
231 931396995
957 300283454
822 352601671
772 372864224
926 649996231
709 132012816
517 210227519
516 838429516
854 694258789
516 82360005
924 351895567
702 160855274
212 489254730
301 48923975
96 984989678
558 262654960
413 627654808
407 937264330
420 876227797
279 292019163
228 152777915
198 34842192
609 867751399
445 55790709
90 21919578
638 733344877
399 733164525
231 69175890
654 242328568
102 800924570
231 464627980
216 157477794
117 512741545
646 132695580
259 372204744
167 79150786
689 687695321
505 946492042
225 502785014
68 992424382
474 821053255
298 237183232
934 550327388
146 389057015
505 50949894
842 369220126
200 118890279
670 891486388
709 958428915
412 817326754
17 473383767
803 994505504
873 217770970
801 126644124
91 77385965
922 27500530
871 941398523
137 23627313
666 646025401
218 302547717
580 667840266
790 497414189
251 45375459
817 691239914
990 371246655
865 276924800
282 447379674
650 113547788
10 894229083
306 31124073
793 579465179
467 43639720
495 703803121
753 213247760
559 453598953
124 550571969
346 34118988
326 462145420
575 745809438
343 827117480
47 275851945
296 503862066
922 73588898
250 911007941
372 159641365
860 693551114
673 73288572
203 929087
113 285012618
949 372923231
193 488868373
41 25570268
80 652815112
42 372840469
272 336853110
504 629751092
449 551392852
530 912114149
354 489379481
41 649470763
947 939990690
748 100526710
224 767539736
606 398207351
224 371277241
167 148256420
707 212950892
83 270232937
865 195669305
942 261025115
916 184594145
560 744149582
963 727236201
857 724086522
267 134210844
584 802364909
730 478020418
270 601369538
503 343386482
539 688361212
973 579883171
394 492040375
25 888364193
812 617429203
643 498123209
417 879051279
956 941499850
627 173574287
215 697601143
975 355209602
575 393713515
51 429229013
326 97864637
126 940215433
931 933917691
769 820151910
775 392545294
108 543544472
205 887700801
360 367565462
326 866809728
403 367525286
554 34719065
827 625353355
467 267594136
447 652535083
41 671475492
726 611449474
606 797280009
6 964139384
207 660950015
106 99412494
886 233849152
861 47841260
101 711729501
57 272348533
767 953265548
158 86725536
730 568476094
720 626486883
316 912391260
331 151610736
28 315468650
809 965316794
199 19090859
769 967140373
993 638703554
201 101024868
637 469255342
183 76770501
524 924537761
604 883645058
448 929774190
181 913118630
490 938143081
641 238927480
348 527895696
23 477036200
102 314734757
847 133704348
60 431739074
52 823082131
92 529586291
816 749650436
314 498216644
941 789997551
585 67424288
946 116026996
367 79073530
704 688524216
166 568418252
103 896204247
980 394996487
147 71604967
937 545350123
418 25127869
259 843441398
717 420915363
611 813545461
167 650462611
717 849271341
865 564486277
112 263696813
493 711815384
238 971398242
491 341106586
943 811416878
545 436360327
173 120369651
311 990306932
483 487838879
773 834524475
560 273107833
515 185619829
233 36242600
999 946090063
189 582502369
500 443271650
405 832303966
390 611525499
706 731537646
370 371520199
195 487412136
670 608975106
624 25402407
469 513968483
878 511447460
396 963969403
370 822513019
295 511569410
537 445481013
689 825709861
888 640551332
814 456300945
619 660653119
668 6751681
86 397259222
927 818953725
949 241474957
879 22441652
516 572000873
892 396680713
7 850654508
883 569890740
714 498033623
336 998690613
949 587042199
520 865780447
542 34320588
928 500992674
705 459326030
91 48923160
679 548411972
842 692457668
225 657557295
829 347255551
349 212550330
511 595497370
326 921724447
673 666937751
500 279294146
812 32678868
418 623729163
47 76766348
78 920822339
573 42049526
89 379776626
413 389891167
114 144137607
749 207824294
7 493661663
167 519899626
717 847908311
256 111351204
544 174458319
875 868517364
804 52598745
41 237823370
642 715665823
36 874194874
470 283583606
728 616119774
920 651176022
120 343778786
254 849731180
68 4638745
623 731877340
539 654438750
64 986170187
368 870625661
616 607653657
433 587530560
825 706341350
494 831928183
137 774140509
365 570983431
176 245832959
222 49244221
607 984795883
900 477420683
516 407932646
531 517400241
135 613925108
549 700537441
775 664982406
84 244952702
322 333098005
672 187486833
509 684590276
467 480388693
311 860948868
26 720312208
777 905986926
700 304318134
359 101486680
418 477248281
96 186639980
688 908361563
734 785180296
695 512130403
708 559486259
95 601421409
894 893665113
505 244330945
668 762214174
527 158203323
684 985744235
909 744698963
824 913817849
359 338324434
904 142872268
139 436936563
996 709960757
361 383468943
994 843661787
865 455124340
911 619382370
945 71617786
429 528060624
252 634587666
859 522436321
886 236208583
111 177361128
813 620063854
193 295045343
506 761284089
482 53017198
644 500733760
744 513272323
912 177220645
957 410049087
564 448413426
759 493361504
592 128469534
133 923181885
736 33890736
625 560550612
211 974573011
995 128866985
1000 958384612
651 113658964
167 561658179
769 788601705
373 593422130
658 892078572
701 452677254
597 576000137
59 570897278
282 440393667
891 867104106
452 4596274
108 126790436
841 125747492
901 66374244
100 706912094
52 140567327
701 188591830
15 976624139
449 196031198
177 412263332
408 769122385
368 307819198
723 562567882
811 329359086
359 454479658
922 524172152
894 31486932
947 428931993
908 927933714
303 197732042
515 555670825
76 140082820
413 233431544
283 548270226
671 788411229
267 40669190
664 230246577
597 590897210
189 640104839
191 507098732
196 830060365
374 529251609
546 630878912
911 440203935
604 464977784
70 521990813
623 89658583
279 526731669
371 471495234
530 20287998
701 411921128
335 732854767
52 174709518
36 213926740
951 28606522
733 943586204
992 12045634
92 704044247
362 11383822
826 646036583
216 992337299
530 864198560
708 212406191
649 185528878
912 124223508
113 615785909
714 533932701
287 678367039
193 287747824
475 669948512
413 941210873
876 882011365
877 148680757
796 965444853
867 744891249
226 235585904
611 9819006
769 710826704
168 853103212
77 211847864
860 563622195
736 329424769
299 17549645
428 633594690
536 808654555
41 152331937
911 711350044
7 823139039
84 126036174
624 779600945
752 460262070
900 404443891
894 268134487
353 740629664
331 794816146
467 214791141
952 288247411
201 334230483
612 996093381
238 259390629
879 296488777
914 452166620
264 143820321
476 963616446
825 429330995
247 995583652
465 64240810
934 710021285
769 780543002
616 72385198
967 802222265
485 314270723
704 120855468
914 30933710
779 734160672
899 11291436
387 141321993
675 805744503
41 574394943
643 283216139
674 643279295
838 926935722
959 927308312
637 206793752
198 31375790
626 38320716
984 478249850
363 963792881
727 706969967
927 37648094
358 26985297
424 600793811
831 62370356
398 447279117
678 16132964
778 860611218
752 143701570
853 439888587
969 81833692
683 806611673
558 356313984
255 319722237
761 321841694
273 204759237
755 883832107
310 954973603
741 17327741
187 146112876
925 166826795
409 325670485
1000 149153352
869 624752667
783 48106880
518 298665115
69 337075678
764 849720952
997 213297189
241 573931393
950 549434368
782 66351124
399 787003329
614 339234902
278 438908021
580 192580111
230 249128438
152 499119520
912 49951072
899 162496016
23 131115181
381 376743635
722 955450587
403 920000330
937 661909806
729 228097763
22 484094662
841 196266411
689 266451835
366 638429533
839 408952340
779 147349230
109 157845859
991 344495226
738 115792694
10 829438047
381 813620554
395 130948290
985 918542954
58 38630669
983 63253723
216 750715688
222 855985518
980 546837654
705 621912953
78 137970771
614 688164002
238 509314707
429 649117346
270 14774179
475 808955536
518 957666476
681 658428427
163 14692275
289 944974217
87 355501199
570 446131836
780 434637412
499 758252366
574 757345714
844 170224526
586 369576794
235 658217961
818 516219790
175 389494499
406 358833149
898 571758754
946 273496505
753 714223870
165 212283714
459 426010276
110 926209221
635 618786765
758 859777711
790 858423113
489 234784317
106 50654876
652 746693714
17 202517752
776 928808822
985 115405352
283 593354539
756 974551302
604 86982275
874 311186268
918 434412953
282 543453517
415 255858301
941 571901717
98 910098690
592 38600125
283 318464325
690 403105167
79 120820969
816 50624900
709 796649811
281 136604501
747 958378257
425 869702874
663 832611202
885 920501052
529 370613576
704 681983407
285 948026906
565 267344792
654 902625146
533 77921961
76 444015447
586 159951646
6 556278658
980 158079646
905 558343058
504 877784571
425 451491465
891 442288148
443 114329475
769 740487138
471 193329894
646 961547676
298 653446198
322 782809765
108 643548843
168 795242730
514 591571326
328 55112939
350 202141013
879 595664129
976 600414260
516 567697278
227 197694966
423 781085320
877 328436047
976 952557219
80 432512487
319 341415484
634 295337576
627 669256839
293 237919415
521 890043476
511 985693487
498 144106436
269 822429236
38 894978442
421 85638321
634 876992029
126 122898255
96 383890366
287 359594550
674 21563379
257 383439218
937 338022619
358 976381234
258 385600563
675 351714072
358 192642851
762 121273240
494 54244115
402 947517584
89 75504379
753 608784471
530 656241464
880 12401097
313 900519168
275 158018378
867 435498499
522 640226928
737 40403074
350 122024514
406 472903567
550 447092400
871 840996985
484 519629964
298 252271564
225 159592214
96 234365370
253 831408536
785 865708030
866 543357489
715 178514999
710 845128368
975 480529180
674 21019804
517 718130602
545 557711094
906 562649704
724 800173749
685 748159919
263 981333730
519 179370386
937 230918879
426 254472844
541 680677204
937 833166664
487 884515449
328 588965165
693 799248273
296 16461527
245 827592358
735 138620358
459 197518249
29 859882302
961 737098259
608 359440212
633 569584610
88 74071003
645 933091401
238 639203249
831 175501493
401 30249703
744 642767047
679 403798417
437 938309995
91 309169180
973 803031023
737 236443898
827 369176385
602 842444963
893 140384278
960 898067683
853 341486174
914 610178347
703 294706433
215 748145113
727 803457746
190 665016815
757 424809221
190 672509174
168 545348583
729 804941105
590 153662860
184 145029167
156 843604457
152 733358785
966 61414840
689 46834888
114 825698145
143 22756487
597 106591402
804 135724851
257 85861248
647 426361225
696 44774060
395 200346146
888 949588417
884 629759526
579 240794749
831 460179124
464 848951521
91 672413094
455 221755449
664 580152814
161 15614685
660 453546503
844 213442572
765 753352766
18 730614814
345 917477066
546 447590959
532 588576562
125 844161178
54 408987504
546 405215278
201 427308347
296 202285651
829 226861170
51 111045377
710 178556324
230 413688201
353 19634437
155 69797147
850 899431014
502 952686497
96 308335474
71 139752836
293 448563564
740 107751263
232 727978272
119 125725942
846 873258719
814 393070003
935 117578487
903 243095205
245 232461409
200 810775280
229 616457344
288 104603210
73 323795778
741 962535862
51 635560452
725 187584796
482 333132821
748 928213991
438 643559654
527 913413635
77 446052492
409 415382082
232 645497738
95 520283193
403 481738169
986 50340362
261 314628531
444 116981192
454 536937599
227 307868303
418 322871641
800 687918834
453 260038745
879 749095618
429 502075021
601 40754456
652 145804292
915 333304755
967 127437417
907 501571354
674 76175003
380 462700682
412 196832502
994 477749347
908 840142879
295 59897079
488 618253008
147 397669441
272 463014782
634 238183950
196 491573033
498 12855653
360 935143422
646 701178119
280 863255184
221 677584209
870 874672038
420 492193487
883 328116088
690 598613716
571 922356069
629 422379162
18 561744797
741 801045670
841 360346404
230 477187666
121 246616964
363 68333531
204 157111071
813 658166504
490 946577307
283 578306248
22 570440523
926 12954490
249 96356600
507 669370315
351 468437404
54 602134669
793 126521666
379 800007387
812 395510669
233 261182674
494 103767261
333 576209950
552 706703396
54 252206556
260 731193132
370 210017311
612 794049687
964 671724742
254 168412182
346 968478762
654 56166712
584 726833586
869 538171860
321 226116548
389 259473561
131 224656135
624 784683191
700 724263882
100 150888975
628 57315281
393 621791094
836 412058231
878 626906003
516 17809384
869 103572532
398 689504100
813 493157832
307 916458338
218 515870567
788 344421564
682 130462697
93 317784954
902 49424881
339 161892915
172 51168188
254 765707787
474 20100698
953 942316980
826 188959155
260 230090964
181 612745016
342 805506169
374 730733227
515 453851231
190 744097143
572 759928483
872 719730049
445 105257006
566 655455042
489 970589876
4 37642608
35 440884829
901 89294128
234 785972141
615 81531815
128 338885556
281 9117811
199 75223958
987 288710296
51 53048959
938 568001316
414 93955958
586 928853115
788 141804299
901 245578136
630 773309675
378 17724219
88 800727555
860 642158250
502 252523491
129 988552752
957 989818074
563 253593866
312 473121762
509 205895408
796 196480769
530 89404932
35 9384899
921 839120054
109 353128447
96 822808404
109 723297149
559 911439685
244 409748845
718 643935372
20 749621442
540 503399208
316 391667558
416 162775006
964 135878498
36 768454836
825 891977861
860 951230670
387 332397876
404 432866529
712 130081152
724 28336059
537 128619176
603 426362783
214 907064368
392 439241351
934 99342920
448 71212569
851 780955339
539 998569771
885 555494019
467 258463992
379 208385467
398 881243022
291 998189698
534 637628960
411 116881999
178 336189597
89 560120574
608 853497339
448 339599067
240 276301513
4 891139153
85 833435479
234 4378697
552 844032258
966 727572250
189 29389381
946 958509624
235 835879330
478 68364036
775 770267639
201 100196363
336 523371424
773 52909582
300 422844307
603 314421621
617 225631000
394 42761117
374 640206118
963 540696869
179 28428503
1000 459312625
626 71802389
430 928690492
193 402156737
811 442793383
951 28545665
567 953952046
883 859405793
442 276260418
963 719893534
828 345588625
641 730011564
850 960984854
73 288285812
685 136443922
502 514961020
263 772646441
809 301793234
298 24205807
684 262085589
420 52914846
83 756310086
68 852865728
554 543901747
21 90812865
699 852645404
780 100792365
581 61252063
505 903155566
45 665445351
83 879900588
157 872083306
930 317441071
735 741177767
519 197721035
512 317003525
931 689620663
84 26253626
173 953882132
171 702026252
663 462911100
213 21394918
526 573714
316 741506344
239 824388368
555 68747997
154 587757192
280 591894414
185 68409232
143 141417615
357 604692415
278 666553740
824 960350084
999 358990407
505 217744155
791 137742746
747 894018895
810 13953459
400 287346962
930 741906536
276 62496862
774 133243030
490 2365678
852 110764950
933 131269477
821 997147473
991 699374459
126 903410948
86 898893032
235 33558933
969 201796334
948 922901745
397 452621767
85 207514681
827 313478335
100 753855252
834 509451716
427 350221353
247 288035623
587 623194630
322 47119261
525 386382340
405 408502006
742 279879756
161 697917349
277 846542813
381 409125694
480 849623069
105 130376860
633 137772405
364 903799626
441 564787332
832 497363308
551 530280461
93 451363609
353 666827250
318 746535955
568 212792071
120 349580985
128 757744154
542 580419229
624 242151553
382 43881995
851 238408354
103 202618716
45 29533051
261 441650035
978 583236518
429 753948667
57 655782716
296 72661353
543 443493765
753 940004848
446 770551338
809 988529728
412 450090627
257 158676647
151 968639691
624 991750925
61 136234544
198 259397925
672 241526774
958 941364779
200 301172857
67 984703076
563 277349315
905 530782842
408 635070424
106 907186149
375 606920940
394 644406887
295 245977030
64 578248604
975 378121134
307 913944379
401 803682150
271 818501266
567 262038872
948 353795716
687 454991315
134 428316938
174 393230847
774 255009064
57 504699720
388 815214931
682 343013089
331 67033760
623 119525855
26 862565905
161 172767640
55 80224741
56 558780427
385 913268896
920 202142713
554 357172914
570 787940454
553 90239277
535 375643261
928 466357887
891 459142081
802 671151317
199 47796626
374 998034760
305 761786491
98 726253302
487 97556652
306 658159431
584 158932840
593 508764082
663 70799224
166 702683645
103 918431161
601 30148347
537 333411207
207 526696258
120 161719388
56 282877741
900 376063457
457 309872120
291 174110521
332 213671031
172 735188060
262 194794235
565 192509387
220 67547435
273 597840260
773 584927657
103 74275775
311 925186451
585 825848886
715 728590868
896 101087087
26 233044592
953 365945418
846 857243531
432 520725686
663 73981524
62 245172499
940 88122807
611 842782443
397 940842821
711 427468627
498 84949315
478 178507145
398 635130073
373 116619387
784 653562356
769 140140593
81 390197235
489 497097908
95 663390219
970 178392877
803 990152985
383 224610413
751 418001471
408 9894041
178 757384354
571 91874243
8 560398388
839 937410704
528 258185585
620 120373911
626 6619293
977 344223468
584 305004260
902 20073011
675 5695465
598 307628855
12 334395002
723 995462531
274 678993098
111 181331064
980 762165460
54 734133513
842 667513343
675 80857302
650 450353247
309 133467058
533 319338854
379 123850123
495 106776802
181 363190062
271 515615451
710 497540060
605 10776547
615 335438822
265 510173317
840 67052701
738 133813666
726 983571455
640 31862695
512 91624123
753 63104808
52 858688289
409 104244547
789 887061857
298 322741754
76 583360966
376 926434830
144 852530034
506 143142106
271 208609607
603 213111793
879 328883532
765 764487504
895 728533731
181 209953413
198 790642120
376 45108486
834 52259103
710 758715884
624 41854105
348 441210345
896 347650367
335 692219863
187 477008243
633 41490896
681 67215375
175 657390987
897 805806631
567 960301531
881 316279098
392 561652324
387 868504588
631 68828127
876 851820182
93 955699056
418 497047977
747 64325895
984 479605226
319 309843403
542 378119708
360 93758882
243 55262371
779 284828974
927 103272807
469 895841783
343 11664616
121 724963524
446 926500070
130 980599886
31 714220847
745 988097493
588 501150530
852 111708278
945 172026215
983 768969825
86 438176108
721 136367640
573 588930800
987 163400828
742 64898370
127 684190107
552 739198752
19 795873751
140 262957381
303 585532565
429 43450958
249 392400334
886 2146782
673 52791562
67 820015768
926 374268824
960 191011617
868 899521530
459 542023798
99 684877797
450 804849295
499 703495756
810 529748318
133 637774061
791 685100506
975 461717559
331 982950209
892 744581929
707 68788301
375 69457727
129 705319397
508 893034862
943 35554627
28 576683817
355 602320121
183 600236709
227 727776531
463 322651814
467 48571149
540 121204453
231 418890441
285 769141688
465 876648500
698 436719111
139 376870350
278 549199426
526 601027454
115 401971625
696 963821299
872 794723563
386 12149785
61 847661359
701 552526891
179 282953104
561 962938721
52 25959165
852 903763181
182 790941245
117 414907104
880 599975481
218 116508971
733 918957800
129 468050240
967 254521601
439 513764485
746 554301910
195 440088981
866 315508112
265 415981255
822 411712157
433 38162310
522 263148061
749 928661477
119 917810013
376 687999397
997 986877906
459 423706168
92 346468148
680 825316360
405 691085716
285 663613454
615 420715297
35 300033479
23 12029903
519 229567871
932 104696574
454 686197020
809 518041794
379 607343768
333 343512213
452 499339144
835 738959266
481 400678297
974 470416327
588 343624042
566 939512196
219 419551472
795 372434343
732 107706535
588 1181126
565 538946339
890 772915988
315 35108638
505 851008810
471 787677150
899 765829193
455 306415791
511 859591974
505 73563102
890 591499008
143 432067255
537 111216858
389 85665948
241 275200541
457 575494431
529 754824923
943 174933593
798 922334737
993 89403388
944 396703197
687 177602786
976 371177094
856 491499161
265 99859424
801 70683653
303 802083160
578 660608971
668 316919371
967 174082548
614 683429301
126 300881582
517 137440525
554 416771290
689 981865691
543 122072144
960 194042569
714 712701971
874 869631498
588 45639027
680 427188090
994 620078550
108 465414996
890 306017631
658 675494465
568 780374375
131 43268594
721 913815934
736 564101643
300 466409265
312 777998777
54 654270487
382 518984338
513 378320931
381 13619612
303 959690829
426 478127811
727 521865460
290 270064836
817 982239620
147 88871711
992 630154803
348 92535249
97 134183172
731 987749661
315 979563966
697 518467927
949 321683007
596 71007418
956 104923267
268 32948684
812 33475257
74 565441126
330 84227249
638 74826299
802 858430655
942 949256864
465 170340792
181 611902224
2 225151321
353 636064746
190 170486317
688 100619662
122 681894148
768 537714609
894 687468511
584 762390950
527 565576857
481 706699376
176 162993606
398 890601648
607 921093161
628 743977123
517 404878692
302 314213298
621 71151080
854 65667746
897 311243449
708 279633289
161 700635393
792 911342093
84 922747389
527 211055810
587 496513444
23 34678808
432 92648872
151 528812238
196 278222838
108 549268709
406 757667577
691 486130374
401 311750568
407 358835372
259 301528711
509 517411945
343 169345437
87 461962185
497 44418917
797 201637731
299 304828312
135 984049360
324 101234680
375 354947391
573 544744240
144 520491728
224 981351174
302 202644078
970 718913030
690 232370073
533 930045262
192 366898125
782 238540242
299 751950672
660 992892325
51 633133505
293 818983684
781 274329334
337 197250501
514 313554330
485 656306362
225 433293849
94 102730842
911 11744835
376 327158731
428 262356240
427 106292686
8 186702492
389 800659003
370 258933801
385 575709248
331 794976078
804 990393503
455 108848023
7 406253411
482 233123614
879 180044977
673 677684140
235 793801275
801 458335880
893 893762030
758 776506322
326 751123763
114 873578761
304 127700288
633 100611325
970 507665173
665 533524852
511 43309480
756 619715394
384 30222694
367 278164596
135 87958530
759 72869259
830 327473024
754 544417157
43 415129176
698 888581305
570 545699064
660 311514293
713 163643010
483 246592856
792 268114044
922 682641140
998 398289924
722 970045263
135 220801523
835 491272272
262 75050132
200 779821452
937 24373310
260 796446898
172 312348653
851 472062813
337 615600031
376 984845817
719 923910753
983 914067624
288 608343637
993 539001153
863 604042216
427 670961278
929 940237208
695 439299657
806 49122270
854 40964198
548 143142967
583 754146885
487 993560767
94 453863087
445 843643613
691 235865345
310 677023269
256 289391872
915 51956892
649 401175889
997 794853291
229 710377237
560 668461275
678 820131588
921 744245960
282 886668891
386 583756650
161 781484736
453 966644545
196 384399722
947 8097607
81 264302328
55 934697363
630 119510917
639 495101465
273 315422287
40 510549226
895 989097068
219 843217264
349 226336851
688 623131242
777 224684335
456 569858267
683 581929184
163 544722796
66 25136713
89 351217267
578 575333621
700 484134578
313 189158744
153 146895288
821 584487905
875 472732183
888 580355751
110 209186748
813 302326838
584 217273920
291 284969536
797 974150950
755 602506883
713 569495832
936 800444947
324 844160023
431 157511665
747 634691806
418 673948162
681 186768787
683 882328385
665 384038837
953 386662920
159 544984185
816 575324007
564 743981734
169 523161748
424 961506932
246 256842803
727 444767449
174 29801078
902 341677539
226 585402181
438 725053806
628 988622162
463 661076466
66 871545655
349 555824105
511 380958726
33 1978390
786 685881772
837 465135191
426 454599021
831 534138225
574 48529516
283 597097454
176 459816392
761 924180564
153 501359887
682 287819672
743 673613280
752 965083519
151 583527346
623 478748854
519 301245503
466 917833611
796 159762598
40 651255655
576 394002491
803 995877920
613 841289113
823 832472627
779 97304747
458 421358606
913 103783281
816 491732288
281 121197792
914 636854037
238 442529588
906 5302963
940 640656820
887 132359273
313 22886815
280 48837728
762 544164389
197 837607814
958 397268573
504 840121314
534 892258933
829 69020714
355 709369895
570 69422791
20 984861944
420 31874855
142 984455585
36 968065908
640 676727636
414 890762732
164 133106794
134 168858387
988 21704203
143 838311012
716 222440728
323 350294117
857 340990834
862 764842619
532 817947349
667 225542606
417 128042268
170 139448931
848 56727456
449 781539769
775 202979716
884 333444256
760 939786950
443 7551404
983 103536376
224 946626388
380 591577385
982 585741204
821 445641214
529 867665325
633 91059617
383 340917152
981 245130112
626 588636703
433 444979870
94 864088080
826 169177288
215 574622430
119 987093809
40 699377449
359 543332186
501 532866769
459 363473429
22 931601790
571 346858290
114 570631326
529 3394619
893 39149102
213 791601081
332 205132196
424 317469371
843 299029099
918 586056629
716 514620596
702 441226232
811 348670233
894 105710212
451 600582311
827 132188809
289 187857959
283 474577463
484 129534810
570 848138556
118 492885400
70 285835427
644 247479216
421 468975187
380 143262503
839 650284742
558 934095818
929 189420089
655 153073507
263 736888005
808 206100811
295 189315237
360 152724783
964 913043620
745 543376894
842 642532287
253 251801304
954 244949953
804 640157485
939 374802111
375 33738970
633 80394706
817 730141966
19 101330373
268 882285159
57 700942405
32 222887633
468 125259567
957 420892793
82 668562241
420 895883903
628 72342058
208 642193484
936 956304146
680 337110950
504 550142833
900 482492392
181 674931667
289 342091436
768 233782680
750 360176687
602 50288761
234 838378305
119 861689675
973 408038650
977 69282702
750 400945639
123 705987729
105 296180525
134 911146781
791 529367365
642 659870521
473 703424252
286 93166270
654 773208048
740 877064780
958 471314053
692 112551821
909 258050829
977 180846388
466 313328327
216 206542218
882 103599699
46 145600538
902 138204489
684 738572476
331 882187240
506 186331346
487 835978956
576 731888209
680 976304922
720 132808693
163 585861169
392 707015427
784 967819808
158 858569419
751 325700409
105 442869836
474 13203229
802 189871419
940 45533228
398 800673205
142 883045091
461 216511353
936 34022568
687 323654153
147 468178612
599 758322988
486 158861195
909 45361217
918 915614488
446 166851623
201 529483968
865 607074395
824 336405074
720 760420013
875 223674234
430 600610421
341 674472827
87 774354961
645 176806169
595 859695357
603 582114917
47 937087869
99 844166938
173 263739731
190 849442238
499 894652484
122 937351139
636 744275558
713 25173433
967 528706717
762 280493469
975 75596750
903 203698799
909 594685780
5 893562789
662 786918476
865 121838085
966 456338301
208 628974638
2 51647269
754 166007311
648 83480040
918 194147713
566 591444816
656 386731676
989 571100961
909 464665310
385 223893781
744 571422144
450 413368834
770 239830232
990 530734282
629 172593606
979 978387400
944 166391241
662 176610230
659 37915677
48 619615005
640 554087056
911 685771848
2 711838501
399 11520080
481 841470824
220 95874304
587 939166704
239 22645524
914 476848227
920 717848969
956 295173825
932 715030574
177 340802546
109 202721743
967 466188863
454 366578856
41 929067906
171 427533567
337 74823056
142 619231771
182 85157059
480 988575067
586 560495563
533 923678737
130 632557200
905 65953220
619 492047979
487 756588176
848 32975291
187 249583313
892 38957443
523 930593861
716 291089463
7 246535479
359 302397313
462 76961917
93 895897358
352 320684576
420 758078490
663 189441127
261 780110720
421 911855106
294 53679419
505 94640147
383 301212117
564 947348120
888 247883120
212 283188233
47 153965192
753 732413527
43 336635050
42 350401053
827 19316783
888 396351491
746 973639153
315 364094116
532 81524597
767 542002923
776 4149583
435 114424923
931 190943192
4 883431706
268 251518949
913 78590551
45 121408942
754 74868608
33 389606220
547 503934012
471 252618245
625 2042702
264 669925486
220 984016574
436 964690477
628 851259788
566 983082261
90 965136900
516 174702569
284 93474797
986 685510070
435 768084164
242 86657312
106 315491671
777 247540906
7 127213005
516 235768558
48 949330676
269 314691257
511 361800982
982 976341017
535 267004160
564 355972847
308 446912309
176 331043108
53 33075638
156 156737962
465 245353596
509 710413361
478 372143195
740 595217430
819 33291634
526 375242403
399 520733261
303 372719054
876 508260779
782 437917764
514 729854751
845 314950085
623 784787038
227 894751178
310 916870591
114 778893108
170 934840532
383 258911049
571 527477058
80 675657099
945 332282383
799 90498995
744 388452995
666 631847945
315 865025711
446 528814542
180 3573905
411 789794116
440 819976460
166 885197356
53 187822462
9 51811553
373 765763591
964 1520856
324 73710794
730 728802867
163 842419597
778 26148182
999 641988053
545 86536060
274 433208339
199 540250308
709 788184594
515 897612793
475 859486810
177 987766218
366 702878493
141 239798115
135 981493136
699 991802185
989 482750209
407 130766034
499 914875567
124 93939106
681 69641132
83 592939600
244 634659751
919 310819632
114 942942045
863 475019001
992 540854892
11 19614688
564 38697139
447 333451444
300 442269113
956 349533203
284 870195419
847 433608070
453 553771480
619 912702807
611 588156879
112 471484099
78 132010825
284 442722274
769 468176149
521 806486329
571 899152651
991 408684015
638 821559758
415 847729751
660 836868087
914 282571944
713 84639519
819 844960779
725 13022632
252 628845897
379 393694059
734 1437142
736 30636771
743 790043621
868 951244899
682 140889946
253 897343636
367 179930105
489 68864769
535 848793088
771 830491757
366 689880436
709 952894114
540 783629951
19 24946148
556 870409698
432 973414200
235 750520549
345 528622103
733 412765693
247 598291515
378 176657760
180 608662016
464 668727399
235 8310815
524 658233418
837 344327999
712 825111230
810 357099288
823 54456361
327 183198658
207 157107992
434 90190635
203 372516142
697 376557767
690 115993724
33 918666896
44 749967599
363 915268451
482 292273909
491 710515992
954 650111227
873 818102298
958 61129166
309 615632969
205 107954928
31 962662728
4 80882595
626 418732635
49 355620006
327 608604464
755 104404741
968 509251812
310 500543122
898 296685633
123 15789578
120 535970625
145 711360707
614 527084798
613 58296205
885 295374820
947 65121529
267 343307660
378 534736630
294 179678638
718 919422364
898 868925801
95 984423129
290 559073407
728 786932830
139 879997928
887 632204778
107 325690476
169 787425735
793 682791794
966 330942584
267 667409443
660 414006106
225 990001185
207 287791863
852 224672152
636 263427
228 331410952
968 272386286
308 837550043
7 837814560
678 207318162
354 12295053
845 754683802
208 134336312
657 746873941
752 474399847
578 223714520
716 882646182
844 59333395
475 752408566
805 774499120
983 941312346
471 28716631
45 447557610
6 774695817
923 541043655
13 433647899
252 593637268
82 2393893
935 428023880
746 551256374
982 881512071
426 87706923
411 409314048
606 727757556
300 63907363
193 965909049
576 831651467
464 610405377
40 936258955
785 150178291
619 483743819
860 102790552
326 862221500
783 146373422
367 550986411
592 160171254
747 20650161
648 669548929
433 964198439
948 141371046
773 532004435
128 422181472
740 636965342
494 452121394
8 298425050
363 7545813
984 184899763
389 274705418
561 160339561
783 441922672
274 729149417
748 745395698
209 462555667
880 299165292
850 158030094
893 53293343
739 989936471
552 712814987
761 42914947
844 443801564
62 221272064
706 882125796
475 739966845
649 194512911
538 167994533
271 624840754
672 552347755
129 543844914
747 172809007
1000 185404384
70 842777774
857 208786910
758 308569906
177 424103866
338 23503085
960 193584610
21 897556813
98 964624297
248 484428103
814 982933213
183 568684616
551 748888944
918 145329303
608 738115995
529 806148940
36 34138003
510 462326420
301 65133073
663 947328382
254 618965971
370 634722920
47 548200790
640 805169717
42 404538311
60 981732973
573 194001042
782 66200307
216 87886494
892 650948854
270 965269962
881 637495212
77 887002831
273 1729588
332 976295443
694 314547586
305 563824142
925 750419310
525 56615690
236 957438228
102 149328556
644 67710933
540 952788880
544 251918459
754 909746278
32 975606224
64 725860427
437 736454211
923 112395158
546 65991651
644 736145533
368 938442245
337 445403806
829 13156836
250 818419790
697 38379892
371 400721251
503 629656323
769 38180227
80 310789648
754 323018564
14 940043327
189 130997728
256 23591399
32 132603655
534 59716297
250 338913949
285 67363536
282 721522926
307 118819077
978 240800066
277 732447571
127 902318328
222 142077493
173 373976084
441 949491973
300 564390812
876 126283995
733 816436056
852 75693718
346 699648759
334 96666653
994 142172909
934 144925996
534 500340902
805 216843052
808 522560775
670 693468651
863 661871707
865 391624875
144 244916198
737 73081402
76 122896921
940 929107659
465 884194489
394 797655172
382 55484169
627 862344272
176 926667015
118 70156071
977 457838513
405 291669094
606 651812789
717 767792109
110 99516182
531 998006032
494 6051586
547 509379150
933 540274267
704 744220042
416 464917932
846 952140496
865 815433765
784 214873860
835 588806436
68 506593052
192 178487484
198 281970626
21 999404450
475 746843899
611 798264745
914 396581505
199 117822652
635 259821416
806 390644898
986 229859813
147 826828040
865 194751202
954 340044836
415 871853561
261 587094319
218 327874495
8 848677659
785 829109750
158 380689235
487 464968988
715 508280188
379 474274814
588 601887279
578 840028584
631 967945268
988 870604931
642 526086023
216 800568149
960 829726452
450 148175806
148 112259561
719 755619711
377 992821424
118 287996078
754 201920973
246 361069291
187 942530473
166 41518857
793 355237766
575 9791804
114 515592372
506 421698268
720 937428453
577 537064342
849 368473172
381 665033779
211 708994387
974 13397571
917 280321903
378 190488666
603 700769154
185 698277030
387 670193931
871 667252750
340 862824099
968 747588532
335 462097007
792 447443697
149 476700715
407 411682455
392 766847754
924 456893479
843 974396904
134 718874097
757 34740688
544 734092826
922 929536024
810 870580924
384 896140506
732 53124014
36 641768181
314 63142820
962 889618277
566 552670645
43 51539139
790 334805455
17 609177565
891 44836441
69 185530379
472 65293797
643 399983785
950 798932111
349 626698624
210 231992292
386 52873162
810 710867271
229 53789002
485 340485868
962 527057119
274 413837861
440 344763703
926 985708308
565 854066274
428 899104402
316 339102522
654 88113024
317 788797577
113 816712949
236 287862809
857 396293902
556 695150517
325 929341766
828 705886414
500 240969246
231 941476699
282 824273449
719 248338631
185 88658173
755 541033190
696 267665387
718 79761897
437 126467691
594 742413899
707 346182997
54 542220437
711 523352607
161 738175475
290 521905332
619 129025682
983 801766453
647 793174301
804 945421091
519 373746106
366 236999202
197 766896847
907 564900311
170 924119600
557 351645144
829 972907128
362 472830874
779 302371869
369 257009225
855 123623695
169 43960890
432 685373289
443 636749931
515 715319212
651 510020172
727 715707353
439 368122283
330 872675936
416 421443762
349 191679490
156 905624311
491 626974192
133 531655914
959 548676578
9 22377080
738 896242475
118 163554497
365 666980140
462 343730748
405 252885110
809 640906447
277 955792151
123 3173703
310 316855546
692 464015334
247 90739727
221 150413007
865 124093037
275 901923444
110 371366264
155 56325422
277 94910015
578 137052868
391 427658700
603 616810199
976 192519660
256 127812082
20 801646484
501 401899093
281 52975624
99 872874864
587 10747018
270 130140874
305 121032063
870 882255883
71 915077278
171 275284295
823 590237766
738 468588944
861 519910065
334 111985290
364 933978876
324 709793331
288 157226517
698 609099217
942 640493771
691 497184694
189 34519426
198 59610876
373 113860836
569 124361869
920 971337399
578 11158620
614 415602720
512 149083365
911 763955186
47 873899489
830 809261925
689 970713356
663 94433321
477 367979079
24 289093033
894 275778491
141 553919334
986 598717951
673 139212799
242 453306409
74 839626307
96 621900654
694 13501753
251 814733
775 379561821
323 854553295
635 590031105
44 46615402
598 316085022
346 415329249
322 84452737
744 488802791
307 75213018
355 238454269
867 842371085
717 680020202
439 566396907
526 768607231
177 250361454
305 923000868
899 944861220
746 549235308
972 255098232
673 11929301
475 305668724
600 845770686
619 261587391
160 199685103
318 661637654
988 791210867
583 448952126
426 956177443
185 428020218
10 624089977
549 969811181
193 428617469
385 228677276
516 179624883
175 729357893
683 611354542
643 485242030
412 730788509
969 159563053
675 130976760
969 662623969
647 543111404
416 712595811
911 201283133
859 226230431
637 83223368
970 49926399
626 202750775
221 47569938
134 506098106
900 549172631
341 999024941
760 83745752
60 114124936
229 435570816
989 538358596
500 473314964
359 987031495
562 460165721
753 846858835
273 54543029
316 844580778
409 958539033
70 536246929
508 16971421
17 566362853
204 525655111
765 346666668
799 13712496
900 845597487
543 213459382
244 75944938
806 534587424
291 281654779
472 984954221
411 991403188
770 679992870
860 746524617
160 964097820
74 152798728
443 529457789
981 621211091
842 332531821
32 475794929
283 224913556
616 49468598
445 101383197
937 638458978
226 130933081
449 867258559
233 876457619
837 888046031
218 65367460
697 405195088
198 968597469
309 35885496
126 686482877
56 512684340
910 213114152
386 378142940
435 996202064
496 680582597
717 983787790
113 930273666
182 434902666
397 38461902
814 109946726
365 915529784
273 646155201
270 454079040
217 210691815
675 287788402
772 272817161
383 987363133
181 897582915
441 264652310
723 630119589
390 595808635
8 9661665
785 94232107
151 990395588
128 659222910
504 19413808
115 371082701
934 109765101
817 322679402
119 757585599
436 636255866
944 658750851
175 885422935
846 537242849
782 704153622
93 41997453
459 341478578
149 264350296
62 495706413
446 288627962
446 541356036
256 821272951
710 526978942
373 510561302
286 398611322
211 931462793
811 725674784
871 586980197
76 712016880
163 697590657
639 699697802
951 523374151
341 416284333
139 862157277
626 532823106
839 792744709
801 844177358
417 603237920
902 138009584
862 85907915
753 444181021
112 670481559
110 561871524
9 47091436
907 302726935
358 537521170
692 121613881
930 963328828
825 211981063
90 923334660
966 916247833
638 328204018
239 851397084
2 150204145
934 596870431
606 648106967
221 974302050
429 965069070
720 317583846
901 401963081
839 856835483
609 97590811
130 496241638
325 549980305
742 250628487
891 773066210
671 345021609
647 254474840
893 860558693
580 685687381
181 975860622
636 618975968
311 41230135
224 637980574
734 840332547
925 743321467
60 982594628
528 608127157
998 304023546
413 684233105
223 32370234
217 551346556
608 23474261
63 384996857
585 615371961
157 364216386
191 203241481
393 867626470
239 156695894
950 661158749
587 977025228
282 968928933
234 534888420
406 29150758
369 673801945
88 646190918
785 744373967
218 366219448
728 354187240
471 296637878
416 755060392
181 885903076
600 861079380
640 130758001
654 501570403
218 877669080
574 84152016
355 702511407
615 336000330
705 70043802
381 135123782
522 880080417
117 945527176
589 773726033
3 20629700
215 232050805
509 345486941
114 700493286
940 965462175
969 76000502
685 998985758
46 576703236
190 168462368
768 584287583
400 660000455
917 51933295
878 621965524
40 294866945
438 35512256
894 301834402
371 931230547
584 456927733
105 320262768
955 863357213
967 376815631
462 373340500
495 866094111
751 60437409
162 396663125
593 805650608
383 131414184
509 381706284
441 272193528
236 921372986
569 949933418
367 65238913
896 860349008
642 757052369
979 862232176
926 637607713
626 582059861
708 466428086
500 75150234
332 200016800
542 585225363
837 191138050
212 702222678
627 821261222
81 942050742
180 420933834
461 28607530
148 63312145
825 697807984
239 83120436
243 646254298
565 12051780
207 72576591
520 539257251
762 78821717
648 669642535
112 933772055
817 41452891
363 276206071
784 988050946
235 610544675
596 240707763
972 576058584
90 547497445
954 995731310
257 809604385
381 158717075
526 117532749
198 831621621
724 284999432
9 390933816
783 2891040
637 605026566
991 557262102
441 672358870
432 284707723
745 913542312
974 205458943
652 968067548
885 669590657
779 111211560
838 360259885
922 922583529
36 679282108
873 614720203
790 781419601
688 433704780
1000 5706370
117 208669401
325 579266844
104 458434655
985 721378947
257 807733839
227 267978176
82 753171604
7 337379840
931 970735700
183 266958444
634 536658975
698 199753476
518 463838826
32 77321635
616 253869629
880 20884117
614 787151195
42 857391799
688 744938210
816 549266674
924 446153257
630 875512641
410 209518609
145 454698795
643 86687490
461 490961049
75 556093903
970 591040046
434 762088754
823 150198303
981 201467902
577 42878636
152 456855610
565 945315818
394 710401784
963 363702315
375 713722942
865 295737119
654 84677548
735 383002705
144 25621740
833 196980216
746 419418923
52 938040088
660 784134366
991 237692034
23 883926318
576 613303517
370 775904710
255 780105307
888 291766520
466 82485557
267 581850223
490 781744250
534 156717126
552 843741859
912 925569651
927 17961062
607 970510237
952 472412236
488 321147943
247 780935990
652 730858485
759 798022501
97 28774402
171 596934036
814 80567576
961 595787463
184 775569145
654 901353201
742 438828579
648 997960203
646 69211694
774 305805215
857 253583707
979 435141976
222 110137413
404 498579379
10 4633021
987 718893430
569 487892872
493 91782737
291 50999919
629 751154091
936 60584961
734 674498951
660 256465099
15 843353053
282 52504244
40 855972245
367 759305339
575 197699609
263 611235698
405 608603424
153 125327832
11 190615719
611 134388041
240 430295273
368 575359453
717 235334240
479 867482545
501 476966160
761 515134608
632 444574256
458 643458586
581 352550921
539 764882433
973 915651696
3 720947997
501 357191131
994 678810862
139 762434125
840 874821119
619 30471986
321 371747114
791 856565728
680 559120905
712 318483376
184 802615717
775 897273434
287 863979851
478 880135605
200 48214181
290 558803126
536 22698417
973 806538992
499 716406736
415 997087885
84 98623465
29 135721945
399 141463221
734 596344781
908 585197050
913 845998187
802 215073665
568 980644840
33 445837269
854 506913125
114 522354668
200 406554412
610 835434605
375 171712305
288 710824512
520 732570153
818 256967017
74 679960815
294 351034907
626 79166570
99 690896777
396 336137888
89 641314514
472 450989461
332 967490270
743 356127320
391 83388925
385 643266786
452 464722884
937 560220976
887 116921508
353 178288879
228 147937209
921 549612590
32 911041782
114 954829977
395 78196404
197 639120055
912 843185309
884 161084630
588 448318031
366 391785705
275 132738170
847 609824335
25 390363647
99 498685312
858 418048040
60 114943201
574 495377483
810 469851553
607 669919712
287 322094509
732 616154188
713 95925139
603 312940950
829 411165642
651 824309378
711 703921818
715 73258934
606 480677645
292 90642739
302 447409008
698 250591827
684 986506117
664 921112241
187 187774073
104 500478435
487 758605893
524 510223730
97 937794869
141 161006233
378 645151275
356 12772404
956 656635304
814 674134423
544 402210043
564 913083814
240 607493511
729 606889494
430 67574470
350 864348243
743 739498888
645 132824056
500 156299789
230 733035657
157 486526823
691 364517613
435 188088156
495 624640357
410 28808821
83 306575752
913 679480736
897 213310993
131 442043225
427 172167989
502 992388649
883 863682871
120 681873993
879 228219211
497 486874389
2 499538001
515 599872667
595 127616668
697 513078474
49 318192096
515 690460568
870 406944413
990 111489986
250 520333877
90 183783936
46 529844272
44 876707819
997 361039414
976 482687577
779 521332241
721 865862825
395 237506231
645 635569051
786 388246190
341 188144195
584 563234618
237 841212036
954 824402386
811 436865824
523 28657080
618 413488950
912 942700162
446 1561732
840 102341412
147 82905572
789 247029502
155 642501040
336 463046204
826 625544977
849 4357790
42 303953077
546 551757780
70 529757927
82 80673126
354 227725645
189 388940635
169 261139551
845 8411651
343 109347774
559 299319630
891 757492509
782 362661558
32 394867689
392 902509327
188 400497662
119 912749578
675 918631514
789 599600619
532 3384610
241 832861315
373 440467890
287 144664971
655 839412834
687 713801049
167 932943897
315 445355080
364 936790099
745 238835491
792 54266547
312 797983268
17 692948907
321 123143840
135 313744576
392 811745087
98 191351084
310 337584322
688 649387126
900 435268312
548 19949231
43 548114699
997 923249099
57 832431483
652 117157455
832 63396390
583 411383936
994 40952213
20 111511375
843 922013314
629 508555575
909 38042249
690 211514942
626 942644041
909 932394758
645 308384574
646 635163997
666 177372316
754 857221283
106 106098289
688 150060075
916 350341297
585 239725372
998 7989625
217 879686798
142 23720528
298 721803836
922 130336604
607 297620759
132 329409131
516 633390075
385 657939424
137 803570276
978 141766303
66 29207250
650 724665184
407 961472631
545 519542118
670 105088995
314 62632822
929 902915303
48 797952239
587 796694739
931 146160216
677 132083406
960 752392034
176 80692463
635 400701236
669 211990138
291 290744817
262 305521723
954 445490829
344 201365767
611 876119466
900 107789493
85 93847959
717 37125645
614 666654455
241 591697663
478 247400006
336 236619990
52 837007833
718 24319544
480 56715923
395 137263138
198 215712378
153 755756672
831 20015361
512 676085817
33 68339127
322 340640283
544 812354824
669 581387843
845 421444583
534 585702631
571 269964002
366 96075760
559 103767394
901 638196067
441 707707443
650 513279969
44 204348030
299 884660380
552 970953989
301 808631094
310 135049790
324 19715071
85 819981286
939 458633185
449 144605158
281 401195347
68 197673246
969 779456519
453 584275701
619 395954510
76 557817342
154 351377397
207 888899230
918 870603496
455 48512990
596 450658645
790 386416290
224 781238055
155 649201419
504 124653596
906 828238503
978 30775993
969 101209975
633 535851183
366 828325254
345 662767308
344 48586043
224 354737406
382 67835529
345 949577776
681 697818304
926 502458724
259 404151353
507 104556672
66 795622337
963 872472819
179 774450762
511 146699770
889 163109881
407 527720671
538 762584855
699 800756233
306 569110175
353 941270016
183 482811725
579 850589583
947 784772383
195 978526086
495 132085480
745 932945242
358 269959466
501 688599910
512 165320467
879 211127746
178 145757593
167 13695224
164 48303922
783 125670801
309 424600476
366 982635995
474 713306800
13 588020893
885 979751120
61 138797427
839 765761153
656 259036893
750 488342190
351 137285512
606 862482796
267 228527503
405 179408365
942 677583884
128 412012933
481 360568040
792 980791626
276 243480707
136 405129331
15 829711880
795 55076264
785 473419479
26 282501774
276 70478999
197 962173966
519 226818901
16 763745129
540 533609319
158 189364947
536 191707253
976 655683454
176 560990349
13 454110337
325 238307482
520 762252398
369 944343984
634 936312069
258 809718147
121 752622518
825 696773235
429 363480045
440 329592638
500 268714619
688 932086021
484 795744790
276 884958799
673 629205983
789 623342906
169 236166485
775 151282166
900 76205646
813 845174733
567 90169657
95 693969519
733 809772538
722 765880238
436 640217450
709 242023273
542 610516108
421 13815005
151 21323492
86 532302206
411 720065755
485 10829929
978 946495352
256 782911526
789 948824824
567 469499429
308 502902581
283 925422711
641 78879806
644 41757381
812 739666850
356 474305835
427 533306747
870 379913886
17 535399910
758 4569195
956 758712147
101 403880503
559 673179104
61 782453866
699 841916883
304 857386331
194 800941284
622 439400014
120 43623349
675 833793734
397 155327964
604 206255890
615 207100988
693 340351343
449 824880292
39 788713058
453 276924005
342 217856008
677 914870833
142 738422421
901 533361798
22 405836245
34 33561111
364 662643201
147 120956907
567 195776280
390 250828720
47 67820895
507 112804384
659 942565796
920 115792909
480 464435645
341 616730478
917 496716574
901 26521572
17 415889758
694 887029695
650 799532640
45 29777875
544 746126869
896 638124728
779 602540067
483 462039493
563 469684679
217 718830969
883 116931247
921 310548263
427 345875829
472 704131406
916 109004616
838 364603987
288 585970482
765 256549151
55 873780769
920 42254609
138 764767001
622 624405175
330 931340862
429 578819552
964 297291426
321 899818254
199 293582018
872 614883019
210 614292987
193 678985982
780 132152772
324 289718939
941 490243987
717 94164151
727 491056256
589 91930419
786 100957348
401 722556695
595 595667144
805 859765782
290 202942347
412 545473026
731 302457081
764 541211436
611 39233491
707 936984829
572 440377770
564 746376630
398 658535326
106 421291014
14 313858350
669 320541399
77 358876368
634 14934502
102 953153026
853 164733160
502 74244994
190 215833684
645 449240333
658 47724570
205 811499082
704 701131700
202 32336789
255 504768137
836 161425177
759 16971869
22 233894407
834 52645397
138 345842905
896 93224841
665 827078326
874 338295882
367 710657307
444 623970813
513 305483656
627 500730088
557 88681908
214 647122271
439 398406775
905 71789358
250 960536556
795 604728319
848 92629055
260 616748121
747 455551227
751 129255889
366 596737009
838 163362151
882 608927500
947 51296027
893 444134334
355 3168955
968 891575081
835 843978924
147 937909435
61 789306523
831 24558441
134 610075361
663 259678827
871 730648369
753 381639403
280 458707819
262 965454013
94 500377454
108 740692137
970 440358290
650 571552137
500 395532038
524 898246839
274 877570817
174 444897005
213 124331994
358 76445000
606 460859318
910 719166677
397 145015900
485 603439989
704 923840094
416 208463751
516 124444990
874 600235643
137 814432910
833 819147161
748 139748665
298 802744600
381 864522710
360 156628755
523 130986440
932 308712837
685 611432671
69 894453345
949 285390046
287 468063841
795 352138767
270 729466957
924 691511616
836 953367908
310 943467556
224 665981011
431 874012309
354 9532624
84 772894901
516 41608520
960 478994955
825 401878969
476 467839590
40 320210828
372 117278044
643 85589337
274 756610222
694 189816033
914 289760510
947 238315957
427 295721268
223 72909644
130 247193437
607 475004360
388 874238405
239 812207516
110 360552424
959 778714180
407 788680839
847 832494873
564 504542879
316 702324133
393 30895656
919 544327282
876 503800135
689 500731542
397 638317377
229 383608454
26 185796516
912 73122736
661 53889168
516 101666743
47 667829773
407 12059292
877 870365076
939 534299978
95 668001383
359 851254039
229 940590480
744 617871943
562 584715130
857 362383438
710 920357656
768 386357686
852 553180381
582 76532054
765 225943967
330 424796439
248 583809476
304 365202995
773 398486637
124 794413262
870 352445789
747 718281340
820 6042140
707 570350316
251 661639604
271 124726726
794 418152554
77 717860645
923 941299358
927 142251696
368 559412685
361 114187148
502 337155790
764 881757987
499 207432910
384 953921901
820 973246276
897 585524822
735 565873011
641 508639191
762 315829281
378 115076174
445 850270671
485 829671298
377 912229033
250 603012134
403 708348712
928 740622853
441 443681686
989 323001984
189 752171426
504 51352130
775 313636534
924 68561379
254 492744632
318 617192048
265 832814779
82 509606126
609 370626459
746 973318255
912 496302797
566 947793782
846 503509758
759 323249835
293 673329419
858 2838816
262 830277679
264 535463300
844 834393387
423 218192142
208 50688507
671 204138505
173 907424976
293 534520946
237 46622358
291 856302474
324 883648975
366 431246317
111 56797002
994 214726379
928 481799233
790 940370182
564 666590506
531 66954280
106 928264720
91 762012157
670 438777821
998 720098834
579 865804736
293 455313797
647 650226509
825 130173175
464 106111497
753 904054028
483 30242635
957 267498824
605 964007247
878 642241409
693 845701783
792 71359538
135 731961816
706 605365398
305 12168126
639 405724290
292 98651096
105 106270220
981 59418988
921 727937063
163 964556643
377 770984498
42 201709036
950 543255456
499 759460170
587 28583958
147 345970831
209 872161579
986 600898949
21 393745354
777 497168288
535 15294558
971 888401403
297 736476074
78 148234041
354 891210289
336 988263364
789 7483517
336 587791578
112 127348734
845 703367775
188 394542060
199 379143423
923 537834838
129 97786872
466 862702111
734 89590869
978 44642299
650 575710048
496 699469930
130 998269201
825 440931114
307 575751157
963 120324153
149 63493991
332 883101399
333 568942362
286 328849811
602 654074066
537 425526815
541 87416103
527 796832206
241 371909445
482 685457989
41 27545358
897 998433157
124 173041310
186 375371453
583 416708886
68 942201672
455 974982746
609 346377289
152 983732767
854 633801279
22 777324225
447 486621702
991 737752924
830 759032686
99 974633666
749 40559313
548 868384708
86 48046317
208 572530751
891 353958082
386 23021469
347 830583323
338 378002256
884 433159483
636 249323199
517 867459930
725 63059849
930 714695623
404 955677920
184 662285006
587 181092172
446 621182266
401 241468819
249 356150065
438 154294374
886 457914745
862 126322392
165 258515737
143 116443489
208 561431981
135 90738827
779 325759254
843 585547048
763 766057103
756 418084381
361 576134450
28 75424665
741 890308126
925 7105618
46 770639628
934 853187681
371 922853829
55 958017724
417 895308072
453 68593506
68 719254621
479 57485460
695 735597395
346 238838229
422 377385389
729 334258240
384 788707089
942 546748032
73 719939145
431 12211177
904 457853616
442 22909385
52 816104541
458 465432567
299 843909593
897 549798010
165 345561032
870 756104516
339 963666091
279 844852690
432 320842872
875 555596360
315 222988400
443 412934566
567 986765081
922 368620457
99 241466999
889 499788519
651 705682059
543 371891212
702 980028479
278 955568905
310 391029605
763 730565302
286 974019076
267 302783532
141 183514496
341 924248273
334 718556658
507 553853863
417 790858636
960 531931998
975 576680688
784 942967331
898 23632880
999 637784567
59 137588758
45 376645868
219 837482024
440 100120125
761 698911511
549 158443373
33 225629013
562 667750810
912 241691481
229 211505921
737 59105742
896 222434971
569 785406404
398 377179809
414 735428581
631 336535179
39 167556400
708 526630894
805 71501890
823 17317389
788 97656384
555 609366527
902 869230561
83 816867434
205 19075120
712 790423240
204 474365731
179 647166139
942 41986716
169 61717217
331 460703571
102 544036762
314 324469526
168 95789799
567 616625185
422 36395799
773 961152096
736 668612363
12 350552022
580 884843351
141 113322772
922 107022772
672 524349141
263 66468799
587 162557491
312 744277814
260 486692019
705 63508165
385 220201483
815 42230315
94 488958781
305 172351736
272 882141075
785 794727079
950 910196710
629 18440276
328 252951053
50 43174763
894 779459522
396 601407883
747 96777564
732 558027433
670 558407799
402 637142228
289 456923671
732 662068829
211 784252778
338 639074596
599 195488844
432 314444166
725 193622704
765 469137102
360 574051765
991 551524044
345 279684678
643 979236180
342 991423266
331 123808152
785 595316110
474 353124894
943 653034269
239 289893492
301 20363918
232 571203853
684 454229332
960 966519393
277 917833789
437 48233038
310 877567726
734 339746674
17 647812917
386 499832267
296 811970472
70 427664341
619 36901321
545 898947396
419 272513460
105 648496940
602 815862582
430 998692845
724 859089395
247 236770575
108 573859955
904 986427165
232 963004876
117 773360567
246 902640897
408 169529964
545 49154423
981 759302132
398 95236332
456 24816975
867 147278030
27 841877273
642 402574311
274 518062953
841 496586525
717 258129954
583 435203125
944 978165693
996 491958659
717 295154866
163 501077988
131 491232582
694 644538309
589 158345419
474 971880062
165 494483846
322 396014849
781 254160514
207 256826735
526 412896274
879 909582724
630 981912835
613 589115953
879 486439886
94 26704803
693 577301696
394 393287068
519 64491115
702 335705988
594 864663544
484 141285746
813 127422895
338 89771146
12 112946193
186 52606157
291 180174313
297 314763626
817 916260070
876 86715594
274 108160811
858 842069367
801 143824554
790 565315264
496 923697343
22 884633472
207 481658218
554 367300649
802 489011009
695 77001618
548 696230860
278 366054003
650 365664862
970 320310329
666 421056857
459 400789503
846 22168305
306 732124001
187 27421778
30 53843722
950 208897630
358 426381866
963 198287064
460 194704775
392 954369330
369 588870559
17 232344647
988 47163401
283 143741130
392 835684865
139 3273865
977 63257891
262 318876143
49 753523505
593 936925853
844 768303759
274 173817872
780 907595282
872 983100692
986 766090890
12 991995076
910 313429738
733 19651223
687 465511873
365 866523696
94 741915634
251 41948038
311 880832331
102 169797226
681 751464789
790 46329521
860 131971086
523 645747545
492 649653363
897 510740797
263 57041261
749 654632582
29 895648030
286 205488916
843 70685704
140 928156582
536 818491956
661 674860669
619 104064679
700 534501511
221 108359776
511 145538601
726 17979285
149 998670905
204 432370344
915 521406069
880 677288747
902 534670241
908 347500795
638 45031158
186 9861714
531 690554563
17 737723893
295 902565627
469 493126681
371 917962144
238 634844899
798 779043679
866 454445229
492 137261593
564 320555427
571 256779392
515 567852737
600 34409342
308 585147341
735 531929733
840 130446096
619 460538940
442 119694428
918 260327004
125 234376222
563 236085181
883 121242134
630 882232245
523 291799939
660 194797264
927 111547101
773 459618189
794 86125186
499 41375241
723 471091679
148 595611504
528 222240169
427 572999021
752 783570347
997 231919645
231 869628559
196 337131192
346 665181131
19 473838880
894 43975986
702 439286839
858 348887018
88 416448059
132 786875671
367 249220896
149 489499161
995 452216363
452 324629007
960 176590035
711 904234613
148 496532463
154 984915979
740 415675340
492 180308368
719 955120770
36 653781111
789 171293164
961 410832221
155 392180261
241 773209374
131 777090375
700 836547185
762 842440863
216 633032757
145 45809888
830 915585980
770 16051793
523 924918483
617 591836722
315 349663419
221 9752153
675 364197024
314 558319252
554 43305634
156 256710709
997 277515081
711 999546975
579 98216081
51 707669060
820 910731305
499 561528450
209 217976592
543 114609948
480 126966319
99 653432834
740 59833554
148 931259440
326 428954844
932 844083319
954 696088186
318 317981426
830 549095755
341 786421281
7 828486563
156 597124970
338 715526970
81 569696698
678 218450780
793 490468428
280 961814581
261 263979254
557 991164850
634 116507746
481 451800117
202 156774297
210 569254585
297 2697282
287 91519499
116 600164679
477 443146385
568 248212012
716 695245828
517 925316766
906 570729093
926 711285595
559 384614270
966 781895660
419 449854564
388 308617370
151 88914180
860 817774854
631 651339193
171 113556571
654 383245119
837 579658526
52 834013974
795 902914135
821 431859399
373 286253341
139 695208152
411 316789973
267 350890445
669 624005827
880 584174061
552 878084127
234 309038168
553 151475373
869 122234331
914 738610680
590 903712628
696 438447452
812 114003572
606 506030708
103 724871185
378 780859121
139 348097921
36 847434331
361 655769692
988 196944456
912 277667758
101 559055847
556 798707372
461 775724994
213 971671102
393 791896661
337 75036256
994 900844516
867 205173019
210 227452496
96 497104598
476 637196669
907 971635901
77 640019810
275 376259560
326 623029990
74 785544567
982 227129231
528 435374346
777 635999400
878 312294774
48 204728231
100 452135312
162 336305388
19 885811309
759 230007333
251 245312898
807 12691950
35 64904813
130 163647991
843 96458107
218 92893401
58 75108024
902 338887067
253 69895710
943 791992434
242 135635060
466 722571774
860 989952401
959 7729858
534 500414158
737 661183717
714 72667923
66 880008687
234 504125851
555 829640346
382 144248922
350 304762530
356 225733487
452 266637761
74 271504074
7 375511723
964 589037732
836 449231840
922 872152158
742 133816753
696 516382023
305 895538537
730 760095487
466 295456750
553 831008381
404 784204281
354 235108056
166 9150684
653 607233475
438 403702519
486 895682239
581 282431690
581 169308543
930 558264470
837 251375198
695 747352675
280 229958142
639 782096663
199 354702632
558 421289414
70 62431878
755 484237750
758 814897548
566 648354678
883 593553242
567 283949297
20 603936251
216 955756525
749 238245084
841 417439871
244 264465592
267 614947128
731 90435977
227 822800317
671 678636481
371 15855553
896 977434734
134 514039038
314 166990436
483 272390419
172 76650192
278 128442007
15 117804803
136 470860346
897 938806738
513 740365794
673 503205006
468 13201462
212 829873774
649 438775005
111 986230686
885 665852086
51 337782043
678 183403479
172 73227180
185 800814418
669 141561515
219 812475511
109 958790194
818 474937491
287 745410803
174 611262811
740 285860713
679 943576741
148 565904862
148 261236573
600 135717115
330 438126397
789 994754747
460 354968170
528 25135959
993 145605399
404 450778212
653 481713458
302 683876307
371 130998537
381 732956433
818 594485434
583 153953613
697 569099737
280 959668285
142 792611356
703 932949488
488 806430461
182 281779676
142 697369599
179 225669412
115 247157415
825 76588013
910 811122017
415 65291421
170 221328846
790 836355071
407 894136580
237 66776464
609 804408220
353 49352314
847 479548168
579 701856697
601 109923533
419 439686723
158 631448347
909 913490656
705 405300376
680 574103232
558 650951725
468 202891275
188 174774231
41 96350780
678 45972323
199 57133079
673 839401624
448 114716670
394 254898336
866 274569415
224 751417056
208 705088517
798 528343898
387 550179612
37 113791177
280 16088006
587 556655033
112 159526346
574 510543079
744 370450654
959 971504685
664 525416658
957 690627440
545 908205124
14 628717
817 683441046
936 110446472
904 953780992
803 720220847
515 405826624
25 53487583
173 365043793
827 818869579
750 428177600
490 937267902
119 560503135
527 932551753
760 415229545
897 977818079
37 272950614
38 671267259
806 77577020
303 924665469
217 802442043
277 554794322
984 569022145
248 768326747
336 871777002
133 872315064
306 767142431
403 212279272
208 391326479
77 51221577
210 469201355
232 924441319
493 793304429
177 964598497
593 35018175
37 610551764
683 252988919
856 224830103
153 980584509
917 861812442
179 891078464
147 465080506
900 145480327
323 927550903
148 366825729
339 57261606
649 144832484
295 313636927
687 412184593
518 28545765
843 726628302
580 390076084
583 227527313
17 651161316
141 86062703
621 866047900
29 2312337
440 81181451
478 112100562
835 93980963
369 181100556
559 809129654
968 607543384
295 2258550
602 474204781
840 42207813
410 782500903
620 1396461
40 840027300
841 46978249
866 70816141
142 217717582
601 378297335
434 516884496
412 297164495
819 420957747
734 465605819
863 240917857
29 662875912
732 596708631
192 47277867
646 704397874
149 684421740
775 796793572
631 735033633
7 634916011
278 596916529
131 441222374
499 333368621
845 91649192
844 1693004
387 3172978
144 90807719
196 671365481
324 462687471
875 742896449
946 137984327
544 549219257
950 172777763
623 128952565
389 376857340
330 38213598
972 518958523
781 134233207
756 899468823
283 33276993
921 708625916
627 313326088
848 842057984
389 101007159
609 784329490
405 212816420
406 949297546
92 53503100
167 519358999
330 548495066
659 694536364
747 816604330
422 765217601
796 468363238
616 393277466
337 598918791
889 97751868
269 81435723
355 330634315
587 29355252
663 414827886
485 255301939
792 373155979
260 826269720
949 812765203
545 176848508
192 242832624
496 126709886
938 891241741
69 670024860
714 183254704
63 925545350
291 354748514
243 886854387
24 601480767
323 97101891
481 108245188
467 892717420
396 297164468
682 794138199
978 968862210
517 255335466
959 928023520
171 355699313
149 881332636
53 787845161
84 326290232
49 880469503
592 44689775
578 515100882
630 69268219
484 858184320
861 173924543
785 71752715
873 91165988
67 71923352
419 402289041
718 390228338
775 559090090
475 184829145
704 970729752
79 583872992
472 427170207
379 406816015
939 705783068
777 36505822
62 352133438
113 804901583
599 376791402
315 310915468
987 504489894
11 712275457
495 938765920
672 505352855
54 114328249
693 138337851
197 44593939
704 806069388
483 832011764
981 312789647
919 688186377
16 848637961
627 286279581
450 322114881
671 93236501
519 428411993
641 532424868
9 50414248
308 34794597
782 885750290
134 576539425
66 593073984
704 720093349
905 824773459
854 108205518
376 669259636
528 47208772
819 555935801
57 906629306
247 829050195
504 396564405
811 481786856
217 437513037
610 956668067
629 117504035
27 293134141
970 151882356
214 946862014
132 143926786
667 362369822
699 323017816
793 101954481
12 980032466
38 345394406
682 434355942
368 884462864
726 214821566
792 368142942
880 258214894
73 637987667
942 245108640
655 363831716
721 974263204
275 983060173
469 91831523
186 896012422
362 297815754
204 192603570
313 848943733
325 368350823
746 112686282
698 209164542
156 46602843
195 352417675
590 13735147
508 281116939
14 785200311
355 339874175
204 486369416
335 431909405
227 743608515
200 250326154
498 903206602
437 14531003
853 167221300
80 444805873
500 476416716
999 712481450
701 55911652
466 76258083
489 215170773
172 778501600
393 727908246
32 985811986
691 940954311
549 745296382
602 877090391
85 662431862
604 982211450
204 925425575
966 76580436
903 947433990
466 979799473
240 78594991
822 181064654
636 800521191
667 773549016
635 846120274
701 330911155
308 450205320
976 596550329
793 702392150
312 203639593
702 377813909
593 417229272
157 261568222
281 385394755
596 952881876
864 300204358
933 110170155
937 681036921
705 88508511
914 93392194
773 349902811
493 212000378
73 734383301
587 724821077
494 575799606
230 260458211
297 544108193
699 467711221
705 73912775
104 458976407
894 830383916
661 332085722
63 332536003
437 261202809
187 58724974
987 405283735
534 155265493
612 125664243
846 820227307
514 26005614
471 29082044
139 626743746
614 174810312
254 685982520
54 418153811
623 454446882
273 64896790
659 639817675
381 126931794
581 918702137
245 136107704
664 715981314
477 849110280
257 259468784
830 17683211
894 24947248
588 765616016
618 259127657
16 264580893
803 966719262
666 28374126
932 105741097
76 32667503
766 190654130
228 203792735
344 881733512
411 375573329
281 109313571
487 917228349
117 126080677
975 406337654
766 119155126
484 136025338
939 377298603
355 110612677
157 907489090
653 423040180
886 820187689
262 606358895
734 309105392
6 217207374
111 758895419
554 261875769
92 907420808
595 146205315
376 642705233
833 668290488
559 939910480
120 860763917
440 65137392
690 7372491
646 931899305
781 755600414
49 381437557
123 207987248
833 800897410
176 248452225
174 291517193
330 659842734
55 58848841
293 815891047
575 477881261
698 733819134
319 682539950
440 325107597
857 57901767
305 364650705
409 977642449
245 722259326
595 446277256
786 328224763
570 727642514
346 826419543
320 84203467
460 724786043
824 532493929
825 332136089
597 684241011
374 898695949
950 740202682
228 219597736
948 609304876
340 80031630
68 303010648
152 905695902
582 459021552
595 7526546
719 637683604
334 171856132
836 35344842
707 317811316
720 778573637
190 842381488
956 512406452
890 290791243
1000 408721981
933 743530174
124 85904167
168 846463328
25 952971960
929 119318325
254 192814328
214 78326694
922 764569979
765 972092349
866 574231894
273 58119147
567 686876008
898 762928941
103 469420426
754 760865458
132 491558781
535 149883797
7 291798652
399 573888145
324 504410986
1000 888099579
162 585269033
50 149271099
199 421249521
372 534096919
533 814626062
598 771500268
534 727822345
22 497175090
359 3996604
970 146736732
959 537694118
95 545492330
652 153761631
806 252822677
123 556956027
299 342071828
57 376987134
613 84815841
629 267667673
979 425603365
149 144807822
258 903558190
447 98669961
193 915069573
608 351908807
304 806561374
150 295650673
660 265852531
574 375179494
466 712472845
871 897804824
907 574587955
966 81146090
524 598746516
95 391077472
632 6190084
287 89178931
481 304416078
959 825450435
304 538496899
526 625171187
689 319583718
615 842435037
618 904705686
293 840363165
763 506365234
576 874660451
947 806483765
287 334603254
296 453913775
253 85667962
316 687107985
691 797684069
313 747334688
267 851524414
209 520055713
346 427858771
405 805292367
753 640151110
237 776308336
129 933171657
868 545486847
800 267603264
485 548670321
517 543707981
534 54909866
429 279001912
322 432153282
523 274435542
843 392025290
545 165618276
362 95575668
976 113327793
342 76040980
320 271616918
302 912737458
930 407546952
746 944059332
270 464367108
208 175667470
647 561671672
624 443663037
673 809391887
201 786078429
96 284367588
96 170651710
276 612659446
737 474379870
943 245128330
572 728916384
997 917004559
863 466223706
667 734125562
445 384780893
857 846140900
891 542262718
526 702794608
959 138096748
188 121092838
415 151394914
109 265611242
614 598373253
809 394387979
986 918937237
945 282847775
196 103288396
952 503460860
702 463341737
218 514091804
202 719468989
558 557707400
595 218571107
868 76151368
478 129287857
366 596761406
668 436988781
149 84825441
406 938056738
327 7843285
119 364469241
603 176228156
836 822760176
733 143244944
665 386973300
211 487835149
17 26393968
82 957231257
847 616934939
306 653477532
843 344746585
710 560085324
818 482641227
719 591259262
411 755234705
996 931362363
465 995394585
846 87155371
854 559367450
690 873998284
225 254010469
947 552908956
587 250798657
711 312234092
770 256138767
779 865943860
678 591115573
96 20187032
891 156323988
942 911137807
690 217108712
111 638726934
202 860131963
187 984832601
957 647520868
303 617620217
141 141143586
193 832662722
289 548653813
833 629295127
460 203695040
981 37223995
339 79091186
138 467008580
991 411070494
742 774643377
776 471105513
926 937968631
961 149064726
765 747769106
44 526203976
427 247346595
362 23715827
434 918190954
632 391322417
704 393027638
745 390096920
602 39216638
910 762936418
833 412948552
567 315687115
920 830509386
450 21390076
465 792423608
708 26046547
120 568855093
285 108612388
908 786438886
319 823041169
900 420326789
729 262807629
598 484922923
24 527588690
900 302780919
383 399985839
259 772431279
788 444445290
475 853083760
56 913956989
819 141201667
530 60098043
926 423829425
864 245865330
49 480238262
230 85689738
835 295120375
549 370493580
421 663888651
6 558837830
238 780891159
806 794036925
325 200156671
150 686718323
693 201535216
454 761579284
595 691616390
48 985406093
35 924186517
270 186743995
723 700128044
720 697419738
601 597527058
345 803279465
509 776594410
145 95401118
808 283149963
309 258864960
635 571594012
948 116733824
363 22449053
636 669730190
283 257712007
9 813286794
516 18912644
219 772447987
63 429410709
433 303982409
772 533928909
347 126562683
55 2942466
495 40232098
808 393588875
755 118663805
486 949943667
563 756187346
386 406723050
158 824295300
919 157080639
381 190866644
44 390990484
951 967196635
795 144768933
399 512531822
229 470013284
4 664870686
766 529810733
97 489698526
178 76635552
671 186739536
293 715893541
163 437706831
270 869504683
476 679213932
860 215490674
676 928749836
88 945907324
727 402398297
134 18542044
299 10353722
148 483759242
589 64158529
341 169492209
251 189841843
701 858878048
939 543268005
664 45858674
831 170676069
520 889644849
932 29640807
289 591213526
5 728866793
924 165199548
207 313899451
652 39154865
16 313934229
491 815601976
559 993371110
593 910027616
418 69884857
90 104840539
77 895157299
518 913485747
380 418816584
129 798306900
34 901441718
875 858645
527 567150837
340 379812810
654 452141264
387 706853068
27 819555162
677 581526307
333 364736895
610 907325307
596 19540535
662 617128468
720 52145632
945 383012906
970 632582516
723 531251162
566 713620843
451 150591090
603 359429730
138 454051392
310 175470369
534 478728233
554 912347772
161 474443065
316 794492608
821 756806792
183 12335130
233 128934636
400 824402471
662 235019459
127 176453524
84 551961494
62 130905288
913 85392888
294 311419134
916 744155331
952 589883157
237 577730617
66 669605716
916 183320312
496 777808132
441 607840701
282 757914962
787 507730858
253 661545337
151 827652043
486 189821914
822 521840747
132 928572696
496 796758210
573 939204338
199 94552507
637 951794786
466 410904420
411 170487253
961 946886558
64 991742081
163 596097495
371 611358806
428 221377799
438 52532689
534 538184209
615 589446133
469 801881849
235 95168859
803 457347144
863 579160998
647 998046182
914 116081541
663 906440599
31 21400573
250 670273442
927 25312016
316 284376541
684 25742254
963 918443546
379 235246249
571 153500576
39 117649314
767 749823088
39 651206034
894 315435831
629 686946374
979 897585856
307 948188231
489 393977964
876 507690919
659 171734450
760 95272318
580 139026237
408 112161083
545 693573106
926 598773810
368 214308535
927 37546136
277 498582498
342 134200614
760 35995267
636 170739410
171 730722542
64 977900935
783 617913106
342 489441213
159 254405978
737 956836581
371 619017032
532 45677623
159 657345088
382 423052132
335 530148240
563 327054204
701 282227853
85 741005140
738 844006754
164 286457438
723 142554709
961 238913384
727 191467330
80 193010887
746 351179288
679 686229849
16 653525881
795 334487979
391 971685994
777 492840296
320 542682182
122 342934273
113 608260671
906 186532330
334 816248233
71 310499928
902 605743040
834 17392318
152 266608698
562 523324868
6 914993779
879 277285458
94 781519836
669 915886246
494 567562470
571 11917611
868 589779412
808 334792487
669 77250314
957 528211853
25 191828917
224 953652436
694 190658760
532 246654582
142 915603825
13 52828276
654 270292545
182 118596803
816 906613593
329 554238594
140 70957926
374 368519317
731 259661594
741 590187688
463 737774724
909 736361291
214 57391713
789 559358137
525 259549509
728 703311245
533 167192769
842 649603845
615 19914959
301 445022827
94 723270177
489 671080800
720 209050052
672 969146241
461 993732264
22 617970581
616 778006168
935 74730961
261 267997286
355 81291436
567 64001910
158 489080926
985 491884493
106 496375251
723 300406504
64 761680780
963 155395385
456 495114710
819 783582218
610 126143911
477 87334762
154 905142551
247 242242696
982 914135308
805 26265299
774 310143150
701 501347795
5 96107495
260 679207006
163 559596105
672 943968793
85 820550021
261 767741130
675 819134193
507 17899002
381 465567758
479 843524964
205 17403060
319 41495420
766 642549474
313 840863646
813 858010699
851 180325687
698 618649102
979 103454499
107 529619792
458 140018501
63 9467146
853 545270077
71 309104446
668 283594049
920 10097748
577 118611031
76 464991594
77 674876550
765 155465
840 153849461
798 732929789
856 254133812
463 712779847
872 679565167
61 517598143
237 883837648
292 224672061
842 507258300
941 716403501
239 460129758
403 344690591
693 447975386
812 895546037
409 905587044
223 29146070
934 247400006
510 826542403
35 657560086
296 199099473
667 231783901
370 17429133
945 329598213
318 962714543
609 877293992
878 146053203
992 177999754
725 442149141
271 78471069
33 824265410
999 320026800
282 898798001
539 83836302
27 570202470
754 87942804
306 10769127
17 903053127
462 935633952
999 787637120
512 930496824
778 811544971
156 996539769
186 23540342
990 114143889
987 69794374
387 279613046
495 303121846
607 935051948
186 83491797
441 656009531
336 521655044
856 10452917
420 281818921
108 127930789
394 633881623
323 361548384
467 27488104
688 859872468
584 129416397
294 901686803
177 16931469
607 141779790
84 546978323
5 652871680
108 6908574
716 166477439
348 808533846
371 592847462
764 284485383
143 83497401
150 951857088
164 112941685
388 111986336
84 50346044
228 168709039
828 224461866
580 807728235
518 972130620
254 161884962
475 235846421
268 202208576
63 226180194
200 946078732
441 753573626
187 519196311
466 775309141
725 147439605
906 720362344
728 430418825
449 53092857
331 538342907
354 535458398
566 677752691
901 894550475
851 297690111
787 617127432
239 465563661
273 36115543
590 972492593
568 26229040
640 979524616
56 902854237
422 753049510
167 949260487
179 228468301
213 92437489
80 846057706
798 620024121
307 13077281
226 916351449
687 81495793
278 760624385
118 452380562
220 126231651
673 946834408
651 645325150
443 298201742
473 209289098
76 661644840
812 696381353
716 327425749
483 727821374
89 91615126
810 253927602
313 838124786
687 156214953
592 432828366
404 395061505
350 177272892
175 829200173
499 469632144
806 583547937
979 393401291
148 440545113
328 34371040
208 240773729
229 65167866
617 43653340
975 725999078
260 963010557
154 934888239
266 845730167
208 144889257
71 430633841
192 471243741
991 789095236
953 99701635
638 196635090
672 739316641
679 81511495
28 665614307
606 501577291
890 536922422
227 148296055
964 139709550
361 406898955
607 156346358
881 838084817
273 224519952
930 889978568
35 297609480
223 9324162
614 386777424
176 282126980
610 985802393
749 280253167
198 108831987
236 856016796
542 59952117
172 889248016
400 290638085
178 827649334
921 58473118
575 304713053
199 611335803
9 728740874
958 493527211
860 143424331
389 750331051
938 211272223
318 953157366
249 41635028
950 89779538
541 823289514
867 35226790
831 265709397
935 384994843
404 793386930
186 962579002
984 238028000
257 366103627
84 291657268
346 436589201
572 775393929
993 363659239
340 452240920
94 697138890
888 329683380
815 862871198
247 240664372
433 381702655
610 76775759
258 153074459
369 627946765
978 749040881
958 126551320
944 577256699
74 810214408
460 322218875
126 247990049
695 131671086
43 480803045
519 744110075
262 860165004
150 138121302
464 203738207
159 824072325
363 933801374
508 236335489
910 626713764
902 267320974
818 973410515
618 801235546
933 79158056
63 878311431
124 449475211
296 172062714
729 764093829
67 20498669
210 835761190
212 338321556
939 927924214
802 447502879
584 356617551
247 871688297
121 744545715
925 712137735
111 696272193
388 46932181
125 194384796
803 835810555
101 527746057
304 673797403
106 101424807
73 665647424
354 238070859
242 459998733
167 905846411
376 234952400
325 621981020
120 369730450
148 883088787
441 108911114
595 85401617
452 726640899
183 940307071
393 222827027
801 169952557
779 528491704
385 152207099
499 305260356
154 77385660
762 181973053
412 360741159
788 315813773
518 355554562
107 395203517
832 647730333
174 268648624
715 136084227
752 474062477
695 430762309
910 322865266
923 499502646
224 486402823
817 39407829
225 11951986
812 755412054
873 545857635
947 480314346
587 473756711
115 338497682
280 820057126
458 84654873
810 52966985
85 110621745
523 412694971
952 14022189
879 591403031
284 286137356
387 403893932
515 987254910
601 418503021
126 532386461
301 700832962
455 48715950
493 846194139
448 414064288
117 862510424
871 499133677
786 290016806
138 398542351
364 712787186
741 853775810
825 916079795
491 583362198
153 453668371
152 154303881
979 448064592
840 809494433
584 496125588
956 45282897
317 830644202
908 139640951
151 779723331
974 284336777
434 19414829
345 425580819
217 894340870
819 344754903
277 842096688
492 593875166
561 93414925
832 318683300
951 449270400
569 80696013
210 312972037
41 658598722
135 945966698
443 240549353
321 788617033
944 47006449
592 298429985
108 895935138
242 799427440
59 512290261
83 759273019
589 698118972
721 529792265
718 122062202
398 323649699
835 748836708
657 128361076
235 634411533
404 768099133
235 653281063
561 134940225
173 563456538
833 143252951
23 866011752
445 371752970
104 469215681
506 248106311
820 801656754
997 582376814
580 103297305
399 224619917
373 708209217
904 33202400
605 731844035
87 942128312
194 250348422
407 82449270
172 341936891
22 701563425
701 357865478
717 921092071
766 493678467
596 885046364
526 857738522
795 124008507
621 582235234
883 845501967
66 899621869
837 189376457
574 601659273
364 117945912
879 6644344
656 852914127
803 35097650
435 536920301
722 723791672
267 902730855
845 493906968
709 256017822
687 66810032
727 793265146
80 127318491
10 526721214
293 982781565
228 618430974
217 943140352
440 740851682
662 862144053
554 144114876
342 59198980
302 910254425
515 118994345
440 57105039
479 710671033
144 113694518
399 905644107
907 459586608
788 324794923
234 656890991
296 605625936
156 136525752
725 950610383
686 355941378
502 225677694
24 97478049
562 89588617
727 713024709
461 833199583
50 493123357
980 420588207
439 594687381
946 17386921
626 281234390
665 310808106
894 160869690
282 433527189
864 161755131
884 917516968
590 190874687
952 891642078
386 622416399
765 510107191
946 921498934
252 781014621
637 61240450
439 725617899
759 12648919
246 219829527
442 610910039
497 200914638
914 779126326
260 301700382
782 440088884
955 832696370
313 513210543
531 45859005
585 360547846
388 982102165
723 105341822
833 158685880
516 17466248
167 383300194
934 532458332
343 169055103
755 283420361
63 450371212
198 739896250
87 387455798
263 443464235
130 862309239
156 575914174
797 306225353
604 893402674
565 5436720
757 445174407
922 234998477
481 893205959
622 26195811
904 670574219
345 187754227
670 18927864
817 783476473
466 688545763
204 504030444
170 75767619
682 34647796
833 966100586
759 442933016
489 472922421
924 475992486
885 677629307
677 70457435
260 929527423
208 515046620
408 398173209
231 450384560
704 795797003
589 847447240
103 701526427
42 731435337
59 446191583
502 409357642
208 692608151
425 89143843
151 449910072
27 576709702
209 882244864
250 614035463
347 384020984
401 237568092
930 762511801
180 581841043
681 261642772
173 100642810
889 921175298
46 182047
551 718166054
573 564070268
933 880560647
910 787340749
582 960970093
783 674300209
720 667950628
461 420818416
643 397047202
535 30530694
370 59943271
626 784160469
159 967678942
845 14561460
56 696390211
148 674732636
370 132686177
949 104787323
468 77835514
432 932637594
341 135220676
2 947698420
533 576121355
161 586440378
338 19338244
971 251334799
862 167946069
647 542545255
677 182480567
241 348516953
565 274911894
848 11483211
746 967280980
935 336066019
868 180481637
569 711757328
428 331032023
965 826097800
438 863150381
119 43698390
239 247874406
517 220205497
644 26514185
256 535407866
101 962271832
407 802627292
362 488247461
518 775587025
344 677267577
726 718044573
911 977025558
318 286403048
52 969333471
435 607344218
54 755839090
463 194870316
451 733150614
298 303577416
12 784253636
73 927108540
984 136626389
671 203569835
574 221777806
893 129888880
31 103660253
767 34502541
932 26211498
229 601041520
21 854077109
385 764307929
187 536842755
934 821254531
875 685769043
176 790230799
284 908529434
583 453812122
370 633025403
744 339515392
955 102266378
418 531029176
665 127927495
718 20830568
498 804929549
376 634751269
348 472515028
706 390552064
406 992891310
763 126003234
693 501618923
44 926037818
215 269910092
304 661943048
281 471820336
462 445491735
728 573387368
596 881876463
676 769956174
754 204300522
357 675840991
276 788834209
253 136417012
403 50637164
85 181980935
791 37595483
511 488342224
361 4025744
129 990828817
484 35841576
715 354214336
975 204189286
664 682204898
287 737347821
169 1851081
879 805559493
955 990610845
412 581915744
145 270902899
946 292125555
38 783390992
182 727912862
908 779065228
446 397446686
956 107264533
651 75409208
71 94561096
634 65109749
796 974449702
384 573142384
501 626000021
97 890388916
478 283833247
545 689161256
773 208840847
344 779599755
228 879725926
546 27009879
835 35172744
381 37287286
41 451075550
221 874382803
297 926382733
568 34838183
967 180721307
864 132713481
529 637648409
960 714830774
737 951262799
23 713780775
962 368632219
808 582595
521 553370604
367 587568581
431 132064931
96 407428969
646 875551946
631 818803152
605 156919762
356 469171084
435 985983606
775 47340311
395 748092385
425 395104065
186 152853193
727 971047466
600 288558355
541 646970825
71 263501020
116 329232765
284 76751693
114 36958426
5 898368923
875 735904973
695 927662413
462 39191168
186 220923018
856 295564407
674 752964807
98 563555668
315 138007030
468 18782536
603 107808265
731 139658976
643 744720699
459 140083339
977 809197779
686 632920742
625 14925639
377 751031128
368 457048753
983 682720156
981 517537991
586 323274864
673 820093128
937 865939593
248 565115290
605 218026917
477 487256379
797 346498761
293 913389941
569 773952797
202 685693633
727 779559535
208 503626189
217 44473581
371 53588316
963 196056147
931 435843592
516 146141814
671 80460694
372 581178198
686 464478883
835 394562605
765 742397521
121 793814159
667 32145976
588 279497933
943 927166583
191 809859252
501 126144341
70 324968779
388 870257893
417 771703051
720 927440235
493 315418776
420 287472488
959 480033247
375 171585885
654 137850662
345 372698401
549 670089668
808 688584867
904 350209585
382 13913359
239 596022399
497 693524968
975 671690252
676 140458198
737 484973981
994 91117647
531 604577891
852 754718085
254 819455868
369 357987980
397 742479724
910 366032695
612 779721711
206 498527796
811 317969982
271 865234935
881 232862231
72 177225531
880 752130681
908 372273487
114 138134206
806 984602344
316 728812210
149 751268841
546 387317481
877 74360587
283 298516294
64 80434275
702 340887012
106 803708019
663 873789319
440 696608273
364 929110760
143 666613662
821 386192595
514 39242328
664 57356369
666 963193617
63 447750420
23 904761526
509 433318877
756 377096890
940 216833346
600 564488787
909 606968293
923 19235621
805 85685112
826 234675878
580 981430606
995 867478790
43 639327783
627 18538952
861 32805730
182 349227899
136 842554596
890 35168153
554 305903095
627 668923115
352 557574499
971 694698199
102 124210142
883 327859201
620 851755984
357 371656610
546 919525354
340 443931989
4 973658603
862 686956907
142 207126419
183 45687034
990 857236029
931 367844864
789 697336282
15 861062047
582 249982244
913 968139939
861 406131869
567 594957891
968 633866357
828 241560326
895 558101370
732 652426036
804 98430356
514 854980252
317 135741643
906 618866234
108 828700813
849 535083466
493 266197368
949 581874634
853 715057072
860 389440752
347 871009436
763 424354425
425 563301863
444 838912093
269 343112430
533 271929320
777 610046973
952 56248113
387 387169005
92 782399619
902 292828138
144 832460419
712 88124449
330 810673549
913 163143065
896 420264332
165 431824587
592 675427179
758 381046112
247 617126473
192 154739392
370 367952201
181 11448614
88 959091236
829 183909397
352 644510208
316 420932583
857 986872786
481 554409365
78 874025990
262 672772007
868 263682
954 315794270
482 683811516
2 280263958
81 872465208
56 486461270
742 605930409
600 92874592
36 872692262
989 875046414
621 203739009
691 293516674
103 764080741
966 361357478
836 416945973
426 726545993
465 940252212
242 155138888
851 981860503
371 781888820
638 496872471
284 770749543
250 801613190
217 59410333
726 741047255
904 787275242
635 573936403
414 116269717
149 43588290
516 728619006
651 552665902
646 301228860
846 523967787
699 632623701
907 355465427
744 652083744
167 794299765
444 452553687
439 8621646
598 526119270
886 161699675
17 273390875
417 581385831
138 574487637
714 185916662
595 70393135
388 187703048
191 78070897
646 235649722
226 447604357
124 178293004
327 832280247
113 730073108
158 180025611
607 460422148
864 504120848
964 650209325
343 946097813
823 479845825
121 599739711
555 689913007
301 44363131
310 452243528
800 395619773
601 345370240
436 988002421
290 297283338
340 572682337
663 413054230
341 712357636
233 174029421
326 236600914
894 933189465
697 900458532
893 318388486
715 59558727
784 49919154
916 811409774
926 39478962
179 909276538
150 919205446
243 53763069
262 976573469
296 153671623
178 837068752
961 347549964
951 146320444
934 800858419
461 699643929
371 950891062
67 720030622
908 887400833
961 651894342
741 267208791
896 731324668
406 522386969
533 981556259
476 530301358
365 461657592
262 730623374
277 839021984
986 544505317
71 65226758
250 20204140
763 347116897
161 843613116
816 292588355
756 704055833
185 4540708
619 475158013
4 694122252
363 565587412
116 968089302
175 95520922
24 163165674
835 844364028
330 944500312
978 463243247
90 177464679
420 749894854
405 934375676
882 537202600
977 136283839
593 592830232
280 581372861
317 67532301
629 667440658
41 311049059
981 482911556
455 29403743
878 861348991
219 794981345
884 581362615
418 634087203
638 960378044
939 479660014
872 239064099
948 175241003
919 989879735
258 309984051
261 919549147
580 901199982
560 249073686
324 33950733
409 697200329
800 363671638
757 874586247
924 600985335
759 33847019
693 210982742
708 60350829
601 790937975
213 138811084
627 59684320
184 123940783
257 12799434
634 510767043
169 198954658
726 404669256
390 297393704
200 68426326
587 230085564
532 959789787
210 426746587
146 915535182
274 734159933
987 10434952
357 85467317
571 239261592
932 286971227
221 578431615
237 82081642
414 955376731
245 674079558
556 197231644
668 437228498
270 159810358
759 619316208
394 346889644
286 77028243
857 112003690
722 420651090
778 58603497
689 980501200
153 847019740
85 243094619
484 58206314
818 159409089
744 98042413
669 502480208
464 903536860
111 150799860
568 78810780
487 466812254
410 382957861
588 564105592
686 827232360
647 407067248
110 917932677
447 140859620
971 865210345
54 128603720
408 880729823
743 308907649
172 911186484
962 74496189
229 21264478
227 453509380
33 47422246
52 746510655
931 824647175
367 854721120
588 297187004
270 957258722
169 88715758
544 279543243
401 878162653
543 601851279
920 66133129
311 98752885
853 730918586
221 247327056
668 920282052
672 852501705
575 15804320
930 815299850
697 466345930
536 304444106
919 679600506
996 816508885
837 572264880
482 765056500
409 191676433
552 77291799
115 605732527
81 735060970
772 899525725
226 524797797
749 944434026
99 776367459
958 326917977
108 875875336
351 420123588
359 690058655
207 950159025
54 144109272
527 353273836
737 139520036
841 44757210
963 463645894
334 402575133
457 784483755
27 518938482
354 224739078
869 492749815
23 660121594
6 406613020
277 193393273
776 389189008
203 195411937
787 524964788
633 142949783
494 582753161
364 785371621
508 368201280
940 67345211
884 388096684
191 446891515
757 498412360
59 486744879
33 103889069
211 748425495
538 434337857
514 35697266
979 885618501
322 632530942
114 681820484
716 807589290
597 7274532
143 855696522
32 773134708
675 506968141
499 431422726
593 285046797
250 418059478
956 103952529
71 581725525
481 299844955
846 357743321
151 359339974
287 797538631
410 31798969
621 691913092
489 522521008
948 987199125
763 361661654
711 640085681
374 505068830
53 70782944
594 915601798
16 296071069
953 769841742
121 510384011
123 955450137
576 97595865
909 639447242
691 261202699
392 608779876
60 762595098
952 944336818
113 648273210
884 334728962
367 620489509
907 245324141
952 343524957
263 33836382
611 819020103
621 146269889
627 440975361
40 903268120
431 889227462
699 680074039
816 297111679
846 187179860
679 652161211
221 35973530
458 809482316
485 422389185
98 870157545
344 729556798
800 736100425
323 65388004
266 896051525
345 419080879
86 325253400
388 765327135
129 757823641
546 749007106
309 647376321
321 774383426
616 66072173
306 61356487
378 853104363
192 513267533
796 35475545
498 551499726
597 846766249
720 4475927
662 744131044
917 913685271
618 892004958
908 993773682
982 97002394
414 754522546
953 728703731
844 562891613
387 585614137
280 204852489
694 231337752
316 45387228
400 837759839
669 56431151
891 128026649
971 500023327
515 974028009
311 918458857
120 771641043
227 668747588
414 184546445
444 987173561
637 561978666
35 113105035
729 462787398
838 122047103
762 132387990
955 408800041
515 989302131
549 251386361
866 922641053
571 366671148
3 125712801
909 685392447
260 638779833
658 327112987
431 123669983
258 50515195
397 38484476
813 827269709
643 135468083
396 183742208
525 940392383
171 689783082
271 943164037
881 198002608
391 810895030
677 422678783
269 42752275
230 75097153
288 41992810
445 921405788
638 311114311
28 295639515
328 355456752
179 15701128
183 424945774
524 413918457
171 655867847
961 951204867
541 183045847
425 253137754
221 551235286
12 573175524
848 384612195
706 498712028
136 769264766
773 752583638
729 880385286
621 503002563
662 218404118
806 885024876
480 965858078
626 106026589
520 592981633
856 889794293
286 437297226
753 866554750
13 847522498
981 693271603
307 107653348
976 195784563
123 383624603
131 65765156
228 337434703
378 20841188
681 99857837
219 16623300
136 244040676
817 584849533
970 519879472
372 820888162
206 895700740
865 381816642
536 213180405
80 480753745
111 555862757
775 217499313
853 781084783
484 110566270
964 318790035
613 184646123
101 307025152
393 445478637
284 826899747
974 24111508
28 925815114
740 698089602
122 371135084
124 110999580
157 511144987
599 22435756
251 545242840
581 964654634
417 886383073
443 310669347
31 606879976
275 117680532
74 936730555
979 624532340
712 347494165
860 282309240
460 4248309
917 363372930
831 37882232
434 605397766
554 185658833
483 519823073
532 533013258
307 17830147
923 211843917
334 587904773
569 29139105
176 492233786
334 577285205
889 575908565
969 745485198
441 672365037
953 700330589
730 977327481
837 895449917
463 20402185
392 208800751
304 480770129
640 803083088
844 194784781
960 551239796
457 78745842
190 336844133
863 437705513
470 81797432
831 603595477
143 99808160
471 331673051
808 106459965
153 281195021
719 802976805
657 846764020
591 169776890
400 853556850
921 812076003
847 512740140
280 949523018
910 832765315
740 829980618
895 79026635
486 690857058
44 713856019
588 700691203
294 619974923
822 162456717
570 479276074
900 468665067
696 219454693
278 407080475
827 596505420
689 207337638
41 237063376
161 866500613
768 126095259
81 996861214
674 376392693
183 666728843
393 643111968
975 716094356
64 71782906
938 496362665
77 152358376
815 683895322
381 541257125
124 84244170
561 687400052
603 469483306
796 967278241
656 320394341
647 479815261
595 320567803
321 624644933
122 292831519
598 661131961
994 762427043
694 282305471
468 506923740
4 109951590
444 485606840
740 376091256
935 491621993
912 206360013
517 31345715
193 220359398
848 180783079
110 741679189
787 70603581
362 889199082
579 588961670
429 390730637
537 54662958
403 264186673
990 928496079
586 730800043
128 86314932
320 103187755
885 710522825
249 773250224
228 903815461
691 351918546
524 906459578
383 999968432
56 70811489
365 370490018
960 656882155
988 30323586
146 925584955
833 544667935
267 539981722
724 340721543
362 888308194
608 60581841
56 787656162
591 787730135
