6691
857 986579801
125 825930420
261 893351172
990 19387501
781 588125879
679 587155152
612 128037263
106 984989826
378 709241286
692 43496804
102 836352165
201 917377373
78 743139159
666 142754996
777 492352044
811 279668716
767 677486696
444 48533956
886 66830753
75 512400366
99 133343430
54 815961816
657 633430232
678 7890062
20 832234136
946 592107937
133 395214229
633 718138998
370 397955409
137 190077675
441 471586629
734 207343707
933 297476838
863 222019159
858 805241881
184 33629822
191 42120478
105 131127403
981 193093770
630 470444973
739 1147412
994 668453585
299 101511483
546 29270300
636 149668829
807 547557838
41 355791166
558 35472333
376 479098973
158 451148784
960 366874105
360 641461369
839 412072257
725 107342174
982 895807595
560 391889951
507 341700172
5 231334446
580 747678067
227 378683090
752 141346418
572 398743517
427 563944253
55 450990583
662 77139892
789 656317037
718 379458948
269 116896533
701 22570324
363 98875905
486 813236045
455 873250927
579 516667970
415 543149729
464 111449208
642 846912663
955 537947853
472 136078718
655 275920990
931 560947217
18 996322314
137 990507835
426 620010691
527 416526227
618 295358636
357 68298588
328 606810522
695 344851833
520 751483008
862 502150427
580 626569603
916 85347945
528 981985571
89 142853954
629 473332000
196 314442944
906 343658005
269 279381600
327 528791060
429 496762470
14 741695150
733 679800229
176 667696987
417 203024081
654 190863482
7 147372710
492 247190442
255 570190523
357 463030027
934 278720307
974 78910810
372 55987323
107 388447750
710 812883370
229 681194182
783 581919659
241 764985762
759 792848006
876 92255463
936 174982173
334 591865594
582 242238829
256 651523747
592 885129591
911 921803335
487 136575944
91 261270696
834 574469773
100 224561388
69 190958748
407 316863387
189 739241453
120 355836101
975 22354789
56 104958787
142 477833200
901 82493278
117 287423633
221 471581387
250 235804878
329 773508991
193 685758091
657 645239077
455 615945899
833 365746684
603 791124992
712 862220763
799 710467436
471 170051759
576 534110887
704 501444554
268 684272529
653 486393469
769 170814494
159 553820685
870 445682822
17 329903273
347 228310081
368 140718428
850 653784441
123 216034948
163 65684391
271 680137358
237 103590892
803 762068235
782 98927325
227 111151317
326 421814439
52 261892637
246 23630659
181 915403875
893 536629241
401 889243128
549 383605994
419 81385603
479 620761518
16 680362136
254 86197353
219 927970087
73 518274258
374 768591751
558 400134639
789 802137336
58 71230272
5 98358168
600 888933706
894 59026462
318 134087580
45 73124630
52 370943851
277 62770259
244 244341649
878 720304494
626 997895432
753 425531155
936 964317972
975 812366750
592 979365275
704 123960801
214 245530185
628 571928918
823 265296540
170 158130020
33 149968749
488 146880121
60 102184499
653 549072083
609 706481298
710 651617613
465 136340303
875 356682266
6 729140422
279 763762932
901 591327225
669 116778312
531 296946734
506 259922513
643 553355245
151 557108543
159 77783431
42 594787111
616 583488345
776 662749303
502 880565128
465 543579789
17 267123360
84 9552333
827 652480772
451 191478808
104 333534352
711 1120256
409 172101237
788 700910474
513 937029215
642 787326285
900 162942739
951 35192841
942 585526185
607 180064584
387 809565670
322 263666210
293 743449413
568 821101760
592 753468117
745 173763869
996 562990589
893 766258868
10 968191132
49 596597441
501 720162579
123 42610913
952 529957922
447 865795253
971 802118985
960 835898499
183 440215617
514 805954809
747 416422943
798 834569062
287 595367754
32 648470179
253 638161533
615 135744384
8 641927177
726 24839466
489 893991818
133 768386900
810 567331389
818 114354009
395 878672410
489 673934715
722 640667027
831 24093953
868 792404667
661 44119916
385 941470405
960 451593546
545 977691815
132 784081488
10 997646356
571 627137892
638 374623951
309 932722163
18 176464129
629 52211986
777 918491624
181 393684043
315 112789903
866 374832561
810 585581140
671 5650449
519 242416171
260 26098335
308 738446941
62 191705702
226 623236243
928 921733454
854 153383799
470 411875995
974 387853888
622 771569550
870 601987219
251 596390182
160 881714603
832 400481310
951 114802626
714 99804752
531 696337136
804 441792901
7 621904495
2 521691427
39 450702743
773 427310446
328 969907963
404 923778644
722 214731402
995 15767938
572 510041628
691 305798062
220 80161849
302 847554362
478 823079929
138 699423210
361 41646736
212 152817270
678 62832126
752 918652247
954 381110354
231 597694348
378 120110027
435 202805606
199 238324460
227 706123756
933 42058065
720 811792256
44 130341531
587 483769326
29 833769878
256 229472106
618 156416115
80 154084438
169 347468940
730 752455194
782 365718795
980 808922828
169 231871578
491 670934856
31 474803868
862 285354581
375 494571311
792 294309899
74 897224433
96 826408518
768 203432625
987 725207218
702 451447703
887 266235955
559 974799271
813 570403712
973 342459913
59 628705656
782 413135259
855 961037898
983 911988649
744 505674657
647 379113084
932 128490603
383 127094815
952 856787924
478 924996840
806 801050574
873 492015185
902 950164395
987 912741620
685 248494735
924 733281805
183 126078754
936 109718930
48 973629700
882 37660953
802 571287523
743 953294281
913 369946982
913 594548988
776 212562052
374 350582474
489 411713605
330 40429931
854 532423237
352 42267233
90 909456356
941 622827637
586 86154636
762 553448634
60 359095243
619 140939834
176 234874133
386 475813402
780 4926123
12 284721802
361 742858739
656 925311246
399 380482335
618 103403993
167 126122052
686 66274409
860 365835758
606 925562520
346 436698917
840 935742122
742 590508288
646 179804074
429 414658016
812 559362878
274 592392936
538 691745244
762 350807735
481 718240396
178 686369826
229 632624177
48 522214191
181 333829905
647 276565948
470 752353634
341 971031861
829 46225000
970 141649314
127 568223259
784 8037892
615 181294245
717 126836182
486 829384247
485 797071760
798 648069008
692 882174730
470 31565672
381 451983861
500 346584622
630 840435112
416 115353474
299 803155225
24 786979157
319 935435946
220 205069741
507 903953182
252 311937024
741 379936594
408 449700613
273 62971554
580 27583838
532 673715976
883 686667501
145 582688321
627 978251724
278 637594693
440 393805191
643 124857164
446 400266391
945 589541073
23 78754527
925 618134411
393 425456988
675 325501875
452 447303862
918 954382130
488 499518624
455 455227764
892 382078745
671 29671434
193 716689707
999 254386443
445 98414097
894 377582868
74 228741039
888 293501893
163 205635040
995 700791594
617 481216234
446 83632273
636 446258789
232 95580043
857 959600318
414 711244341
637 954521880
413 781244807
787 399042898
786 380446262
927 741213064
922 549934380
739 81090921
987 10560713
53 813129312
653 375497231
216 471637994
165 148989459
192 361230336
334 875427631
253 560819461
687 961176492
742 659763744
491 841506307
854 301392789
901 219180847
805 756052641
478 841047698
781 971007010
264 377854144
145 325412862
596 806426115
843 4993605
11 67140402
563 91913243
856 504000278
806 700078814
48 134931851
820 675061585
726 55886202
150 856421189
289 975686104
5 680510285
649 498032365
965 127112771
533 625984754
604 45486841
856 8950602
547 836723624
134 692419597
428 140456791
791 916695746
198 222895410
172 469577747
88 432999957
703 309677460
26 860921617
283 568692558
466 456982975
606 611866511
675 654679802
883 798413060
890 12228849
587 640819495
148 85895487
551 977549294
111 447487835
804 79186595
996 195909391
123 522523036
489 878947936
811 847056115
676 718509745
740 914083163
686 534663380
653 462550646
461 330147084
203 410762317
854 354508330
676 892430655
398 513033469
32 65239858
342 331642259
799 27285520
897 480693074
895 567017384
753 728269864
714 765768020
680 248916122
627 849885019
21 235388965
132 180631730
478 499662764
966 705232737
390 343971087
838 523738264
744 744834051
431 883253630
471 288464120
783 651685876
870 488596377
990 104397
737 323129249
953 498562218
369 464959857
554 944564029
387 288315860
943 97352929
831 482373651
622 238550238
242 433543871
787 277176198
383 23305134
597 672331630
645 682754577
995 382052617
802 417660301
275 405335485
137 328216114
318 435604198
770 116349149
842 560939357
588 649033759
588 191351136
974 403989329
836 653781206
53 89154409
779 638682909
638 965094515
743 830089375
503 338628147
349 576474156
83 453078911
256 176004546
152 468840497
829 519748592
590 391282148
143 618103816
503 716893007
822 612303715
905 326388275
102 94634264
827 651665028
965 434687712
731 953907281
516 796159077
935 587097998
66 172230418
999 503999306
50 12043601
432 399919192
978 43722011
781 364039806
486 884003163
212 101547813
66 530717458
791 780237654
394 90657713
240 689002945
506 879239124
582 331214532
947 461404012
403 384105227
337 91238424
569 77387655
291 79379293
987 375801864
298 84431319
154 75198133
843 777431318
931 6327570
181 207145771
995 750746479
581 242607126
152 35464552
203 562441031
216 973682029
585 965101161
876 112403105
406 744023159
964 11881482
218 883798836
148 109403396
114 557335643
163 17766914
72 223399645
31 966308753
413 70869445
898 90696335
789 641220650
353 27323188
519 534462754
455 676689102
361 26563175
385 613235108
512 542012808
275 395761203
550 591628756
356 74754803
43 124089364
544 47374135
344 3807877
732 574471839
945 112951426
188 596990213
765 935962966
556 712014328
590 785338188
606 6280968
517 960270396
407 394935949
606 407339654
102 236572467
578 96104590
52 427361815
334 893971065
491 779823125
369 601501315
81 160298090
160 24088190
278 90226693
536 940029276
814 63492453
397 785426364
815 28498885
263 818606230
25 277283192
309 642732408
420 269066451
431 220709030
5 351677150
309 559495164
246 340163116
17 346241609
16 882596456
381 385636648
252 103607986
248 850736184
238 454024697
159 871344165
647 376999537
326 489578518
9 816321457
746 863128446
717 29355583
523 14777250
370 674690647
6 421560710
617 366157741
206 368682308
320 281063319
754 254433634
409 546815139
592 390760486
680 47649824
949 975754632
829 136857286
492 485450325
409 598257224
635 116625917
354 528485553
45 108704568
708 115671830
715 468324097
154 832932347
121 872563349
843 465913023
277 100620030
463 996009491
657 892796664
317 953821130
550 555670282
739 227361551
718 132453353
552 774103523
417 449366572
180 32285878
908 137711436
823 79114696
236 440676045
948 120304473
402 195833341
321 706241173
749 143364396
440 177510358
762 297481515
713 66393414
908 213755278
857 13714509
432 975029682
430 598189008
843 598243432
457 753327368
540 19621693
276 207971439
109 178265670
926 5018691
349 135124129
389 114744058
932 271076628
929 728280245
935 236227320
991 958834200
835 855473736
72 693025096
634 548779668
7 517543170
344 268664595
831 242704892
112 18441511
818 249893933
488 466469052
93 724388319
984 511114692
856 157100596
259 962398795
445 173199945
198 442718265
953 338707290
957 62856847
433 340101552
127 362585579
2 159492036
179 378448800
523 756213867
843 919918630
637 850898402
11 17907293
356 530837161
694 637463040
842 654163694
45 842507291
185 186765843
346 351366718
698 960316781
195 211630466
769 451809705
918 142505254
928 396520237
161 994978094
653 22263773
838 979556508
445 909596180
110 332885776
926 48840109
635 987711927
972 429935849
261 333403330
121 852140590
276 439494186
870 865275556
429 654825939
745 953213538
81 484654174
929 723739053
587 482002199
456 293351110
921 340897258
111 647230705
671 760299680
963 500701034
286 145373883
394 640610407
33 143776016
310 464765396
510 9374852
138 226113451
900 49394150
515 101478303
246 709066402
541 945788689
668 433544617
186 107875778
443 678798120
150 235326151
462 437716204
864 252599221
201 196990521
357 896595770
940 954167802
362 413404764
760 567811080
851 173347308
961 609745617
435 139316316
664 126474764
500 530058365
677 415725163
692 894378091
192 833623453
307 916100915
476 161127299
153 116568234
830 24688508
321 610492934
408 462550736
431 540676963
422 188309756
400 696553587
908 927439230
550 43118580
69 409057465
804 364107227
512 615300750
119 498581296
280 343806310
7 217760102
484 939769557
781 915691116
312 634992649
488 152403984
666 503092128
163 609235496
723 883018533
522 136633440
453 71726119
387 97395966
563 22300429
992 405982843
852 2871324
127 895597599
307 102720794
130 673824217
118 217928524
86 43518584
984 606626730
853 628615084
517 595130776
190 441673295
121 657568439
522 40403905
947 635755265
36 769813858
723 350635678
931 134299694
51 86856069
645 615934821
687 578534354
898 622760683
392 684373452
145 890534371
492 916558492
189 592393335
244 582736305
989 353819876
271 353976989
249 400801811
576 509069737
867 52927096
750 892032606
815 28995127
124 906062564
632 262475580
456 94140153
429 665981920
287 93459655
540 822636948
851 845695396
923 230646423
243 696972487
693 722889570
216 235288065
414 388531847
716 112234176
951 569321179
21 350165114
393 836450030
613 243071694
323 123802340
895 116597643
665 725056108
71 559100319
369 258645950
434 966135711
571 11605000
146 657356501
509 350192409
490 942156342
695 259371403
217 3417178
429 256749411
627 942838648
232 306780994
776 438440347
718 614491784
511 803614799
912 385634640
839 239068390
976 95757553
718 135298916
871 499407669
363 937802934
106 401301184
723 853190539
859 783264199
368 575931071
948 434360426
394 488127650
642 475805805
85 966545237
6 321330378
985 987910246
609 380426637
559 409666759
490 351505030
33 949405365
672 639293277
936 945793104
25 463692458
692 652809282
974 72173635
888 666046795
683 459872621
377 845980960
895 621980832
241 951474813
926 397274725
842 903505151
655 887343369
30 175589833
543 543845811
717 150037014
541 64086692
309 568010300
473 83483453
629 62015047
220 244758369
727 47518702
696 496537476
982 694132197
291 873328441
179 559854144
961 127237797
582 828046487
10 815397522
44 76530835
418 75921369
35 42388263
207 949182586
479 389026761
645 439759295
420 546324513
152 103964991
563 62581129
5 798668345
89 795225968
473 385327990
105 104347932
535 960564169
868 343250639
120 788399547
357 847175811
986 335814447
422 845986732
900 718952399
530 330123787
473 64703185
460 805428353
154 721806502
237 590073987
151 784912707
888 782210436
826 318429753
453 424423294
68 296867071
683 357737106
86 417290684
719 848581757
713 393987056
83 382213015
216 272664996
685 616216166
560 650139729
674 453895460
919 839588151
448 306646515
53 287661859
914 20170914
567 65437071
897 281997649
931 23693092
799 966993115
625 656728702
32 313353484
152 412993388
252 664884919
970 910642566
477 419535224
306 887142231
34 791288796
70 607766051
114 122507005
797 8767144
211 10300752
480 288388362
538 566314489
614 593752276
238 193296657
320 540278934
490 501247867
218 581965237
377 699859686
567 229804049
435 669593549
278 838362163
954 254002898
671 416433601
287 126138577
201 897876790
932 108154986
85 396217544
297 775837843
907 773789435
974 92673231
327 773436461
425 339862914
18 545794047
744 554965675
388 416444308
968 931654644
781 397432579
274 811092077
410 694421893
91 253648930
67 466177477
222 443974535
412 699630299
652 103942617
329 5733124
873 146449766
373 810612893
230 558897901
984 493356477
404 54522246
785 381771708
11 688618023
433 333458449
186 201465825
601 14899682
488 460241281
427 246783329
533 531002470
732 864057200
253 969623515
925 652287243
105 972655533
967 936372538
886 130699277
598 178659968
172 43913593
968 916928144
646 478207369
503 271359547
501 886812617
183 885486656
550 344732812
185 268849210
680 507837692
647 34605712
312 747191461
626 803384138
446 163558677
123 887437523
232 355138497
688 815761349
553 74054279
190 723489292
86 461591601
410 474600163
111 489078401
724 796373985
811 120254280
213 602697779
106 650252766
967 821753076
3 626178783
37 210452683
423 924738507
487 764359363
741 494444220
585 126643727
684 571500577
144 205787552
734 896524615
37 874761126
131 23723264
280 479972180
925 991691553
167 452956398
408 132278859
412 172592874
47 922496477
698 921586724
571 552046363
885 162861207
402 467744215
948 983250302
814 967482054
101 559226355
548 177745302
492 885316916
149 453276534
337 502295141
141 251049098
413 142285781
229 969162936
94 486364274
233 790608065
336 929758706
93 490552052
443 351919957
765 604638808
728 512998007
591 939173075
820 81160717
595 605676811
87 694175316
750 396344288
637 561356728
920 773963838
866 758739985
428 864746852
599 463525612
543 611015336
394 201213995
608 816234533
858 755042935
688 337934795
854 601203202
224 482565177
917 627493754
671 19651165
905 114332961
551 721850000
100 386949268
77 238459348
894 425162147
196 898893067
894 740335647
856 642017404
492 173130805
193 910210637
24 8675440
445 585222629
503 997920204
343 810755044
156 458864481
869 907399122
46 601239159
457 847443161
551 93781781
53 267605638
243 130013582
297 190260490
233 644973155
243 473347321
826 348261755
108 477302501
649 551347944
76 109612473
447 539711023
106 433588809
608 931639576
578 962891414
698 760090003
510 126823134
165 141912367
614 300744963
916 490095218
657 51411400
533 839132752
849 336227346
440 872065307
925 286710415
642 217783410
995 98089134
474 561733096
179 535489854
768 79337594
358 388197608
332 543585253
564 261064116
695 820748872
891 523725451
90 899413810
263 414073449
992 310549465
837 21147668
472 15987432
504 542050683
602 382287724
270 394243468
836 97313587
61 126561950
192 107015062
165 778519822
111 473593665
496 960826437
934 671001165
790 183798262
971 821148085
405 243955637
663 924225164
589 200830751
911 670035694
915 945827808
832 779446432
542 967238607
223 528627287
436 180609255
38 977585667
55 357952463
926 112659774
776 630741139
686 266296805
239 134590332
892 270888889
175 626248486
748 452658033
773 547821137
469 5231064
6 295501061
11 57072102
368 312475937
163 880438454
580 236336690
429 987149175
869 100612482
67 734169097
615 305899740
524 414828635
529 228382388
317 361581254
382 827194340
971 821380148
872 359339649
544 334879526
191 900173523
250 344588629
355 167387999
233 322488742
429 768994372
489 133417148
418 177442639
237 140421959
360 361409486
92 864144426
829 928327112
932 117018068
849 830892952
524 192899861
163 105364602
366 493929275
641 304299379
823 120348834
770 513273985
282 89571848
200 676938277
208 430279911
67 107551256
261 700636806
855 616910588
546 78732886
728 47136222
575 2986584
674 435663939
655 953779120
885 207531881
597 279751620
951 286281669
594 719915514
650 366260580
424 829521250
714 540730332
795 274671697
398 49926123
145 138915756
634 606612107
78 751585784
74 936840271
528 784880533
461 574343214
886 9872394
795 869251081
841 740536073
10 767403971
725 56478637
164 154763913
354 161287709
452 66308624
886 22507559
992 132500872
556 942667003
272 728448355
572 434373012
215 78614545
873 374143516
525 755463426
525 759785251
219 816774762
84 298456722
405 736681152
765 646048225
998 181800186
739 342521408
824 448922328
404 747120335
439 735902683
139 451919950
202 376043699
346 473900931
706 154124871
731 941099423
166 715697747
961 920132609
249 989914478
195 904854501
249 992075488
126 368540419
62 785245566
676 377039492
207 761587327
610 602345571
499 820073604
427 114744845
630 420643129
491 130963385
606 127387312
389 733859998
230 468951228
211 597304643
955 262427349
609 666662203
54 334168209
981 760912145
820 126510204
710 474043024
25 292834952
785 883536980
391 787260933
366 757383349
628 672090403
656 681983365
684 821484684
665 701900450
85 481104545
841 125210847
435 891893903
260 556188950
779 585554542
605 626774755
567 11494085
181 143962162
191 785524130
601 274069787
895 832990524
719 742773932
629 226951588
273 935095688
414 667384278
134 95236591
758 139101288
929 56026953
896 17952629
407 826177531
735 88738664
984 257007246
682 40776557
51 428681792
924 24981436
477 795468269
529 969322401
879 932450233
166 24573102
215 631229533
178 838606337
926 75600290
414 28623170
752 602344626
985 168935527
304 203407187
557 600106018
148 146385048
968 515812609
607 59264749
439 176236888
640 527846454
464 672328974
675 310363624
700 333710407
628 197224493
504 238834725
743 574074160
526 97901337
286 288367250
144 100867732
711 367950734
631 84602202
360 155755735
530 873707706
880 870984594
332 3293517
763 21623744
450 14049102
382 723307808
697 43045681
242 24132929
226 399051522
617 790460352
128 270564378
297 230114855
262 97893942
934 295567013
733 886495193
116 904322504
847 470199355
446 307183394
468 431796178
407 392544764
481 8034146
503 706088282
781 263694354
816 152473662
888 535944782
172 410494541
167 78730386
343 823572353
639 480653301
125 755818778
953 633917412
873 515224770
62 379482407
352 569228183
874 891801628
197 309094760
285 712420926
868 788738589
393 492342010
563 601434290
289 472565818
718 970203168
581 649724265
374 138353472
149 511563984
469 38103896
132 608218935
795 484762096
364 339708819
272 425901668
706 395669283
838 281438965
38 489853925
296 734626577
591 696792801
366 798778247
974 218956888
606 602518823
344 217081868
558 80339102
198 671790728
812 569620382
913 868119096
978 573429048
293 944901928
966 924225561
647 674354960
724 850644166
897 788625503
558 725660309
847 124176042
665 975947510
760 737809517
386 454969842
165 478597935
132 117018270
194 876473602
839 89402390
942 396684865
349 571894681
567 426542614
889 577819915
431 211550843
445 521293610
863 928929114
121 141795224
874 468090391
318 57104392
639 75217337
450 478343204
226 648925280
284 2973908
815 602285985
239 636789463
744 21975867
751 456152217
56 461967341
307 82812507
731 592865478
880 379889210
514 497996160
704 427849741
450 854288945
542 149253851
60 518472224
920 789567405
78 683637608
834 820647225
845 208373151
184 839584478
649 419736027
41 278998966
337 336241118
142 28309816
996 276570293
810 304225688
422 795765147
963 682473614
369 399371242
10 204812401
351 454904059
562 585290459
193 444961339
988 322819013
880 462318997
882 605476807
413 71820828
985 874324007
32 2684781
665 331547419
454 343244273
657 994776953
292 200614577
900 563060813
991 444136072
161 171396555
650 31702380
408 27383798
269 652031939
148 707518391
389 478355971
91 795463537
21 441350155
251 398022314
615 750596007
443 770764669
409 29772034
589 75638356
917 690908663
192 730084828
479 927721451
373 454939029
855 909894202
67 107535974
585 356012058
90 420810855
885 790357045
466 165372605
300 52731394
235 34816294
394 242976892
631 468763500
972 44939387
330 248888673
593 160302121
993 515483999
701 700848789
940 133606407
105 145123478
350 242249447
511 528985183
21 444597953
611 752906440
972 710138950
613 68750734
785 38478372
367 470157121
71 666659859
185 227070242
159 418450571
740 785179477
983 93135347
724 196997983
730 45446099
626 914703763
350 141637230
865 46390659
695 482694042
800 362717075
153 90114794
580 464019205
269 335768638
982 83839699
904 245794294
180 655647866
108 792702957
615 327848021
270 726916900
821 997701986
716 997472250
287 71996678
950 112699487
118 525810336
258 246088247
997 89744673
991 716099451
272 879210659
611 441948528
956 259742881
908 113115781
192 367575115
591 886079048
965 791619299
580 378477853
77 974607876
333 268418228
282 608021605
27 139496046
240 742078807
775 934237554
862 563681331
382 657943266
268 446751553
833 281630680
967 547167147
328 150387083
57 154974231
772 803096282
550 879014954
730 147384058
71 140792356
566 385370264
327 896385605
567 728883031
176 120706463
394 518298845
730 25424515
740 36766666
934 982210198
776 453731936
233 582733999
252 653440724
536 111600166
984 572850314
663 516852625
149 190029428
239 377033221
901 475748390
346 4187278
474 795014152
966 797358520
957 167307408
727 833838430
27 612696555
16 980714004
877 347661112
322 494377156
838 897201037
88 432587146
8 781694622
86 248307370
628 82655648
830 837871138
982 518655110
310 101421373
130 340611981
576 869397819
821 864269442
708 632964827
792 268531264
32 693403972
762 88626666
644 323157348
473 113463324
554 448115717
727 118995895
473 217154589
676 691915663
540 916913501
394 246640384
317 241548705
239 415729003
70 710014928
615 971636414
698 668418197
995 993699069
16 323244061
428 191252179
121 295407034
502 277019243
395 67974300
814 745786830
334 95570620
246 75051269
955 11477340
77 412469585
982 905311272
240 234073766
665 539069531
9 81213574
103 913754434
745 921431140
46 175741802
945 974341208
722 442603715
215 82527335
978 410162679
80 823728006
902 462835987
440 6526729
549 66160903
88 250994887
100 582448999
23 74434460
340 493987772
689 929837701
949 710193243
480 316721463
97 94208218
891 365152281
652 812117988
91 831370670
47 716413870
574 835853364
69 120186653
653 105996134
72 38840807
220 809202591
926 546670379
961 67399006
313 959908055
925 806398941
255 129131658
189 444354117
160 98507565
128 642561361
107 959724602
254 802429901
234 681782811
82 46488243
439 447299566
877 179050568
91 51279838
903 34935149
520 489437177
206 498117571
698 716463490
606 74383542
878 264726795
960 754268049
822 787825950
604 385457662
707 606269382
898 132162666
237 76124152
221 242006153
678 767426272
540 819986290
354 920539455
835 180216280
711 843806969
975 281517899
747 68451690
55 926854808
79 393465747
430 741274158
441 324287081
17 769107934
116 34486433
604 842826187
466 917230239
969 838434418
239 260977072
55 732933065
703 77597679
679 720282015
890 198433694
293 433443543
297 999645218
503 382933408
730 61811780
477 208512138
705 930982787
380 291368810
334 163231280
341 131676312
346 227705184
929 541364924
508 462980307
588 742313820
697 570389847
656 833304656
304 233398759
219 694201271
991 122183637
444 949218483
283 132742625
51 791486313
999 498890077
689 547938814
131 355813312
854 702395389
503 870498715
651 776554122
105 838337273
154 896437979
410 515168741
317 528234576
773 48291061
865 753824136
838 70248590
54 909416755
800 972886799
847 404766031
660 520273015
524 929257180
41 747453435
594 245351277
236 222745677
14 30952953
621 124266621
629 591433909
210 68224277
262 651309095
721 61270642
328 560773469
556 78027600
826 971647080
777 72306057
7 733306426
549 249651751
641 874696979
410 961016635
192 742452233
64 729752401
931 135476908
361 799300467
956 54371177
998 365852477
291 902633210
848 478180431
337 487663307
763 635012098
931 192791526
489 938717583
674 790191981
265 425737746
138 530299319
762 610164690
915 783265
687 30724867
221 279000501
906 144051639
195 88337358
450 496367421
183 427363244
472 266615017
131 335590229
852 545807421
458 397649495
282 61304310
828 732384239
996 866111816
552 795307092
357 109430729
690 102121949
579 627772236
936 818469927
752 845287041
467 134439631
379 536723821
378 554241221
431 661656421
516 277161995
613 674279829
191 226033614
558 946200531
253 563356757
974 613376945
106 971425555
485 268761265
600 722970471
107 391919686
908 934685770
41 149027290
97 213825370
37 469642078
498 341622462
761 67651877
732 567609007
580 667693392
876 21830189
199 698394622
304 780183776
414 105798380
70 362998238
476 700909967
834 603482320
884 784581429
195 136512652
633 639172264
650 823256400
765 441114091
664 823049021
565 65374586
198 951797398
120 59441473
426 337360590
323 750786654
423 234661307
643 613245080
683 886650973
111 811201047
106 581631738
796 299420030
523 603449826
553 378947701
931 473564487
964 940248301
373 758595841
621 632324529
553 4309576
200 383587065
432 784117080
373 748351098
797 398207546
869 766859620
418 86225146
474 562352112
731 83312742
295 764998806
543 875618943
250 629601807
190 222738380
397 803439708
230 797608451
509 963870102
946 589286771
643 943536713
234 558116933
622 915700814
755 38307524
169 128737412
956 504225402
934 814718493
178 135060360
142 633344026
228 673725690
508 167135421
20 285734747
342 912830763
532 693855266
670 549395658
842 436192858
501 42670987
345 532287754
509 754180154
282 274180475
27 91451516
101 884083387
200 558558032
646 169393232
746 136799451
921 437527140
823 533017116
619 33131759
972 225904937
660 39310434
10 158154936
321 589284026
141 380497187
50 390239549
664 850727305
332 27266109
479 436946759
424 52028933
635 87988893
454 786807349
182 820871895
889 895907424
788 5753614
24 448389466
940 254850807
624 576220738
857 360316927
375 895855958
46 41317537
967 510126526
580 382040382
598 781660455
671 297906818
790 401993507
329 629283850
373 38482981
197 433567267
795 670997570
144 445043138
499 1747832
999 51546631
772 810417435
659 873804462
498 21801468
261 330064046
520 194912035
731 517731322
989 36496072
779 292491143
301 3621821
579 694475747
125 459114461
962 102785900
897 47355115
389 771095459
357 266501714
700 138727669
711 609725050
956 971696502
624 330434221
837 786393299
942 935812419
631 529364665
492 923315319
390 760854892
609 860347177
221 88430376
894 316657857
239 821711128
67 579275464
291 558702925
671 112302061
300 552476660
964 840659960
994 133796954
157 16188685
134 788673063
619 590807117
535 836274866
723 329343972
86 321056508
915 442366144
951 281709848
452 652980122
756 38681056
888 211935183
159 432797772
164 379050360
861 480982491
954 3715928
887 40150822
52 862766053
571 226929923
304 879658820
305 81102554
356 805230008
98 16893826
513 675079214
916 944957076
203 22882074
879 43322771
199 49351251
123 856069061
694 678767978
452 639031148
382 79912897
206 536508797
938 613694405
376 941841669
422 420975804
347 257592974
787 88433656
688 90177894
757 127883417
386 776912865
120 808332231
585 54277534
770 649751703
452 278269866
894 461438339
977 613233857
83 942716831
591 707410676
660 942626691
566 544507062
643 210781099
681 759969750
504 527033383
991 25273531
630 376562303
555 523469575
799 709630178
346 29552274
626 624701945
965 791858654
371 866560100
470 261617160
397 216972165
893 34607910
145 37375959
796 539649107
230 950376539
882 253234708
236 797576641
673 497778460
644 317935520
654 746575748
96 231044717
662 667970129
849 675094610
334 689583092
199 12856921
862 73912517
557 594806163
933 117990498
540 276661779
876 16647704
906 937432815
97 38487102
175 577931722
421 879719358
671 155445455
489 293455410
360 771137177
533 916090819
45 739219024
575 795234931
512 885326197
58 28529516
462 926499761
568 595093826
6 309308398
798 721702440
936 996795098
912 498030180
910 246500396
322 302706318
408 131040788
935 470514319
626 183936633
18 853968417
780 128167192
431 68606270
355 608289544
997 361582989
716 295479838
172 301643766
173 132110709
928 970416691
635 239123204
881 747038957
584 130047049
141 386559854
213 386773130
502 71745916
627 212483631
566 800383096
171 836924883
532 43971056
425 143118583
743 857731199
933 584512142
68 237397972
476 904643253
500 198851512
49 713197165
368 275770165
158 749512038
199 18421588
57 50146892
626 139537003
486 28884477
949 464397973
356 400698623
843 248616656
962 645306962
561 976817788
828 542068415
472 711615775
974 110133820
405 177291107
951 155120083
670 319423322
24 142303251
325 336780927
535 486158377
939 283876413
444 603611924
467 405538769
952 51419108
567 609933986
850 927251065
21 308153747
425 619353289
325 533851393
100 518426012
654 448967084
289 383212277
815 656885908
625 860572699
882 779224688
938 988717634
291 38409967
872 398527394
605 420743955
178 462370132
114 2324699
550 84315922
568 900805914
794 607492999
106 450888768
40 108147227
142 661641727
249 671742840
643 804466311
822 396495246
979 434778024
628 900352255
823 960174340
292 965859083
569 525810430
871 471396656
731 5720312
868 993582362
289 505824116
78 876414589
524 145601168
911 856468659
100 630303033
473 762545314
881 509383571
59 527867543
910 83295944
634 504781148
434 512447486
677 263432204
961 944547813
260 252297127
633 86877541
722 250817395
416 376182412
140 476492306
562 586651239
199 836462029
501 344467066
140 39692987
512 567329773
519 48368435
304 495103509
169 21730200
984 543208938
143 28263180
255 983109861
453 326448276
75 951107389
948 506123247
481 941064699
533 13044908
403 740562086
245 664577407
100 947909582
365 666432854
338 794870417
929 690757333
387 2569606
37 621995894
675 281086898
802 801618045
775 824616209
732 16977229
611 915180325
464 508916559
462 707239177
978 656007467
963 460809446
169 606272869
572 428361957
898 748308045
710 191205310
322 199645408
805 408671999
745 213052447
337 367666093
435 982478921
625 945598454
104 237849983
891 446780546
851 173817692
492 601657989
468 786901307
740 879924164
453 571841970
96 935378460
164 104244340
432 986666196
104 123419621
638 61171706
842 974081643
278 698834138
109 142078016
33 79643313
113 678949827
430 671750309
957 225598504
521 482254480
993 334302030
629 874054079
369 167965503
839 50848943
390 55784427
934 891459016
110 397120075
594 628672163
277 692646771
221 66333463
846 596142721
453 14315309
558 356896178
421 269667637
485 83994464
544 613181387
153 808610982
565 87088218
893 222025304
975 448860209
292 756007341
365 977398058
677 470481075
427 522747208
163 70167674
805 958107338
459 684963535
283 757254779
705 482842124
893 618501994
185 543094058
368 307125465
458 748486997
351 84397625
166 969320652
12 804478542
186 640000155
298 717951606
656 120509704
29 405126449
860 42424062
927 600282989
619 359418548
314 206700578
343 799664329
474 791032515
343 799778686
41 774141821
222 811322834
857 706756762
955 491142751
57 277218342
614 158343668
958 278957873
770 287507229
317 542314379
914 915329419
267 14328414
595 343304483
90 759035003
724 897350852
80 559345886
859 398912973
930 869169580
482 160040752
371 139989565
3 38500152
76 797992919
740 704828962
766 51765575
775 689784537
109 217713521
946 592501057
739 95792326
264 56931015
816 728541301
527 653875932
414 750910796
280 16550801
187 64943630
219 953886843
205 3063151
219 820322772
401 131057252
265 283356866
369 467855701
665 761099474
633 787884399
109 337085914
251 163458440
774 987789205
324 970878729
426 219574240
664 295323603
163 127623335
25 22327550
744 753119710
493 290182656
758 562829695
38 979890137
403 524596206
841 300380365
133 189925555
467 894562806
249 839071329
293 116798190
675 260131864
530 34615146
266 591484600
663 600113141
351 435484024
672 619861541
310 124885957
805 189539658
340 403243585
738 134998534
690 803100402
704 740904160
289 518645834
694 233499757
603 219226965
806 756222088
499 719118251
79 911877984
561 154209805
210 416671292
235 874325181
201 916145469
842 309199824
231 467980322
959 967241066
112 908124184
819 122441853
202 706121499
737 887986644
898 112599403
814 895202175
262 86869217
213 421438184
60 797737466
34 153069013
105 866031964
678 12545973
984 156471233
601 368418070
147 85414424
164 877209648
388 794792599
887 674441343
991 643320085
332 695092631
459 507566410
459 948127275
658 946503979
104 302945304
488 464971211
76 385533790
661 570706609
178 57008846
500 89707054
669 586353909
396 146033441
586 212127570
592 777356153
494 72538019
336 268338880
615 606348925
211 529417725
584 771654845
643 709314980
459 805428651
653 147568470
683 898024433
473 321434707
421 430075385
955 327329523
492 965031180
142 946457117
352 37026774
541 48778631
594 674607193
612 660123784
6 962195582
121 325870451
475 332427845
300 553067336
698 743839739
585 2255013
669 906783744
496 21344040
843 742982050
809 635908757
16 355822848
838 441876514
388 199749425
208 765388978
865 95179203
331 246001646
137 847006590
82 840279579
731 522978672
160 634085648
592 945513483
144 48112135
818 204976120
403 959856945
290 28981331
476 970424252
567 435735774
933 432749299
232 312038855
439 163488361
233 844157530
744 731429712
875 70892325
881 936022044
314 279276325
448 742935008
595 474130522
681 922878631
533 817486907
593 841429162
246 264874794
608 154566237
436 453755679
282 801141425
811 73796788
356 570350510
179 184824321
752 404683187
80 270046218
865 45505240
217 918192446
951 527521525
54 870703079
303 892942105
797 926860182
414 554593032
873 608233787
227 624114007
861 64314071
917 386893368
325 319296639
936 407905379
607 288627546
629 585691804
31 927156408
609 367397951
54 810052487
537 491545411
11 879539740
644 112298241
293 681299920
986 747235944
781 223066807
717 450931397
825 804728119
104 224572465
391 695695830
45 500284039
885 446877492
102 865401935
74 416093995
614 78721820
120 174814762
270 275423429
447 403308384
698 98051458
88 953206304
539 315651206
231 992057827
399 587757399
637 492290075
379 267731365
860 811090520
610 557045602
144 820249636
502 813930529
518 635440346
995 899389767
241 942359615
555 432907894
185 260232710
587 162998345
499 658494577
283 939639846
50 134653190
810 705297135
822 261160040
172 27876102
843 716125677
769 846431196
92 314085727
872 196757562
743 86458999
586 649774788
425 459040738
479 328928833
702 910612393
347 66519677
921 387787976
852 356254539
328 753181326
48 487727338
920 142844549
392 640964082
83 343240358
561 648177735
479 847375772
62 106712696
237 144550405
455 211112544
234 186910237
389 335640940
608 842311557
307 880276153
536 259406131
796 508642542
290 440022766
652 799460947
923 450026174
514 737734529
485 979691838
243 928643103
286 595637273
364 504851966
883 476898130
27 407618495
120 512274210
886 87030137
556 142073627
338 426200952
261 139437137
776 848338481
709 422015332
930 306718019
751 166682674
376 557805536
196 900769082
821 447469133
825 626773830
530 567410049
800 751628486
998 779277870
431 381737953
118 563980708
552 902105513
609 271614442
620 993767443
320 407920482
818 462306605
58 570535809
349 799576795
985 139375694
675 94526815
955 944940692
499 185739331
547 98001405
514 104416309
962 712821511
494 928031530
174 124602278
847 98182746
989 521113327
713 870818605
919 377135854
238 138822094
927 408371309
546 561198014
1000 603314883
575 156156144
337 131919471
788 919888714
124 669500263
223 66555052
689 708311860
373 815983715
401 68598664
457 142753883
861 630012370
929 401520978
976 318350827
614 958143874
406 394253517
268 275270687
403 252699916
860 621284061
93 413485032
171 158752785
449 20423347
152 355546842
187 382182943
186 122284599
65 484992215
424 489099994
658 840945749
47 657552979
380 544714775
175 33895714
514 710473762
155 992005042
139 110700055
886 820396415
259 781730871
769 81501887
728 62751722
128 123343555
723 52614333
874 152889611
917 150435184
806 367891811
740 793769627
251 66155576
684 301457598
925 417063846
731 197624635
176 795643886
263 962957921
643 596970057
598 901553552
109 853407941
246 24977683
734 555141569
495 788751276
72 515696818
329 701212835
42 306106032
402 420056410
802 733286226
414 523749618
160 628242580
688 838712987
283 422899966
639 286603612
892 421598753
173 973963448
701 465038492
940 962408222
632 187649988
205 787292604
690 614121026
79 475226599
784 91570577
283 518231321
850 116463693
638 269751464
884 982000565
677 181424343
163 146568241
272 500738495
550 151264257
40 698443637
922 919880069
167 359879297
476 1291997
108 918409191
192 276667647
249 313955765
361 381392489
311 896524733
248 847102157
173 135474325
356 130327454
899 71919751
761 83804889
597 609996217
950 343337242
454 858682071
698 724847099
38 310205403
32 246999742
332 20007571
924 364634281
926 168830393
690 1933184
7 47540540
187 28068540
466 24458640
866 52990139
969 487193155
466 15442025
451 745800001
811 725321007
791 492327869
696 996082834
262 142680228
224 294680644
796 848401689
791 348590553
892 253974099
369 79792486
210 845225058
221 315332443
412 766018316
927 69729644
271 479999480
210 394651643
111 445144319
817 270058978
683 362200401
923 904414028
219 179262598
2 369488066
994 475968826
214 282347431
10 796046399
395 843607009
724 645611254
999 754831674
404 757422289
48 847046529
675 330090465
122 402842041
66 684881325
726 355193146
730 135628080
108 402960520
608 684752747
561 85987702
117 276152894
411 859923225
304 567241285
277 88186002
332 424507900
332 462354090
332 724875412
681 802828912
161 734148755
391 860623954
972 713364109
252 82851102
38 508186047
954 851781919
402 890441920
330 935866772
102 988419926
15 766674783
854 978535245
897 605096437
280 453107817
533 82803833
709 91474466
963 995478877
498 929572202
109 385463173
694 991644959
26 138554542
950 572462145
634 749455717
723 698857224
731 15401724
701 111525211
444 271759705
460 78336054
913 180531161
514 897434658
73 410261465
166 431244189
14 97404645
530 198661627
542 599591919
371 747571712
618 609719637
492 531452741
762 705377576
754 328195942
144 618996862
112 204098372
651 894429372
421 522184761
326 996449373
88 118978214
444 819239942
772 995475734
220 20610806
62 231481407
273 586366199
17 843347686
819 131297643
643 768098672
452 428693740
971 342447050
213 691908493
897 88896059
455 94879759
964 403350539
817 602911671
45 983725942
431 770464272
764 981225739
67 810038850
158 372315103
260 892535325
583 52571990
808 197412581
493 140480623
161 505596569
892 403891155
930 974942005
29 944683286
39 453037777
193 283203684
774 402344374
362 59714743
28 459040992
556 620759315
132 157646218
434 213802250
230 139655725
324 360842290
635 492747997
485 958632958
616 453472982
319 75088567
868 38697535
613 344655579
80 144313066
599 667527059
243 303389753
42 117943098
291 510398224
131 981744285
494 655912227
437 783146714
880 773505456
869 158087498
396 760952088
989 746222086
649 998713732
107 224475715
610 682169215
62 461276771
690 974669470
763 546474728
567 141596098
692 193340242
401 700258348
154 72478266
497 156328390
241 384229879
518 496539327
55 159730641
102 463491704
325 217337864
601 397336675
554 811018886
920 873542004
12 120922395
691 805895347
641 900331326
840 468245797
29 955016101
326 216873013
394 530443237
559 870128916
372 21584133
896 244400654
429 961864959
857 427944708
73 725619992
23 675342151
121 122604601
427 68108363
653 908539906
666 449637730
933 599055438
837 211953205
6 107930626
464 754380988
555 832835342
371 104886178
398 848791056
655 808841951
769 412194992
568 141108608
763 985663047
301 122049464
462 156675483
57 642366017
626 706993611
244 765854513
568 49098372
7 725972176
645 200927458
336 454389663
178 75551582
709 561998795
610 930772489
438 4097922
978 869528933
378 821090665
441 459143848
499 441226550
787 981486242
84 785180995
374 803911518
533 19783906
997 686806262
656 849112178
49 116502049
157 803041813
690 307524282
563 835229456
196 92991911
836 208711601
690 353050147
864 534814570
17 888159067
687 3266182
713 354325708
602 402192365
7 215111267
817 570917263
401 121220614
116 131000833
229 788427923
8 218464772
842 924319543
977 70362263
299 542906387
981 265902640
562 862714258
722 637572567
794 523858588
242 73013657
131 63931833
162 385392386
783 46508800
717 462850591
737 548899651
580 10943337
910 738487999
446 58862930
215 354837496
454 803372771
41 755455560
153 865128849
987 550407056
368 556135021
958 816765451
634 281319625
289 502006458
874 255347149
693 403992148
196 235075100
228 96454385
14 19364832
625 363019239
320 613781201
708 842756074
880 414212149
77 935929897
700 681792009
507 241054443
375 546111411
927 177561650
160 503348147
328 423151622
287 874182962
81 545292367
929 817912885
577 131855334
480 124373338
250 717067270
379 386541255
88 112023599
231 108195583
860 481226217
679 388014529
51 958660636
132 962939723
697 188239672
705 795383131
922 671013379
149 67674877
748 392665011
544 60456050
713 208032465
501 661576675
142 109412270
900 571717987
227 969896970
215 344797536
358 521094929
3 801613243
879 998213002
924 403453600
818 938668895
446 530621645
865 125685945
191 32268920
610 368532938
36 711816445
315 29926851
242 689275281
5 341886720
237 27916044
83 495801077
624 59226854
567 802811503
212 860090544
228 633403126
110 12992224
243 466139892
977 360814050
25 735903609
999 30995590
649 753321033
722 950358463
549 356823937
670 922379656
162 671804330
464 949712797
811 68765224
341 33366380
607 768548086
291 264455421
155 892309235
815 239703714
448 750034674
891 104455232
657 380665698
971 11965619
3 302302599
93 67502458
255 631899227
474 393623500
549 773554404
398 256856163
188 775248722
288 917835397
146 1900267
304 971521950
982 525228306
653 967365863
467 470146898
120 140210901
138 698875291
650 517018902
822 712163863
699 308283326
306 210802758
987 120555125
930 646104099
225 788979776
535 341599085
406 745892942
647 679931328
375 534873124
23 434917406
560 900324275
233 42528280
199 899950194
234 499241393
339 255704980
729 634442483
925 413567513
983 949679251
98 851912836
491 296807854
414 328604789
96 843995165
869 445874806
729 653569598
901 273978261
876 558976783
749 5549235
15 389840042
121 277074912
843 159863901
584 21808826
850 608698305
207 473591228
837 910895310
445 250023964
737 35195895
900 976510538
519 573406670
869 168230515
304 806647391
897 929084160
603 460193527
718 5935448
644 538947186
669 658767073
139 58731927
103 687997853
14 784273791
242 89120292
382 189736866
534 466422784
586 334965641
779 708971588
509 753575386
117 606912093
25 256844091
986 938074230
547 294949459
437 558187350
998 424209899
743 209594360
449 120304673
167 856308319
468 126477249
596 843821974
452 689909967
876 165581326
178 815727127
654 29978149
756 884948528
285 133891833
457 241940351
529 359617592
223 940800426
874 848025358
189 891152928
258 689622090
506 801585902
712 193624705
411 503833602
601 876875731
343 873738214
923 184083262
201 252670703
601 861568032
958 567237777
303 154973778
580 543343659
58 228652810
842 890042541
236 11824252
886 492270769
636 261553905
421 309039711
713 71604239
20 471876550
720 425130690
344 952238972
634 934813465
769 100690919
230 98927577
830 427953714
604 519513204
908 643532596
676 182348278
865 933165852
571 306689064
758 271136889
922 423951698
169 952414018
139 286277743
262 823649793
276 95507518
383 468520152
653 62102559
584 124410652
238 558846567
93 718508856
187 459251088
260 272527140
908 29261073
40 205771351
964 802667323
853 606055079
262 255401502
883 10531053
438 78434564
692 314134738
302 911597738
964 875180325
239 379927177
459 112519412
777 830415562
284 159315528
138 954953121
182 680222742
436 991489639
883 763710486
637 236615178
917 333335783
399 298777569
247 820542713
650 760328618
951 36618525
198 715054711
812 185308434
280 143822598
497 504586732
356 993665046
232 247090072
58 756039733
560 77766211
76 421459786
302 679541591
416 785478299
106 772279398
708 807012920
555 663144474
839 297139059
317 860807045
314 130430478
313 283433409
142 515559499
120 922049932
236 316057091
297 43990920
581 856695109
444 55045894
362 307354701
975 170258769
959 345620980
461 526291327
262 155717964
161 199836023
423 570778903
591 490583141
302 164303534
383 548699797
548 990048086
542 422749281
201 366997646
273 896856740
857 291187529
114 72741259
835 267687975
145 899209840
478 923783929
631 595287702
287 942640141
996 938034569
976 876362857
750 762237735
814 95645371
688 208049498
692 699123611
302 512488620
566 713794299
356 190491682
150 685034692
9 991534365
54 515479546
40 674059721
363 668035900
460 63588803
610 100286616
733 393723470
217 414238884
900 801647826
73 379077733
217 144921754
873 536209670
656 89022877
932 898653014
249 95463889
705 732170484
989 609403287
492 986028143
243 98378485
229 862262854
368 906703302
634 261755302
787 987469887
215 705021074
648 25041773
603 106705768
134 545988931
266 718100947
875 497986533
578 163002308
313 121442631
381 146086254
20 566118531
200 437316218
989 664772319
794 987978471
709 736041484
603 132451886
828 257334698
706 120446108
303 399820613
250 189117844
584 928793281
114 214057524
472 520469985
648 335320174
670 606547461
163 910089372
308 11775107
890 138014105
196 813816268
690 820306354
36 459535457
656 850793986
902 770199254
289 645698264
630 975907249
70 75204039
241 71380605
457 370924249
788 605858916
70 583675456
889 611467390
408 594807527
629 14657320
353 562531915
620 287212260
494 876173285
101 16555898
111 617166705
272 215497236
608 105462767
751 220413650
484 142248067
605 396356096
349 986993129
737 217245350
470 768212265
791 938999924
462 149381545
964 40176959
986 689725955
687 171737972
268 540687090
112 924499808
299 338885585
172 610965445
106 573818984
125 39935301
997 528535127
287 795836408
367 229408038
979 934417686
615 917702181
86 724998277
515 641078129
612 838213181
314 763486639
880 97976956
845 174462260
565 706944526
26 212604793
322 62058961
513 587220295
861 68250495
101 326366462
858 150172303
736 828989055
915 70813364
383 762965910
46 83925346
489 410239528
836 851950885
164 41903820
575 712724234
558 226420335
690 711329818
346 932737431
160 861402685
335 344002390
821 66360598
306 192888192
137 879004579
384 191931425
476 256980780
187 851489319
937 393267843
680 53894765
284 977748792
861 986409497
912 942301172
925 996286310
358 824117443
540 926563224
74 718258370
413 655231431
700 334194948
33 576686244
775 122466050
161 909195564
839 616717117
807 621166110
703 974095851
167 460235687
131 218127027
200 19770072
219 196965490
223 922287621
710 89215609
865 912924539
261 292097332
432 533658542
238 511932150
550 482570315
724 286377744
14 41209991
117 140745622
915 736700428
687 210341570
167 873380921
453 781306423
236 39026347
931 781013370
859 429583293
789 396162865
434 14086996
82 634413120
812 232237073
419 390771293
744 183403379
963 185428459
454 763764988
683 392370833
540 83860039
307 683680816
614 714156470
439 970515416
362 385440787
680 250138846
985 731361696
848 212984817
412 581099935
936 890651028
28 495117870
103 52171906
918 844298688
787 43754203
38 361494215
754 594193544
382 678071980
120 558560496
722 993627553
711 202003906
321 571711898
963 112507055
786 944690045
90 361172
539 645013798
808 257237978
640 991242376
294 991835673
376 938346099
146 395719473
556 27148781
332 885978651
805 793087728
291 169539036
169 159061247
59 309264594
300 976669258
450 471268297
809 879129870
814 267851323
838 832544049
818 25597673
797 618544110
349 211276562
889 400100340
630 72225915
118 227024096
91 951425095
879 245973910
733 723766995
872 403007031
478 586106640
863 679307136
362 299163838
836 165955858
615 643738552
575 175250445
638 388929986
375 216879984
96 832977305
418 586597121
781 777019639
978 2669254
501 679808196
406 995221302
743 670832621
682 977807209
178 78686781
331 866616487
250 864833957
667 192384844
10 829716383
368 173242254
360 941532651
592 399763577
808 90541732
503 527589720
439 194511398
93 132188549
95 758737218
907 939780377
275 281171969
39 911515794
545 449607281
322 182204872
866 271641119
768 65867692
615 139980257
676 836427622
195 729561045
686 375201843
105 149890566
644 696235715
942 541337466
953 968526229
100 420919128
308 180969035
532 259076612
209 668185292
868 404840215
207 518717405
309 858493078
323 323577261
965 30938262
651 776350800
877 708415464
536 474539795
794 43403950
45 244845976
355 845032231
305 235716028
582 489017830
997 547843688
520 520590616
60 336571698
980 517218089
432 480473792
894 290219001
635 6438293
320 204744657
230 678414220
850 26518843
695 77486922
704 298381664
117 815488541
384 16997681
630 957884855
943 853069723
41 63699138
38 134277352
353 921720212
885 90210847
398 783076383
527 377986434
518 613161625
640 432661210
415 242847483
694 95904893
466 68001657
163 775011816
42 721903617
887 70290198
541 371654703
514 257620907
832 204567307
529 781443699
301 556655425
51 368157956
771 61400555
646 9675636
322 70915113
5 236100138
816 3207777
457 946706531
812 232851318
508 721427873
487 544575554
878 267798551
114 142775236
797 600001077
532 775542927
535 78812188
325 349926918
240 729744617
287 223909575
218 514486385
589 241964418
497 758208874
654 507838280
881 183888892
844 252925422
621 234925327
223 358831810
798 294522215
492 136381346
970 314039233
114 212593195
719 384243968
372 3124596
967 139084934
289 283051917
784 197274452
918 157271433
569 933996825
244 59224652
681 5009601
722 793191351
1000 342596320
940 340995466
920 782732551
481 1152722
499 668440168
229 29655017
651 327643160
458 806767220
602 18452566
191 572548890
232 276517951
398 999574538
635 187800247
868 221449140
573 132728150
133 591276101
606 89752098
989 560861390
970 83501019
812 924936823
546 309863172
541 583912576
540 537637927
610 30410748
997 133225437
783 250030412
753 369468791
71 784073142
376 248778962
58 854768940
843 591454554
53 204154631
156 290475062
401 946896642
503 908837074
78 656077392
738 577933078
526 664067835
667 4217269
600 97297083
846 784488859
929 721159828
191 444883275
6 537068474
889 325098073
585 970717570
83 149269756
803 161595632
89 604690777
854 681079984
856 382857177
990 99556143
249 259821455
761 79838961
142 314888221
866 810418542
632 41292643
697 432738199
787 162899575
594 128131438
366 31784185
384 23447702
300 875160051
35 815615500
952 815230573
934 446996067
905 508048618
776 32751504
685 437152088
66 26609032
194 459369797
108 79790364
881 138245425
736 93410090
992 382815057
357 859033877
196 848970634
835 847958673
497 608241201
882 509131855
981 171642429
774 992524966
795 512926447
39 273923845
679 73772424
780 60833688
54 640916895
482 57101491
658 773428317
204 816420996
66 16064840
884 117709108
489 115978138
982 633273512
115 124843629
990 766146482
26 955610619
191 910717715
839 833732963
973 278683870
132 827460656
770 590077188
211 897569369
30 80865897
242 78674878
356 523118841
615 193701756
580 757481956
144 698583310
413 925848549
10 624960411
679 300613569
689 44582858
87 171431311
297 3783773
389 871792167
527 789667972
114 868398862
314 145731182
262 328161151
663 497699988
541 246400326
552 331784349
472 876131088
487 942714697
551 200650471
233 311867286
196 135999408
188 860811950
170 397090863
333 741353795
193 504411781
834 560062012
837 604498242
215 479857690
790 946596130
119 440408203
994 938590506
894 872134414
918 677391828
380 77481504
53 413400480
673 67060038
66 153151399
374 591613539
229 763668419
121 524817992
46 257959915
964 393070862
600 98165267
373 201140509
91 417018421
534 121713280
982 404280834
759 488280383
446 821543092
461 989306554
322 951413780
487 84120624
877 199473262
935 454237900
483 382655
814 304362823
48 139089762
816 978999477
332 155908564
421 419781486
422 959056611
36 676502444
440 337597711
691 401871207
955 475760439
773 229320752
973 59584679
660 338410345
259 571371949
719 812844007
158 688369548
543 93920489
379 825459590
237 439168093
529 827457816
111 371770360
226 828772689
11 415681851
409 130652774
599 389624420
966 887692482
795 360640082
602 97563523
799 220378422
992 985835261
17 515008905
786 100452353
436 293001149
447 724926733
144 52981944
665 557537886
484 299572926
610 748012467
73 886251748
885 438673933
869 295466977
799 339874688
719 104690215
758 869901167
774 471118870
741 831101745
611 556683110
439 117545380
916 806154072
74 735576559
153 837226492
825 445058034
179 832592463
251 16516250
76 133352278
315 518361040
279 419897551
254 815993047
325 165187462
366 406961179
115 332511852
268 757010729
955 360798435
122 226378999
215 740587126
687 623601562
757 907972361
695 131143517
79 333924517
93 800915009
477 663277804
989 153887143
302 478746841
162 761735721
842 353656238
774 664760389
576 460100044
582 241234282
747 886746536
81 566417211
445 217241790
657 178672621
189 380372994
178 234497884
337 559026078
970 749059130
919 909133876
901 375946151
86 351063724
583 615472460
521 700374711
311 765254259
250 279895246
192 815335419
287 899976944
521 864681996
855 21691437
102 974248004
47 769008139
72 24769059
873 685035167
325 23291524
423 212282050
616 686114633
716 509984970
481 18761310
293 652437828
335 151946422
137 571548766
216 64284513
507 989825375
195 611008107
971 444587271
525 566820657
750 64370847
233 236193563
277 826807620
557 781164877
549 795454886
121 584361342
541 865548252
50 286909353
226 74277921
131 116604762
361 64098913
192 511962774
331 940465575
484 793138220
697 913350584
161 328496010
644 812389116
130 513817347
721 307116956
715 790716662
677 648038197
31 730937849
539 991970691
141 871944861
96 446211195
335 953615416
910 792224082
996 577830089
189 224053250
825 999925453
931 439624855
825 674662501
486 267741138
916 187806543
663 569157128
179 552710028
416 808979046
790 373772708
901 188214659
400 463178524
740 207694209
165 293579315
77 588463303
942 191307692
946 8236789
142 193721783
300 269883835
987 527924380
479 131200797
601 964313151
321 503823519
811 652333574
512 978149721
882 660423978
308 240247211
278 36955163
693 862193587
669 827216224
252 904309552
507 572986382
443 696719551
551 491727842
734 104096645
53 117059055
916 559582737
969 681014000
839 136521887
820 695388087
590 857761592
305 805056706
62 528508640
665 706942293
427 805565994
528 706125176
763 724953302
213 272448773
413 110417199
284 457780378
407 400517088
720 308734921
11 354837052
850 528336154
975 200204003
379 572017769
114 832262950
432 280988080
354 744828482
556 736621554
513 957950802
653 975161447
190 205242456
784 493169257
388 118179134
984 355921545
604 678899300
364 221162048
79 910909962
112 876384543
88 339565071
699 384528305
406 132118062
573 426597118
409 708603655
485 963926516
863 819323116
389 563176646
976 338807796
914 786419501
600 533716741
854 891553328
476 110601494
267 902863080
670 748117368
909 285424557
97 953185934
248 551003035
839 629458287
449 161212379
84 621259577
764 924237915
167 712654731
437 54767550
504 835414656
913 70059732
720 397677474
49 696475121
854 960833116
148 274985936
132 700631536
478 768438142
85 714182279
682 257157704
287 852932823
14 530064981
921 371277244
638 995682167
189 20298218
355 533383107
883 274254645
865 840287302
123 235941347
288 966878708
693 992320062
453 773681709
835 564838680
258 931897122
548 29860948
954 701115044
592 261260022
445 910779923
991 195339354
183 797828176
812 855513445
292 195599355
640 704316025
167 766632354
939 352506918
100 641849522
687 954832476
237 19285025
66 176509681
278 52819198
913 23095461
439 280871080
73 324100399
392 923032260
377 300415719
426 430997738
195 324759379
240 842690261
669 46659378
900 812298385
876 879404860
741 948016963
111 934631849
742 312711719
257 811847701
675 372284765
199 175743926
921 246271337
621 486929737
3 258669492
894 241592910
197 26781331
934 92921640
19 139399576
304 954649386
613 474616317
335 781423285
655 690436947
608 290779013
741 447692321
962 445300249
280 188474344
355 711878450
337 588677397
120 12800285
708 379035478
541 867385286
500 122503385
623 830426562
346 978217320
549 280192005
485 863592765
650 943271844
402 99134677
532 482354866
266 963011923
603 659099501
510 133451718
182 181096427
816 962524442
982 288654666
557 650353422
604 377007727
617 711902421
392 229370952
649 482563338
905 846553417
209 36978525
865 831713494
610 793676815
794 601191610
458 942040444
442 331161316
339 644082228
317 403257074
298 807642517
162 226779175
790 754058931
992 961383597
389 389135082
785 94203767
52 493236123
192 989503403
831 570071177
559 517737125
533 152782125
390 139622457
353 362697830
769 692619580
733 240920810
780 588631172
863 442472666
207 159244475
90 33328373
815 2510696
749 445780319
262 931404665
686 74443461
752 22988385
959 268277150
145 418880562
555 334975503
50 46103421
680 51911555
948 265799038
872 179186262
760 812102342
437 187409109
906 451143927
542 216562557
905 36748586
200 545820844
645 754279866
123 50694711
568 923849762
145 579972100
942 469756091
843 379932640
9 234062507
339 983599835
586 533052652
916 177452912
485 168325426
141 71594848
664 479039649
633 851858295
490 451858136
356 640535770
468 475501416
16 705719608
198 203205792
119 486626340
61 482855528
428 903069929
350 145907779
691 154511408
106 827951655
323 423519444
147 373850252
322 525801303
657 857736667
602 118431480
245 20333240
139 481953089
642 268154752
37 500070160
656 638098905
351 836056411
744 731342635
49 251327890
238 51524618
870 615558084
438 810340159
24 930173260
713 451655089
960 881896144
73 330169660
569 693035797
267 249366654
607 222956560
998 620081275
28 411322894
315 70410576
873 100957051
725 579269975
496 125176710
387 793455053
430 12928274
164 248843673
521 729803715
453 965864433
852 349982680
24 322028610
740 757894946
130 807589425
987 76649914
429 499656491
294 1926947
991 923409126
725 558256269
658 806713262
716 910409785
330 907946482
239 135992679
677 607889024
95 993234469
762 933116539
627 331153215
542 529657780
52 276432222
911 114634177
627 189391351
606 867553406
481 260511862
95 241673000
966 876736242
262 713685609
51 939456619
562 545581015
362 516915708
427 904342935
112 433452184
133 769287601
684 623941378
433 145649292
435 533943612
29 126775432
469 999830674
839 806704621
161 140767401
868 814422157
256 904671523
999 282457550
491 797441823
673 224654675
841 687679875
722 520566691
249 837198895
585 898811224
136 369914108
703 812425403
225 753730679
909 387297781
548 589568310
512 570687985
457 162829032
870 124885389
941 837232931
253 942098569
202 545044480
274 727658105
583 409066705
111 832699294
68 279556937
738 918612979
41 896069378
72 10614474
297 928278038
602 933590028
199 267746935
797 904208394
311 949077435
966 238002052
570 649952199
273 997054685
307 423881882
191 412837823
379 213159149
706 108699245
494 738474304
353 768298536
616 716780247
834 590756367
476 818215487
473 415551690
956 937287973
87 764397734
685 2257189
204 982524938
526 890616396
361 747790233
144 113656998
703 856021985
364 92688278
578 750809518
157 675505501
288 30966895
199 319257169
610 844922573
606 458907927
893 47946983
121 377323112
453 809212491
782 27927084
204 286372180
258 306954159
774 292499654
865 116265066
370 921274743
925 517732446
967 711096193
240 415084529
716 240114387
808 788839958
416 588986381
765 724833513
461 744672091
31 593618865
252 668295933
280 271866387
353 464831522
510 565006208
641 905843889
692 796945226
529 232655122
24 907875611
21 675178135
113 621848641
320 153927057
232 316766264
228 146706896
632 331995783
278 80221435
668 440916090
178 95296653
159 489134193
329 830542093
256 317226080
588 942457167
936 948240039
873 770623852
116 109788214
857 822822659
543 286211106
114 214648135
763 947672634
412 933881265
443 118368258
455 844149415
414 957319072
830 187241789
159 102506837
642 306812678
810 672388968
881 336993652
72 883497607
256 707089869
877 830434442
903 500198734
594 809764534
662 544345120
420 743094702
37 35055446
948 223158415
396 675673027
637 29885577
911 84490030
674 463336392
879 364889740
682 678035777
332 834325551
790 223783159
160 71413530
962 674383650
124 52176610
80 905414904
296 769563464
635 354457577
971 437023117
963 971341608
53 391024869
308 400020531
75 288404680
695 497521208
772 136749371
998 141762422
737 927064673
411 185599284
53 230549735
819 17042133
73 620846981
191 998891495
940 262045902
430 732422712
690 121629126
19 36226364
570 145456057
119 21058897
88 572204472
213 905273970
963 44591396
894 320971692
580 906774126
958 888696259
134 105246323
482 744455243
217 666809508
142 707577882
386 743778867
955 660381827
416 832926814
903 157622002
822 86149394
452 24348572
438 655679649
526 631975050
162 102455662
632 938295474
171 589921809
675 4193616
869 121780716
192 635301095
810 806530954
603 70570153
579 792171369
771 111637849
32 601142615
316 9398190
432 448600736
813 820079320
578 278004353
520 477022077
412 383848023
115 994039933
233 832161072
189 695923905
277 975728481
13 470366367
350 142712085
673 594645874
597 135500530
727 197941115
273 555628855
470 911097377
773 60826388
140 155900315
872 891131893
124 910010624
829 433966127
499 609196267
938 677094032
501 307650583
949 38264560
508 849789807
281 877098618
683 8999330
9 510402039
19 588028426
576 119585247
290 342820503
676 491959296
493 990745777
328 844963210
441 515585912
778 582612090
887 15996086
50 688904010
776 542661366
405 148376575
978 47453652
237 499157404
654 283787542
503 239669062
479 238091764
453 614972241
419 752878073
562 996237525
219 81735364
908 576257066
555 854374820
133 735985215
686 616698586
634 47535863
511 773616698
679 289013851
51 100201736
915 581868285
396 428546416
337 454536174
150 501912838
488 183648573
62 779048721
412 323070313
247 420441111
810 129062634
573 876798255
874 237270854
26 700079945
618 49452655
48 281773737
452 261594095
900 390738978
52 391154108
21 406804630
705 508092763
479 465080481
305 673533689
964 73763215
187 496445810
802 118211655
385 356013641
377 344970213
504 703592190
331 507770602
307 313335077
27 96478077
48 863920088
401 90856272
314 714076790
437 118779302
560 12134607
63 963175095
198 858836180
258 651909315
855 373811124
917 522511952
400 544367758
144 211480798
811 866878450
50 936979418
861 975162095
134 123171400
825 113464228
465 845109233
281 122901476
458 261162300
907 209218095
393 568803072
146 546796935
529 844739842
841 801199788
641 92279801
509 994799468
685 431767044
298 505898115
936 156545442
289 396370331
307 342853046
549 296417109
109 344361557
312 136699313
26 175563474
545 694483982
314 918000275
464 68074811
65 324164494
100 739489058
631 687404370
980 836974580
105 115820170
461 145840492
164 30269129
452 596313623
312 19451702
920 839749246
67 478404240
137 809505127
730 366869478
527 446025268
523 38065625
396 840721042
627 665930316
788 769783683
14 612514459
379 306162632
656 913475483
652 195784298
809 689611263
140 48700719
938 285499149
483 237414978
424 757809408
168 778252861
945 44471014
615 789096819
67 433938581
274 289317982
679 906934709
499 314530845
564 994593740
512 8634651
495 952057324
790 255122117
425 539632793
368 1587169
273 502528596
371 582472317
946 499945293
527 72600351
574 264776615
863 210834437
796 679533560
461 559407225
283 692586155
422 991318844
454 771171033
738 63518458
4 45081402
322 944488268
844 92924784
189 215713755
384 439712025
374 404698916
830 589649684
178 456720211
923 762829537
825 58530943
907 675367396
273 564557565
864 405089606
893 102500930
315 320310554
920 143400885
947 495365520
512 767785731
761 211157893
820 417022783
160 33213628
325 940670776
222 528186033
999 92926182
1000 536682042
17 33375928
477 602764906
821 675611792
240 81228414
648 958370650
597 711614377
443 936649179
772 583627204
848 104537738
959 233461214
961 517795048
880 288723459
763 980558589
404 22594630
225 437058640
483 706090637
886 920458825
920 412449492
171 929412136
205 970444324
253 364544389
861 307950646
437 229358158
647 709205533
693 911433561
147 403143450
420 130538202
630 951362341
813 714142916
331 264333070
766 364933653
152 738022454
399 17597331
11 583400874
363 217086405
247 770290202
312 447697667
19 319416329
130 887919822
343 932767855
2 68900554
964 609974536
800 210747329
431 693170994
496 353911105
614 484704010
839 815019719
772 279870554
160 373450154
792 102923629
155 677253171
720 861118544
876 303144139
112 733724900
559 559652662
570 208215219
494 373764600
338 96463470
385 31682652
186 518174259
921 936137225
166 536195698
190 272303390
714 341073414
234 603531324
547 522094863
386 620562958
837 372813042
256 9197162
337 924322385
285 706135944
698 434106736
89 871509230
740 578954470
521 490575112
820 913260546
991 470857970
492 939996624
319 123925970
886 120202819
589 50637945
665 194257176
687 152515363
60 678421948
535 594296530
422 713099586
743 576057240
696 415445895
621 260829257
816 178550751
60 284638775
846 896830136
848 512427632
479 227124521
492 859251463
272 936599994
172 847623641
888 407380289
902 318222367
312 628918281
588 300392175
492 180512453
418 160247987
940 641482507
2 811785726
300 812979567
329 694653098
823 80998998
842 83177939
584 254191637
901 493511777
963 812234676
59 19166946
704 465227034
771 668875934
626 933925945
785 793538927
655 564963138
549 191729714
883 665558004
28 3961293
859 544914783
969 196228784
844 56749128
359 109258500
617 914484713
128 942226025
37 557116656
841 434427219
952 656033978
531 476581008
103 14478486
98 231603043
801 597323976
941 305501945
541 844904368
999 630412034
707 816553290
628 23637010
460 209303795
814 114489741
264 226058552
77 420114287
80 170345575
356 333881815
168 958477410
574 66420383
333 164249649
916 733997368
628 211888714
64 100424868
744 24243877
483 54272076
408 825462387
472 248457450
827 493350141
656 292706179
694 366232802
246 137300665
902 717461189
395 888982781
223 114852164
299 355245862
253 6807298
483 12666228
812 911133895
891 128012828
796 124799556
777 787121377
263 441280651
480 681300338
345 710289441
404 612655628
484 430747570
397 301039375
869 731312496
996 944897401
342 321620891
781 337397758
381 185730070
221 287363695
868 231179773
558 8287705
887 825671083
648 129428956
871 307792917
915 91594179
998 119895517
441 425648781
931 973409229
7 20362907
414 636413345
616 602224163
976 378885601
752 407030284
286 568320355
608 973752901
627 708390954
788 83387145
85 906058197
168 938598989
498 75482861
886 275019912
370 975273117
316 976491149
573 334026072
241 488270577
30 123156027
250 13240410
396 707070657
468 197049035
478 61607209
574 601806082
835 970069137
105 936244569
430 90228714
310 1934990
832 244215894
194 719855172
473 822491662
889 116724585
123 606099473
97 157107129
300 537264093
202 949111247
817 283859385
478 388518819
939 811661162
789 85619225
894 61074743
625 300585514
486 6052006
621 69744324
936 245887618
434 866534971
707 932099608
884 643753351
344 375799688
657 598612538
107 26478031
903 947403064
784 703647307
748 439628985
218 213820549
556 751021260
980 835143015
147 96620725
588 10087132
795 68694035
79 907374648
887 461932414
438 19742590
824 333195197
477 90944392
389 950066293
503 654845110
272 332454383
936 15813621
142 7684459
582 589002278
986 287999756
778 911285293
890 178930926
267 507769408
767 750381583
124 74236727
812 897596904
19 851077679
220 931319946
436 611585598
694 205814116
790 261176432
186 977337191
992 803578075
806 258089020
353 235238420
680 973010153
531 786974956
261 77965629
640 837197999
439 56574820
662 476175457
368 409920503
282 189401367
200 346123057
334 736868326
605 620915410
631 997398669
680 197358089
791 72071398
786 194022050
847 251353405
103 452383521
914 599354759
767 259809450
930 431075742
642 931786567
985 685902428
462 560809636
618 190726991
855 149637276
868 253083604
335 632441929
84 598503969
658 185132157
542 547600027
64 317314023
21 14890245
63 916006041
189 790190645
636 995926954
165 53047841
252 473130223
882 79678086
870 420737101
689 407263079
966 887078935
735 629211781
320 32297592
181 780478196
889 279489178
540 199961698
202 595528421
773 179905564
203 510913989
504 95481349
669 980080866
936 676626791
181 44854781
997 51040474
698 299542954
962 927869559
885 612629480
33 54121164
719 438717070
983 18147599
603 69941686
893 450504635
963 97038726
755 410842613
506 854744833
97 73710315
119 714628357
245 500809754
306 280731829
236 263602766
440 692347305
836 861755407
387 337571543
150 228268349
552 568849189
429 822052366
500 64798129
657 244563206
79 383200253
158 493621485
747 270342111
727 283332710
361 551287377
818 433421939
407 405406950
706 75604098
361 215141803
102 940794374
93 704801422
484 279255138
199 386836221
371 898377768
597 706000916
869 413161544
890 382067770
379 420122339
403 65790762
954 263659913
674 113266176
895 563659870
125 213037545
888 579376028
204 75883257
635 123659554
599 463707058
520 622842441
474 699080123
677 245398536
152 372266003
790 954685397
227 650694630
217 420646278
712 587292628
336 601096441
75 665439097
994 68812409
188 344477162
359 493962443
336 382283938
273 389806960
381 279719237
65 23145876
343 716563745
609 173696635
132 377550978
438 197027181
632 863000688
913 19181676
977 682181744
644 130543648
175 565793497
114 303154178
305 86929512
390 573772282
79 315338792
975 462606559
748 184081969
890 674316149
298 607773162
219 496715111
821 672014923
540 225397494
149 190002083
776 590027575
839 931321054
233 61549028
680 601694504
221 416739588
932 368407470
788 29901355
30 212995169
636 892150370
324 775042688
956 924261511
114 209389847
328 717293884
111 40068364
187 126319373
147 426824453
837 15838828
269 452996196
948 5346516
833 941285267
426 70715929
41 905138368
86 354204392
697 589001094
685 254831459
107 1062288
96 619753168
331 961597711
43 565165360
290 836522793
332 981190477
565 786885811
766 215138246
760 51196831
971 953521819
752 627521647
309 984270680
278 389489484
755 494744021
950 471149731
594 73715547
259 598820756
601 585827864
114 584627401
897 52550296
774 97689312
494 235051621
948 289585051
98 778613193
191 485993178
348 474866172
276 437219879
732 752094925
438 392784497
677 45061810
34 787129359
850 858450052
653 743394574
893 107951305
385 936896399
937 93968191
423 147386108
977 426829297
440 378861845
993 811411915
733 228598618
356 844706962
688 471708355
127 18753775
780 357730790
708 304967424
634 877631796
127 536773189
912 33530235
979 35429189
389 516497667
307 89479374
915 51844358
633 974370231
387 39268784
747 126935998
5 66036966
289 131879026
582 1289773
272 938525165
528 688913057
910 590699139
860 23999097
342 883726730
507 831490797
77 641621833
625 583090564
327 752511228
752 39420457
472 139058691
680 398641854
306 581516496
971 991379645
486 122060421
168 746404629
467 58321408
611 200707974
468 509727038
515 290528013
522 480282673
895 52068536
530 712957817
344 617531015
514 767173773
583 66379262
154 238582143
235 407419170
171 596930390
153 967960282
705 83868179
233 77221739
18 599078338
403 674410541
570 296954385
582 109503729
897 837165280
921 108441889
876 64788491
469 167455327
643 700875582
652 760580836
588 314014290
476 326303195
277 147504154
910 931563369
542 157745986
515 186622488
468 621255389
416 591462187
300 264148660
801 25168429
379 624361680
393 424330094
967 605688845
808 92269813
157 425524613
655 437097847
38 582449368
14 228586284
313 13461230
718 491621662
401 638771829
598 105577869
415 374030880
585 991031014
803 798610429
788 489127730
130 144030168
222 588446388
788 683663020
845 43842892
974 674704462
957 249416633
392 85853365
270 24592884
923 214233344
790 54367408
7 868527908
377 501728225
461 73388683
643 258356797
864 940975258
361 879328467
474 289566395
840 845237587
909 394676908
913 684073735
700 651629166
102 397748561
213 42401332
760 93822573
194 600713045
157 532675350
487 724532911
39 180835806
762 457480033
707 418375799
66 47529494
403 690129590
150 162036683
395 889518004
280 73847952
478 569046036
223 990881731
192 34906454
70 55373313
94 245198036
755 671063835
829 199950870
837 970245578
949 613767743
793 746987810
467 638463462
358 292159100
382 160206899
947 300079984
775 776093537
156 535124044
336 279143605
936 807474641
300 555848693
517 330344327
299 803001822
258 161385976
42 277903398
560 213530208
284 152713927
533 968388392
82 316104059
480 597592374
941 777148126
176 188947158
845 103723677
795 698705785
955 120416653
678 571029
349 357190170
300 950519741
821 271867113
343 120838242
793 342599718
468 856623772
430 514829016
329 78517894
583 228534316
942 948009678
554 391776710
979 888511462
243 559148146
391 382756596
247 665186285
7 357359560
431 792247811
338 546628910
985 67031377
451 143389000
801 941455062
206 645770198
467 650123313
782 904885395
462 408876686
212 374632682
834 765410780
698 47535893
877 478094755
687 278931672
936 972078156
441 165069373
115 50770869
343 182687458
695 315288354
949 529995341
5 335065817
700 967576481
139 365261879
815 410202737
814 125916404
419 766325466
29 150592668
423 986335310
175 96431035
659 112219440
84 984843447
151 62390898
455 585391061
343 778938074
58 761192649
138 859632342
625 896249165
499 137360947
302 312739518
735 993597574
297 404534257
104 845934966
942 731442676
927 620402226
547 807839294
462 392132701
286 318140153
740 96955653
345 308370793
530 84125893
431 912954105
330 981328496
625 172666257
430 144049353
108 184934658
721 298579543
97 440998882
200 689196031
966 695423444
423 978620701
480 536221467
200 144837599
154 65524776
86 402359401
856 977517406
297 570646887
945 291641312
413 829691210
357 299715627
533 980465825
665 526495856
564 783365444
411 742788976
409 504382544
803 463390948
412 741923312
570 928426391
58 988317367
641 531933035
281 298254263
244 127324705
183 153934075
827 600657565
585 731439048
269 739820886
602 518105286
601 742433533
664 662445308
913 835760374
971 619268602
437 372783264
430 7194094
334 456241541
295 348256768
524 80069402
541 259357579
676 190845249
507 441943200
729 27730343
387 110270616
996 20554018
754 729884285
658 964985457
445 297300148
712 337713277
435 37579093
864 103831633
346 738977016
180 372109890
288 882906992
669 297469870
285 587066013
235 255016495
891 486751919
752 159784907
725 527081652
863 449392709
357 481529373
254 396692600
520 969515464
324 514309942
97 999490747
719 279046109
689 78370910
11 515211223
894 93065570
769 673944322
372 550976775
226 237936285
429 981281413
528 904227107
526 951156704
714 636532006
95 325499730
350 128283211
193 226660722
773 66170628
880 101284486
570 561905175
504 859073913
806 379154495
475 957524146
117 145077390
238 568841650
727 955005566
342 752459540
121 789988511
112 439152024
504 365627747
749 266608348
50 851313068
725 109028391
969 32284792
236 459752543
714 877158315
214 892342639
720 589698805
947 31583072
90 521170891
202 119799369
814 631169126
558 671376643
845 945423013
83 567734406
983 38685478
769 449642528
466 263196470
131 687048635
747 149004402
417 993587375
118 362523979
628 334067689
491 377663299
873 28585686
646 952052054
413 406649671
244 175082185
322 359092296
984 352474834
710 676873359
213 64927062
280 860750637
166 5323213
267 457935875
366 233872691
676 33433946
981 246489897
995 269983574
352 341335752
793 787274044
694 471004326
945 122289637
315 371199949
350 127472173
448 63575159
358 741135625
935 775116644
565 385297306
894 877806909
827 486726328
103 323204783
556 176426005
170 596308815
261 825525473
116 105151825
165 30185038
457 876691844
238 92156574
103 947363988
325 766762963
359 983170512
192 108239609
354 68816501
207 707149159
112 562984699
571 139385037
661 3376059
723 306109990
97 618111866
285 457465284
304 899125891
466 513458215
890 943554955
602 100778804
812 82787854
177 609941514
770 982037419
600 523530334
337 344054932
173 621409139
223 41641421
656 67782913
99 146042103
722 618782887
863 227344471
981 293394009
859 143867733
679 4460520
183 39760936
343 826748421
291 984058515
431 591828287
361 230302628
572 624227166
661 534413713
591 77526044
166 754303168
691 661646442
578 102680734
28 954168966
187 239519021
689 106513747
46 65717860
724 63670811
580 981967652
164 530261870
210 109087598
932 351787087
748 279925210
968 523159982
377 883984535
22 635028237
624 100536201
310 122975305
373 322702291
796 850221256
405 548869875
296 311296824
305 60846722
122 668702582
573 796602604
204 790895240
102 712108502
269 171940891
214 649716843
953 551094867
948 294068696
682 790969488
373 461616006
830 860545138
754 107107374
535 149857577
626 461868375
864 989514207
250 268476573
109 246995018
588 341759728
376 87856937
306 536356109
207 94441441
101 144388375
667 623046818
555 340162694
363 400770762
844 848200297
718 524975389
989 70860513
678 904979905
877 38037760
651 753035145
112 378840198
679 103123466
250 370881309
793 106305112
948 645944955
992 380696804
10 773899903
864 631088852
99 122989502
268 304204574
206 175445480
383 813716150
377 175474315
517 171970406
374 227689778
380 677031298
737 540434861
307 129798719
425 451227351
221 93676601
543 957172064
244 367196424
870 917061941
348 664471856
777 475934918
276 888669960
217 992169079
341 838391362
786 764110323
43 685302919
241 962114434
745 264812677
598 170842508
479 338206976
486 787421377
569 163786383
190 766291373
403 186085305
610 503991254
794 148959594
799 111245600
627 943525813
554 69452630
205 300579967
735 631424468
820 933155012
495 176592938
272 591129306
842 487237479
527 208639103
111 866505938
630 68243283
857 666774089
300 285483691
814 569270288
802 157801273
157 484555379
535 131506863
329 899806599
532 136985774
687 544125890
84 680184971
786 317617956
426 463504795
177 723904802
456 623499218
332 685944619
413 87282990
495 140032217
630 379483242
245 212859928
53 833519257
266 945999480
36 394676207
519 647497298
775 875306988
955 317348597
731 116083848
225 889295000
832 248721053
698 968436211
233 327896360
915 7028271
25 656179803
360 398449680
67 274644036
781 637493734
291 557973560
983 428363477
111 613957125
636 509463511
255 808724398
88 138882855
181 787591386
753 321595764
840 15269470
985 255467178
337 743757945
913 588218793
166 94790749
686 19976125
960 640318220
981 787201606
650 163183468
676 949727108
660 270423951
295 806328503
33 721015697
94 589671896
952 997218111
259 915449043
88 178329245
420 553156419
116 273070860
103 998775147
966 68992583
541 677556589
962 126461796
153 998131115
463 899100575
648 48160273
943 721982091
358 706775890
58 608849771
945 405473435
353 698040848
589 975395962
779 870280269
19 393501553
985 402062482
577 240454394
9 882120686
841 958016472
883 13536845
982 395299322
993 600041284
17 216870487
415 962535068
934 835995680
100 973851498
798 647537431
297 888302592
547 329684782
642 18773189
428 626619259
712 313130086
12 404206794
124 364082556
129 842789599
680 551612837
853 642955821
811 809936899
669 83832987
225 57544539
103 995412229
568 360826453
18 140666285
379 579649374
416 190846113
11 834906224
814 615526643
593 350916696
694 30811822
473 963961731
993 483402514
231 18779026
981 757129189
126 288607421
281 718080521
624 537032360
490 151201350
754 307650073
905 267369507
286 219145371
6 412738432
160 506809080
818 436187717
223 683844896
241 703381602
306 317133678
619 180744707
516 541313383
804 197814612
194 127168275
876 911659736
114 46526541
70 219333415
852 180452843
560 229931224
949 352938107
923 474422450
188 542885136
901 601179507
544 348145408
677 419240786
827 481425478
252 732140060
973 811983005
160 46987388
686 779211826
916 186912074
753 699114425
656 855096883
259 369956722
132 419361208
60 574892076
531 800532633
859 892459339
680 577275654
548 41749643
238 526981501
364 72812042
383 50561958
938 436485591
360 11908768
900 594711554
66 851144772
751 500016327
922 69646307
545 555911981
573 412464177
917 729960110
993 238768116
662 284444887
573 611201466
268 34742096
488 27285077
769 455770526
931 355604978
728 555810198
699 155338834
675 368158543
356 518130899
95 498501839
990 207024960
296 296074017
586 283220758
916 726397051
777 863844032
936 579722917
611 511282243
82 775449562
610 433935698
190 956960974
8 287750029
7 757614927
367 636009645
673 463264624
971 74330833
297 960796731
598 269785613
644 732736342
889 133522070
729 656067150
241 684466562
101 928743951
884 731409737
994 67334220
169 784143662
258 902590103
275 49900278
524 420582738
53 188370381
439 576439388
482 206416998
943 756069657
490 781560283
697 989358096
743 941493491
931 357278434
180 503194574
338 578967579
853 606884412
757 47435249
407 17575798
718 275113694
110 153244210
7 921585902
388 285625561
420 140509250
485 501135091
662 925703612
17 285526152
92 644571994
988 426990540
878 997205896
77 896580824
244 621868662
97 266444734
393 531412682
30 678275161
188 514177843
74 977423368
658 945972402
708 456556811
565 763090321
337 99806763
589 850741246
260 677187466
376 526044019
494 147281240
501 201843883
947 975788107
226 215242232
798 831038092
753 40234843
99 136473225
905 927645696
599 69509743
800 822397427
306 711362049
186 651747083
549 2758690
660 106193271
17 143397388
210 111819799
322 656652101
409 29593239
637 613748373
500 579669648
514 345080203
500 952747317
235 26242421
159 29767939
311 833179434
717 320918219
529 507757346
698 32914700
158 236437744
841 888325696
347 24956857
885 93392616
427 295373658
664 393880182
735 447560915
849 757568550
64 521555885
590 676445148
804 809900858
515 613354205
352 607851472
862 904416555
847 439723604
430 568012706
593 114100094
797 161993553
48 996680478
506 795935619
472 219743227
726 83798437
218 113461146
546 397346438
546 247872124
445 446703792
184 621017291
346 282404945
239 773805417
327 601476755
967 87846106
470 63647519
901 868439939
419 117312026
892 87443590
41 72978742
602 833003669
883 880696374
766 132428235
571 256846416
203 973109761
974 250834353
820 555438498
944 23238304
625 822620504
718 239906888
923 465731337
476 456648636
14 155418866
837 309373309
852 667289780
710 118372444
981 22052232
883 762869220
800 249122083
751 665241017
426 500351842
438 267099079
991 733238650
172 433966120
558 189430758
206 404387114
755 136359043
334 395658671
526 951345377
572 397596570
580 429823811
861 427884120
409 2338936
156 5126337
514 654897697
521 124064834
971 269322621
925 853837281
100 399341432
821 48503243
959 828364509
443 213036108
54 536852498
450 903570085
657 887410495
747 476034843
765 292792529
881 984721326
242 932329532
193 987484560
182 820910941
808 538391298
906 651742014
586 507314058
430 178786499
144 349307790
139 756948545
401 746224666
940 50493760
733 85406700
123 471694136
176 297608135
180 184719776
197 634967613
409 355642004
803 828941194
164 932478842
48 788085670
673 930856714
893 100542247
974 128908981
132 499353175
733 304443211
597 267322996
590 907713891
686 639971252
212 511094420
300 157739416
167 340029979
690 730202994
165 559669463
634 136013798
119 903178877
28 671190675
257 185806249
16 35730680
229 322960021
350 205545433
894 330901639
800 65261879
834 638819955
837 380364500
724 39044165
824 223331484
481 919318253
163 286900413
241 38837088
419 403254943
729 148308058
216 403367097
692 608701447
555 542516142
800 753002027
540 212387736
980 47619853
126 290603327
709 848178676
823 571108828
931 51874548
980 654652891
67 609175188
662 763551079
807 731630544
501 64596694
92 127053036
523 303561451
558 225000818
956 997424158
126 843795105
130 69653084
251 302900151
545 355355060
886 283942093
193 319256165
491 707613981
602 417952916
642 254748590
930 131405208
798 882213542
546 114473157
144 908285657
843 695661351
423 874512914
558 880886968
84 805005851
607 177913116
383 632728724
77 266957850
283 250085535
220 258772609
681 331217368
312 549809845
839 955578214
180 23061029
711 636457188
244 626373821
601 515025773
153 36817380
56 568578847
809 416774528
337 218765918
425 535868700
288 144939298
39 37204495
123 139651421
480 653037209
387 101031751
17 126210028
237 985578582
476 130866907
80 80155901
130 984624085
70 219970299
663 851893181
408 80938667
727 499153112
628 638356976
654 436237615
384 551160591
771 111283244
757 660340458
822 162796673
755 198704631
262 997692482
269 297186916
773 869240573
101 313019735
509 850624246
327 288820563
178 58591941
513 691822371
648 7816130
183 560669730
177 940018551
410 25950432
225 916201654
384 129429913
203 21305508
438 443732991
165 938440740
482 521916167
750 436667977
837 820058939
225 553612091
550 17460534
837 227429951
162 119035306
88 883889293
499 212570182
955 804260613
644 857685736
431 364475915
803 72881561
579 889290201
302 712182360
75 835328516
10 789315029
103 134903030
326 386571108
526 87427815
326 464570880
875 570432511
276 679101028
136 909619176
482 995679606
376 155690923
141 385960193
490 801513020
65 758250876
77 776019516
892 482988653
694 834450437
572 713860504
332 29270005
260 538971427
876 405850212
555 27826767
669 411024058
659 584096689
829 734116431
284 821064734
865 660181946
247 37728368
779 345139675
950 556185364
441 831515424
280 49968734
276 635831873
251 440978431
5 928966750
554 188730292
29 944888366
94 515802458
971 543680896
266 697024962
742 121888017
138 337877873
261 165222301
390 54684477
268 322865248
201 267476691
912 264217547
447 138243237
210 365371969
300 399672940
169 681437654
257 84465365
711 615909496
175 718442819
507 274113130
891 205952738
616 328323912
772 974303854
433 6871513
330 366414555
243 232277275
610 124767487
745 764306655
635 293144579
44 133484087
255 784546028
8 61566881
407 340711744
712 19764225
147 536670363
578 687308295
281 368196457
638 193851483
969 238661314
910 360657891
800 145088044
257 435555048
829 939638655
769 304002977
355 984023973
734 907546884
621 69335159
902 977995720
470 765840008
4 144410103
885 179432731
60 194489970
370 598876282
137 675868563
746 273211968
954 72239071
412 357051809
492 447484606
677 647157549
296 236118916
474 481264177
32 762617098
77 582140400
375 298750979
771 553985363
76 671537564
944 768688880
462 687520688
240 293188661
20 539663966
428 919571546
410 429994625
50 902563597
1000 36427372
189 462680369
904 763481937
87 601811238
471 271056669
56 506920062
154 137993328
782 488297458
238 838148605
241 957827246
557 367527047
308 257426451
733 91831962
912 528440032
760 537489430
630 658998079
105 98004679
781 542774504
11 539024516
859 856037372
435 622365526
376 107330537
319 118720950
966 543318098
471 308756748
613 516546438
738 434769203
784 677288934
957 670450630
63 995854845
53 927709496
733 897552732
73 234367921
827 18746988
488 901112598
819 608953689
70 714428174
107 707509578
204 547455820
288 436459010
299 140145012
490 927962479
595 520149280
70 708238324
838 915313094
623 253278599
407 495636368
880 814057627
598 43027201
152 856716034
64 384712262
111 32285838
887 543758532
372 842453162
599 757501775
508 585675512
293 897855221
157 810615845
158 202177912
329 354176855
235 843761228
556 400334976
796 146952917
858 14490677
334 323593815
371 464388276
910 17265053
493 930295494
714 289164888
649 109286355
230 882463000
429 296745543
128 789335163
971 954869140
633 378184881
324 65778641
492 27661335
301 799712624
871 527134812
512 70408491
27 960659753
964 145557324
6 959921340
425 836150596
311 487767017
252 171173514
441 492409503
624 343596981
70 918582326
543 426248897
388 825811227
334 479692369
518 445421450
97 696905506
150 726650017
808 569251054
375 162488917
591 31487595
968 289022378
796 289998026
620 387896634
621 568093811
544 766140398
707 773190891
395 319808965
74 341791990
686 793819896
51 652573593
322 51236368
494 114993485
451 23956940
575 961399665
416 978567490
97 393869869
746 825704544
617 810721653
854 76002746
346 218285003
138 29599024
284 908086059
536 384063433
618 628211691
768 276726799
795 719627307
244 537307395
141 625490133
162 288908680
955 37078110
81 241093105
945 92282020
226 709790895
453 389770639
556 25582028
74 814619031
293 110398023
464 76240876
952 419054392
570 793920518
745 373449192
380 502234847
507 381190249
461 462144467
471 129836661
123 626165145
901 988591952
571 593894941
677 436498053
678 902841961
441 272982690
11 113847489
167 350936365
485 496289614
922 223307700
655 4327498
770 138560018
36 628777416
925 148937053
880 715593659
68 835025775
322 43748353
774 853773342
628 551866892
680 693902658
155 760902101
508 360929348
983 830172409
436 982138667
940 947891573
296 400872123
996 832526323
823 211276290
809 876243904
609 603006814
660 178576931
767 700460973
895 738163401
441 119780342
744 536252431
187 417630992
996 477644142
803 57762665
218 590775879
101 474674539
725 478118191
822 676783536
166 809925441
402 150363562
3 779123908
254 176348046
968 405688363
599 28173582
462 450452267
64 858120864
297 470525508
391 851052956
717 502481375
866 987154451
258 676297601
457 207035218
81 971738456
223 924705388
266 905354065
958 422032848
135 750934403
115 883107597
393 3879713
592 861117320
690 888228943
201 721565729
438 573969414
382 385235537
401 968783303
51 861118482
973 559470290
732 617312474
966 498621139
892 43358290
249 211760518
425 920143425
553 930539214
390 568534409
832 381137414
903 483632614
706 275952590
658 279217451
924 408487750
416 254645725
573 916144380
698 783815185
640 606160259
945 8273844
865 298933175
722 378929398
484 322220370
742 641692491
263 448657955
15 72018470
545 535270980
433 645885099
368 270867904
406 527936354
52 613165886
60 878932466
257 84175729
409 36595950
481 272817712
484 454841514
675 108728035
382 680321825
266 774653722
