5564
857 372319552
452 346984630
909 52782906
699 518289531
635 718422905
879 321676038
194 153579023
266 569754225
511 163343154
701 988256100
533 101641312
663 372571669
882 159151302
407 116453340
696 86303368
447 292112994
986 254773147
572 503915091
7 35306886
650 73109742
243 652417566
842 239931672
293 535613333
324 853653059
733 477831846
550 273172886
552 440503235
340 433382328
202 815603327
719 955265756
676 949600688
27 844933747
120 446456751
483 134138347
828 598295948
563 996392789
15 850195832
508 83454867
801 910543499
3 303446598
307 688243884
652 438992650
792 412546916
103 795134407
620 962098769
545 106349913
799 698443633
453 347540306
635 894519706
722 240634272
510 354388641
133 104969048
466 33284564
985 24946095
893 931607030
234 311007854
321 451643251
534 571936861
282 403349465
924 609610885
284 536743828
515 449511473
515 940029408
559 843003322
219 801486754
508 819361027
374 981393897
353 92172198
700 704198546
274 331729761
577 49824136
211 386381731
696 179767125
137 597129548
803 102061397
747 73587967
270 67039701
29 152613036
404 13520869
467 23786058
299 573394899
813 46682505
474 972127834
81 164856051
755 666916099
67 158629454
713 692694209
775 829238246
943 551683145
978 983995057
219 323478754
552 187199199
328 242603654
835 681426703
388 632026480
247 487717365
751 925808724
506 714995618
765 855729821
261 938077299
862 628095253
476 693298777
721 393592883
815 145502240
668 202250352
952 47103385
672 345106565
144 91973659
822 33662385
86 463709919
480 183194912
269 124340796
481 195084705
830 870385487
8 143015122
39 758585253
974 229108387
82 601448505
119 653732876
753 171475451
774 761142564
96 298975025
643 660545726
930 86255759
19 618064513
929 525075317
776 732486417
281 884327225
193 367829816
888 879926744
918 361028056
985 469378053
973 921065546
14 998065538
848 213635923
539 116066781
849 395085419
167 896746430
957 991749542
606 904911344
692 407503363
90 654178923
58 248329370
752 720459231
373 488348907
869 737911511
19 4985783
886 863976720
86 65909904
798 123621720
117 353608690
599 41832920
534 682423236
53 87922143
214 470357259
962 43553299
922 914485975
967 533627273
265 983533693
511 162862194
516 97940868
691 312548657
177 62056120
136 643999451
826 341441550
600 163674860
166 716714990
563 103058221
970 535480091
670 84923123
816 635588073
737 218270286
97 959622496
353 827440776
153 651863973
36 973541675
896 277093928
571 442520150
657 31108829
355 199120478
87 127072485
73 901510226
398 840074020
890 3600713
480 211446340
770 878120258
812 579969242
628 199268133
513 582571546
55 869790082
585 739133669
267 509183818
59 382278971
340 642066669
998 32317817
843 945965788
763 886110403
787 990569053
273 503994683
512 799024851
664 818203544
825 510462320
836 670598744
798 700913143
473 686631111
370 902517812
507 53674142
187 973885838
908 663954592
492 986078062
704 455223469
569 479144845
604 239444914
683 793904648
487 847180085
835 159296646
696 606680650
328 182455406
290 159648433
647 68819336
747 513079743
481 149514028
510 748480016
131 104594715
795 993350456
162 789381256
377 483091948
296 254984102
940 136269696
253 864967046
102 102152210
312 626367164
406 272967951
671 681944011
96 255814823
555 129564120
914 680588740
467 62455620
806 830247515
548 577241347
624 609597466
498 720092040
520 431859802
374 307145397
914 343027631
377 833371653
29 454275002
820 86951280
455 281672332
52 733258995
761 316590065
574 371311219
772 987848499
959 243407568
659 830499274
50 195000286
727 250756444
810 603678613
280 80945433
893 56164428
970 945942616
292 489719043
465 5394800
994 127721060
34 571315124
105 39519673
522 804364067
60 504704993
131 953551891
608 335463276
227 294942377
117 375749290
864 80109399
848 920502553
914 721761453
971 793112675
943 38246386
160 40608399
696 114187263
416 199477132
308 6713974
161 621934299
247 130632737
467 610031286
628 125780812
711 720846124
377 37019554
533 539461856
675 699751651
41 906385851
604 96210369
312 289261428
427 932552796
834 241732200
337 956317853
8 902255865
714 763726604
204 97269332
911 129165410
890 721565686
839 722513176
712 161778929
70 49755146
779 275488513
916 414912333
829 784225779
812 394179755
549 812219557
772 30928785
99 80601422
171 688229853
580 283586292
693 872833609
909 330540559
335 638167226
644 802085339
690 846369854
916 172986799
899 414744617
779 212178549
481 647660555
501 873197302
27 131086282
870 299787444
914 637487637
437 588265301
458 738641309
490 626500486
791 427475278
576 189716877
14 393100899
796 99330183
404 219074782
386 153049166
567 102006144
941 199956541
742 864581995
755 624286414
575 140421748
639 298751650
383 526394093
61 470700198
614 425576354
949 625332462
316 944762381
104 412994044
680 137570975
92 641104467
484 787968134
890 607095283
31 131750288
431 43278664
733 581302322
888 46703602
753 117696741
86 110545011
574 689232202
498 380462597
983 621970489
325 477656739
686 460510007
747 586075593
605 993465781
364 920547192
586 110426380
636 112873459
116 294051416
7 848996399
830 590591887
388 687885225
558 574598491
600 238112400
881 503592646
868 117485706
985 944929370
340 194042949
661 269036653
409 159135567
539 659559615
438 387325137
898 746395635
170 391525071
337 808044051
596 999627543
243 89947840
526 12030605
843 958697145
941 45410156
926 62028326
776 727142177
820 938943054
775 697056534
508 78347099
222 415839688
10 121050174
795 305598542
277 589390826
351 296894918
705 213397048
10 482195526
458 466593736
462 136523833
875 226331421
499 675775543
654 35454679
764 708003874
729 251452464
986 456153802
816 361154784
77 997899069
107 700906089
46 381126668
93 399000072
987 18299784
300 417909930
925 236157627
344 951458925
14 671340843
952 832002536
909 266261745
975 599456711
80 830766815
33 251010184
307 459157600
898 832855788
99 420378036
948 84628705
814 436925360
698 530641887
601 830646656
572 844167662
621 764873542
356 984079826
660 25197184
607 859432488
419 137947855
867 1069976
479 593577950
606 360548839
445 159666665
429 49334830
460 74527576
307 111926379
291 705520815
175 60994325
535 877951811
441 266867518
84 686508934
433 543789263
302 312945361
542 279051308
643 230814681
911 309343324
669 912374696
793 598453113
274 141983797
176 308995054
387 483274537
10 423551351
613 322753636
856 847406911
937 568034428
588 123118160
619 549109822
71 521002013
43 466433205
654 809455434
279 834998947
776 267558444
701 424109207
381 42804154
931 590210484
351 887577221
492 570459673
153 902666048
575 418535699
215 816297244
500 25340103
124 394464365
487 747544708
186 920087373
860 24811596
867 16213269
950 165718901
354 73954601
253 403637700
50 578091630
161 760805452
865 780270646
815 992605975
833 554552669
47 640362736
217 381071671
360 561994450
270 378900434
357 31880991
125 85796674
979 563368737
558 822554706
213 994360384
840 724973673
328 467055838
152 310476751
418 207053024
913 729398463
216 659466079
533 421227360
506 104857247
245 322561485
739 184936649
954 66084788
843 811252249
533 576968491
192 878630799
356 921832253
824 875516984
277 786362579
75 277580665
267 104777134
701 8049201
171 205857271
627 215883009
581 77073109
537 198040731
27 131806597
846 678184922
150 861073222
707 699851142
816 532895821
189 299392189
444 295157731
312 781253867
457 381852847
252 354882203
146 73001807
750 479392031
759 883045670
455 560923352
568 85750449
723 845557473
57 602763703
761 160303471
156 604980984
734 82409595
68 263664096
555 1304480
900 888794084
245 984471386
276 888456890
809 957477885
309 405652984
816 577748704
393 345915753
814 661858439
477 279062746
366 777385242
425 575139113
762 715071814
845 111208744
882 446546912
263 229010017
638 212190496
530 92728507
906 111625260
913 753152386
586 124265406
577 423828661
463 330623440
677 602560001
587 621530625
4 41062375
887 144207862
318 20138449
233 671728565
558 444575901
822 48697850
562 55267100
574 195608236
126 516180285
15 529812567
815 415823852
761 609004944
54 238490007
683 622195300
528 192011828
277 917297868
71 342525327
390 367861308
468 713202377
32 952908525
771 463009811
406 508026309
265 599364275
381 54830478
809 715737508
21 79034287
386 822913523
365 982609711
263 574752176
684 64830859
131 742362641
146 712101475
259 493255997
692 790426358
61 206335610
850 620428826
980 604181841
548 592942101
453 993215225
922 818096573
567 92998477
238 105247940
605 92916065
375 35322065
366 829993668
796 151604187
805 515966662
858 610176139
874 97020329
762 66551267
516 986350601
265 835849377
589 582877507
281 62669797
467 32426890
499 420916455
401 628794614
222 140182253
581 98685015
37 279846958
387 319153805
165 260949549
126 647379391
634 979926881
705 6679510
71 528247027
30 126963807
547 335133269
159 455594611
350 903846310
832 942235422
509 687243817
874 295462875
648 710011437
752 103097360
505 530874713
752 136358541
774 327004375
384 430867871
946 574739196
625 880606682
534 964384646
431 545611973
126 242341253
307 849251293
845 415071464
458 225375394
642 221961012
800 229431767
669 935577687
378 254301169
866 218021682
759 198077001
942 274685578
790 373640483
77 81487904
200 433771789
611 468801953
364 535841426
317 86323507
503 556816527
156 369758777
605 35398487
630 500369456
990 66524866
637 10446549
242 38368294
662 165345025
65 866112878
453 136310950
175 295059436
655 250286708
943 529695185
8 53655414
894 29645127
34 523655297
727 699812392
817 931068243
69 632571428
271 34408809
384 939617327
255 363522141
847 790721103
279 990169158
260 441534088
358 698641113
901 524498354
207 384258167
846 369732552
825 793091967
200 286244522
836 627017741
662 670022186
703 348605034
685 821707334
759 462520611
19 304010253
323 542163105
70 384120199
801 357804276
226 704183536
678 658445095
832 470427150
727 146453054
757 696451275
845 154684867
656 157716760
614 82056695
307 349263323
271 119463797
341 365012691
365 39352645
437 891682331
660 762625944
796 277150359
599 442262376
681 541853165
848 208688449
347 131351647
319 427539793
464 124100082
288 812634293
223 600325670
418 154765626
390 267646258
792 679579629
920 160752586
671 879989093
404 339377677
164 99693335
181 704210914
327 29715724
350 305740495
154 573677751
189 606726017
743 202155139
389 258854144
157 188530508
770 632501663
202 606090843
671 379570017
383 34322632
998 797223000
633 165054350
915 262869202
622 863372547
202 377767798
359 246902921
166 835652334
152 441035392
727 496580481
526 227224363
256 260403657
238 142102706
962 366655668
490 833047219
131 891460307
560 590368957
729 701167870
84 24823106
731 983726522
75 807429107
480 197345023
709 774857157
553 789683093
328 421587520
334 352760463
950 101746130
774 916257749
675 34097413
675 797083256
651 578179660
266 933748721
712 538789014
981 970880494
475 572182621
838 406609549
784 121830672
29 443718114
138 179658545
626 943523228
144 605296358
682 809897987
143 785810479
63 250020199
41 520288676
535 367896536
308 901976364
866 327876577
209 551626799
82 634922821
518 108014507
524 316103772
936 574013264
57 239228291
775 557078139
899 487417189
452 27266693
660 78612536
637 227128671
187 15541138
821 970848199
259 134471034
638 999506057
636 532965654
997 608674265
482 111897082
618 20048811
487 724962892
683 233207815
563 939534268
378 68220158
931 71895137
230 822436169
608 790793695
192 702021776
228 971564659
394 197509001
306 868894303
292 603779648
214 499981931
678 267000732
390 135866484
510 724898023
162 234317872
443 889780402
443 616158849
556 305585117
442 815293603
376 485100848
597 228992627
516 117133
26 72636612
318 782629240
592 945904780
919 192386585
181 287808496
514 88752778
502 415383979
919 220055754
74 320698137
295 294103931
9 809586571
957 288738723
716 93157381
858 849025443
795 824269890
730 941274237
649 367491256
655 96360800
741 96881737
583 851365490
937 979301759
710 651916002
591 57753060
390 687855396
823 756304485
830 256960272
208 759962432
761 399913261
773 162703620
583 639276302
353 669502667
695 532221196
443 985886697
113 627483280
834 48797472
191 146451510
947 83769572
611 640651245
244 28281762
375 898231098
743 873309244
233 278707766
400 757347006
225 56026244
805 458980260
88 433309284
814 716395747
309 580368952
234 543415192
647 857004904
211 73755832
2 598381268
757 985744776
598 92469734
105 192392370
2 172068594
813 566215172
184 725811751
95 719103215
170 746765373
128 915529222
284 808855141
180 966524170
509 92445532
201 166864474
267 781623024
122 28855681
399 975182605
480 927132430
136 929222480
460 529239276
327 82108429
9 297577254
782 702690754
840 727688769
211 870992457
59 608085406
530 660091871
316 465924350
903 537053836
930 95829744
278 243726331
478 56538784
521 860511686
94 263047039
699 476758335
30 299407989
686 343151052
431 403991850
590 399235544
45 461572548
269 657622761
280 890222268
166 190080136
697 416034023
252 971579975
186 966435214
611 520271448
592 672173279
599 381483541
731 11178974
898 693020259
692 605522160
15 284350724
305 216704033
924 981889087
551 515893516
721 615780573
616 189601818
948 90939907
645 474003845
537 735848606
218 89060888
951 467262928
373 65325468
619 224360282
435 108447445
42 686725979
714 726086619
341 854588061
868 271742520
941 644146623
172 62942693
133 324985282
127 962216916
578 813719135
665 992941723
20 144229046
96 528811490
975 587617638
650 398303446
468 226954228
342 935366306
235 136497134
603 382226634
47 602308117
108 54103913
109 688514027
331 466270759
875 675803063
112 273582607
352 145810991
711 701904799
69 47755129
437 88372333
620 463580170
443 405515760
696 274008278
422 763165247
55 831410919
851 284283652
793 137536940
248 880292371
485 450297774
504 14590207
345 786781494
111 605114859
762 859268214
145 625538006
80 521978898
936 93864010
981 741729707
613 716320661
779 749881544
310 432677382
468 177295909
953 539084523
775 112394698
519 91518397
436 140007863
157 335029258
699 793729125
912 636414206
822 590200208
563 979886828
264 559306123
153 675060797
379 213766865
224 289346644
292 789094769
122 770185233
349 609999516
745 221280895
894 45051901
869 468640292
461 544366291
594 284634386
84 211026594
31 479294081
390 201636480
869 853015980
451 148215187
154 304748970
305 972183295
174 631435975
561 85603697
384 504576679
281 653445771
375 835040262
58 158849435
567 703712474
701 684436072
818 77903999
658 537528357
514 899182029
114 499814716
364 481132550
853 924881133
903 138521870
978 425841622
381 712711836
896 54189077
960 298806168
784 496708850
860 621006061
804 66188939
986 397308128
855 791180168
841 690327249
888 920018008
321 769959940
169 591605403
772 942467258
968 105255715
835 462206160
354 45577813
477 557982628
524 523491771
393 25491387
207 455458782
464 663570837
995 966353746
438 671524756
409 188161237
190 995575148
561 371363074
157 755929207
714 893216557
227 106680795
607 185453636
866 177270197
795 325176389
66 515709273
55 204741698
535 205291112
756 713543801
696 291736330
225 812280485
604 338875211
997 117832885
824 316055571
85 30858195
655 538436908
511 445966905
799 577143845
540 743203476
543 391691309
56 493500777
901 993332885
927 841411707
401 281857011
557 717093729
108 598501753
890 695282884
307 82770643
345 831407783
340 205165353
776 583193484
994 471525222
185 622628829
100 591704141
315 23557016
497 707169024
372 559036473
619 321643390
993 196429890
304 549338019
461 66327300
794 900343263
999 415889732
169 575046575
208 781353549
757 863966614
522 524294019
726 869717818
780 779804669
702 738678274
963 668665644
994 758973402
527 789451256
45 721100373
26 201073521
61 443452127
377 3521604
775 181726293
206 939995891
456 375482211
276 711006898
172 130642735
126 36419807
136 873572862
567 106032864
121 861237920
389 132759923
207 343201764
904 425410002
489 539874467
780 157181924
97 919316274
709 204053275
842 571041635
911 890346736
763 307026396
230 657370286
920 883647863
274 851381892
296 16109276
388 178318137
491 701776382
191 127547007
306 397415346
318 260553808
103 871109467
578 706082331
206 733183156
892 383121213
577 479857151
575 573853443
989 311168742
582 723005315
424 41941640
660 227858769
631 37845894
324 991632264
582 412958977
824 510000315
232 421896336
471 296030860
927 173641271
124 131188854
847 501662548
184 57686543
101 763628912
487 690107975
24 313099202
317 664674438
269 470008639
516 122286165
824 427239687
552 523989014
901 402830567
617 674258855
310 497543161
177 383118133
26 744528499
974 521227760
65 437132777
204 903022619
419 475051638
131 538259934
674 943068892
270 258356296
235 564873798
303 523242365
175 762140364
371 578803356
488 58249145
736 81415455
268 903612898
746 19829673
942 879972305
50 936273687
532 342161086
923 947262950
919 500300719
93 112470526
500 655165571
118 755052182
587 46447545
457 897061801
434 871812187
200 619710400
208 245585267
212 207088175
145 52492334
298 682631503
982 636018474
320 618801465
968 12564713
443 195447638
841 590623025
440 719248063
842 715706234
580 105898406
765 379833545
361 388523909
203 944118728
829 74522701
272 139666464
262 58070503
587 118798391
253 850725152
813 185849526
639 240162928
215 326737984
866 131208450
499 821283632
692 430589476
248 171385747
762 760957222
327 832766314
740 554912966
564 342747006
377 132999093
870 112970474
278 181436196
946 398688965
190 316811676
715 845407308
832 803993163
349 737119733
401 591634464
742 683257199
852 70301382
535 806239607
564 917487377
993 62058065
367 892467537
388 174511844
46 71345207
915 585842992
746 787814331
701 218113380
476 813193335
220 918494983
579 630195873
686 86789352
697 441310947
940 271549514
387 951145752
22 901617872
283 359847587
23 12921489
519 357175978
766 856193649
976 743083354
178 141453532
357 555462319
426 242317449
5 579722854
710 42694377
652 1024870
256 875396620
652 306668835
626 533309535
797 351970882
887 253665293
470 813790932
464 32831907
312 507546763
966 844576433
69 406666978
988 711513643
654 233239163
618 308640925
321 889065969
199 752316857
852 757199928
145 527472330
41 867508261
129 263214056
722 577179625
850 92008680
956 142195886
760 293218622
325 547546428
37 96231810
638 937190697
81 755339376
286 753376133
309 965027320
182 366205007
888 348045730
846 656950427
89 777373254
425 843565420
541 75590916
995 363053383
960 99624379
585 17619160
367 720138345
402 125370870
566 13017746
49 139280658
754 469833998
380 356664440
522 174503962
560 984413296
456 233866794
761 166639432
586 650072414
80 10280796
426 946815106
204 769048685
552 588441917
472 457209177
642 849707971
115 746597763
297 811009741
52 60217239
257 505069149
852 133557846
570 432532592
123 969611548
332 820320426
710 869086376
325 297939370
623 11322501
406 584389356
36 239856955
928 301716516
356 935457316
161 534686742
651 842148141
699 623539067
887 80348091
618 548494414
420 646706425
438 551502020
449 304926061
809 312430735
678 224514572
758 444077378
645 142886590
595 8416968
546 759332629
553 38513322
10 997784412
938 284645549
323 418676152
288 109627948
189 747328832
954 238874460
383 831070307
238 92169038
311 25531269
948 434127238
125 415668269
234 105098044
164 707982273
485 94562355
654 629240427
577 99898550
626 836350977
672 934152906
104 681729678
850 52292009
525 612396441
513 268284590
394 795726355
84 101587458
629 167106138
267 670026524
451 513072760
719 14838208
742 129553897
895 121778602
454 40639807
423 874223278
256 301573422
390 359380744
584 358641500
447 388020376
842 618955763
776 50435403
127 761775180
932 514456186
933 724449397
390 240675528
186 906992762
118 107471317
608 702255200
745 546267334
903 266133920
82 400871531
293 110903380
479 240182737
61 536561344
235 843713132
925 452309995
724 638546923
238 883439123
743 16323723
201 486887097
329 192266922
337 402252422
288 300251573
601 715681407
680 216921352
933 252993376
465 201675341
313 597341493
583 622115990
235 219341555
498 573993767
963 114853092
633 56833232
132 385936048
370 254766374
813 706983091
617 96118835
422 50412987
360 758229778
867 937897772
803 520391934
549 516702991
655 209244462
156 120405658
629 36484249
816 482254534
654 145502359
877 46989044
45 964350357
510 492969395
697 805120713
553 109463644
851 318234920
946 635140193
364 907843878
619 484844196
300 881747766
302 803495683
768 427578365
822 837457221
138 105659338
238 915330409
852 491950814
819 479950165
444 264242884
497 60709287
1000 302304320
893 876101765
395 355337161
438 25887693
796 326532100
109 411765330
617 593950269
202 988575505
315 320525512
162 357856502
75 601444153
837 829578958
939 74035247
175 953602411
82 398647208
59 125512153
655 159887545
249 634892780
307 124432241
944 653362161
745 104621077
333 722499211
13 322386183
881 944330212
932 780067559
187 672374624
952 813663885
399 146580867
220 242739527
969 613194895
259 995756168
695 865379570
254 754039584
647 701061576
660 127135841
800 684749360
96 530103488
905 641018432
907 512431105
619 863637620
94 627126026
145 745292284
678 197283309
420 812025484
92 174470224
498 776965507
853 546134615
935 613148802
853 467533359
33 988580349
917 683548529
606 863755866
859 824696255
360 585517008
202 327544028
261 67217818
776 402173606
70 841478484
604 782687882
269 170603680
843 538209309
593 727193640
92 55953384
350 975455793
876 540523710
230 131814631
553 604198097
454 600630146
266 926179033
216 503454602
213 112274976
963 14746930
32 189925203
655 837445333
520 704323134
730 985967550
566 520282419
763 889227437
104 60643755
458 443323992
166 316799941
143 713111260
956 247154687
260 840815602
302 713796782
910 349382381
807 316263573
527 295018773
787 849264424
370 335746481
518 47094965
182 725468448
639 627665760
751 639817284
266 348259078
731 205304672
807 967093994
974 926938117
18 998180862
227 62326610
681 905941202
6 930247150
949 744160918
830 968541188
506 277912856
286 394778382
332 965770606
215 787966031
495 824694442
941 148920970
428 4154985
663 152485825
232 898485582
165 289492436
760 536776045
647 66396165
142 504007476
690 289907407
809 768379743
703 821569769
609 61406803
897 683473555
345 458241641
15 358498498
273 29862948
602 863413883
783 906071723
35 735486537
990 614302729
884 478826287
495 496334212
991 505311712
470 416656206
135 617835648
51 822405866
555 813140190
103 682079409
739 713387088
74 975939051
209 871416104
429 873669433
671 128458615
732 182610321
397 538572349
753 754995408
987 646975383
885 853058996
57 641051445
697 936269835
988 431788554
574 727344329
999 547899113
501 965557398
945 983957354
695 88132413
437 470616942
444 317225140
88 146134101
412 487205629
738 180955737
323 852114014
440 390184261
93 7725222
181 352623231
240 833171005
706 896408921
843 589443366
948 876915374
191 60298861
299 757847602
15 680070639
641 364016521
922 632679726
463 634373496
791 707661274
702 24135886
205 127379307
611 639927219
883 61299859
57 892829261
502 389634447
448 736083812
244 113406295
160 31899056
396 169946999
966 341603719
6 918655784
713 358608979
872 945489513
87 132332596
59 540708978
967 137330206
482 197339656
247 853650556
876 554325875
133 90975921
730 497507904
620 182418925
267 396550384
977 856165696
629 9818075
857 899219645
71 339695744
775 733893833
29 716771992
63 514738926
495 154474847
563 499231389
979 51715848
488 733612541
818 583969285
485 198526849
601 298137446
71 39804486
870 690028709
85 294515591
589 888666096
961 429499619
609 357119334
196 638920677
846 399116408
969 706539821
246 211422646
982 58536917
605 850280793
404 185846285
626 565914542
588 285041849
969 742381623
969 390611434
546 701141371
402 251270884
443 657426564
797 204272344
649 662670452
170 125092912
878 497296586
204 90763988
730 662111419
761 791639606
864 116976926
22 235851332
67 163720453
765 151311587
515 608714998
192 548756386
634 113645479
77 461353959
829 682798878
41 340925084
552 13361358
66 616224173
917 129178180
189 337813281
7 134926218
153 597521570
26 472383674
606 949070197
24 676504147
586 946532243
766 396744727
984 261452608
819 633338032
122 324119433
880 667947226
812 512695173
568 693212007
808 247100365
782 990997240
84 11988265
249 850645861
279 695319277
553 610366899
946 268365400
423 279508023
326 244145778
69 337050156
133 619018953
204 924829495
463 980466846
615 580993974
846 567941212
413 764864477
567 736377278
859 421010248
29 176587386
228 361686756
163 900344918
428 760991782
678 716712492
825 444444849
169 835550477
209 345500505
460 83944473
767 245471299
938 142745965
998 111389728
533 951311446
406 949439313
843 447078828
934 345227452
560 950006163
976 866286864
810 121799455
1000 981724664
247 864344505
290 408972449
772 347885056
58 148188300
109 452466133
368 739833199
171 269899316
778 692987624
308 583145203
63 362747937
110 615203846
575 343616863
335 274262393
852 172680260
609 570005739
350 884065206
259 656939586
15 774879467
888 358061926
699 641369142
494 281326904
796 87416161
657 32888652
21 157687647
631 242500567
589 33686359
264 919468041
525 819200785
303 652932692
792 240610974
888 693493081
705 77324552
884 190372927
338 588967071
901 178677470
736 418366197
535 402112345
624 958554609
669 176732650
891 876214262
104 510415609
308 518847461
366 866805380
523 935866306
26 909017592
826 523878359
956 876118203
411 823835409
772 650523164
721 865775683
845 794481021
175 481174657
603 198270043
261 956938412
894 812646387
374 619582287
772 298506961
490 438776286
429 912288313
526 805777194
839 235516669
275 527088953
775 659323305
17 452994882
270 757617849
754 837405542
27 661098573
339 669429822
355 221090932
130 373213704
316 276764161
327 235316673
260 49413990
74 68022206
918 710605676
770 295758884
180 912790673
541 352471075
782 266895219
547 102971815
755 688324386
12 147071977
43 776240951
934 76003566
881 67238952
469 229547312
113 81756284
477 673392015
654 443175823
120 107988477
390 469379630
318 297857056
669 296606030
449 882249936
790 366983429
795 150739184
408 267511576
832 20900417
768 338848314
608 30719973
359 644755738
219 436956040
333 627281916
760 659677158
881 130852076
774 987894512
739 648446928
631 368700793
703 155811581
795 571592498
853 388375004
103 139437758
265 761731469
943 859739809
114 277438223
260 429046857
434 244589914
939 212021046
38 514715853
408 215923315
624 566162910
783 954421637
16 776667409
180 220640730
118 285255098
190 980379686
305 528226401
14 505534657
592 903096235
753 88828120
862 512729954
704 727162451
850 913332319
19 173793120
493 286986665
413 892038621
116 310569440
544 434783361
482 347313561
263 891440622
588 47738120
86 567625257
717 717936002
709 13167953
525 884748596
820 817357573
549 589455348
831 471198807
466 264532853
307 804922695
993 989721804
218 536717010
314 760667994
970 949315011
175 713789726
10 68849853
379 810894418
497 346518156
462 700138386
880 68607387
740 42968980
411 852573964
261 562757077
879 956054399
712 123870189
238 488217570
706 623696757
212 906634415
882 886086552
939 919528206
885 756974512
634 124360942
130 699708922
47 469489883
911 643713846
184 663601401
347 655603241
969 63724221
730 764912921
714 611618737
112 271873454
316 705108141
517 167337366
735 584217558
137 802561747
829 104572544
797 296919529
659 217262435
500 314602975
802 19538961
857 120123883
512 907089683
492 179625276
831 662903519
930 967707929
746 769458213
634 463117792
726 610166591
830 672881097
529 982326289
853 622651492
245 89598108
465 36099098
981 116590016
187 769991159
125 471065706
78 80184967
393 432745392
552 487835570
740 279311979
169 974719657
184 34681210
83 403442106
787 163431152
270 122003576
9 733665076
123 309174729
372 595125414
952 342920525
77 378893608
110 886068736
800 452238176
695 416574613
52 999266009
761 268108960
776 834957479
624 549666064
187 592533810
441 648071547
555 269732610
510 953100479
663 344792021
969 743224415
310 970966282
567 795809852
727 534635798
944 300904044
248 429790324
473 844685892
720 395397763
860 390360678
166 348293362
533 993054652
340 922047184
368 315669407
648 248213957
54 353791501
376 85318451
494 303619511
769 405345619
767 336688029
949 350643114
60 971166905
14 881729295
346 30872380
770 835281084
572 163700506
951 614609512
362 117971629
808 305600252
16 438246041
193 923370850
45 115788189
857 178682739
638 164208219
895 422823802
921 480398068
659 219071491
182 387423858
504 352734635
123 70369875
420 555809895
81 464684267
613 430457102
673 778036186
199 3833441
616 751871235
673 473242602
100 262415503
698 801945808
183 149697439
407 35984421
549 313430612
755 942399445
284 165326518
731 661798846
518 445780334
619 873566106
813 816212803
273 633706524
50 661203850
759 462675139
306 886678803
128 159749050
49 82363569
926 513774973
117 184841795
969 312279761
806 94095406
890 244838746
109 805930258
155 148842140
570 328134471
869 135735224
781 886440972
844 667216879
130 610936179
252 55145111
478 24902562
371 427955035
701 564723788
771 558462479
89 533884678
901 433759998
798 140199903
72 477285177
899 655288193
762 671292596
924 179887895
60 207735036
246 333463435
877 431346140
396 975809174
548 854204666
600 831531610
798 611742173
349 342216325
22 571285771
404 125380488
172 325510353
5 270637246
237 563363725
553 248330091
729 374167295
58 815639169
39 457822397
486 995965438
27 678386831
314 137942890
862 965763828
511 168580199
473 76307648
211 97431431
649 438231727
978 136880319
626 862410133
862 788285030
630 585338427
200 5970389
804 639419703
407 508573568
146 111327470
84 940766900
463 395788241
99 705562485
807 36673360
577 445787815
751 357072814
911 342773190
380 531238641
468 746594723
47 669633993
902 244253091
968 314207454
195 700720467
674 311104355
38 28154395
686 814213552
48 106627556
225 903574479
539 838106635
461 138919389
934 521853283
587 837760257
28 19484648
794 665099115
458 627323145
87 470339265
77 277715242
725 20842613
804 637568085
310 75066711
443 454985341
504 433248366
289 118079343
887 296260341
176 524811112
963 858508563
129 618541500
63 127690006
9 55630672
77 208748362
104 752322978
372 653785634
944 54074426
16 429913476
744 1469341
40 857934277
42 952388667
487 524280676
445 636270896
910 276495614
645 656892511
508 471275016
82 454783953
658 559689372
968 86152234
937 652732988
440 51407720
967 122379167
88 22893433
694 191623899
72 782045249
295 194077619
633 13005517
439 18287479
148 188511832
862 902149605
475 322701983
59 747190445
727 981417439
813 367629398
46 866858522
63 914778546
367 839031304
25 398874775
614 395012039
255 375135654
310 388265288
728 421528333
499 207951028
215 159472938
965 734987075
591 932049710
723 628954011
813 967898046
206 255405758
184 44426065
384 290011815
327 51253082
953 269610344
321 256239712
569 484528066
261 203852184
672 840769361
690 181426415
232 729809772
354 373980967
173 444147820
163 828387192
239 507906528
929 593983525
113 154578212
832 218196016
807 700704397
931 124360270
626 264980118
29 339246375
902 167055242
929 65286439
879 678910759
561 847184310
665 206238352
567 990880068
173 577486060
743 624092720
124 115383853
243 774091184
255 353228242
314 422448190
822 701640422
558 980158328
697 63485545
316 951480162
386 86455371
927 769193448
480 169306730
338 679229665
81 107433902
520 805324398
548 698685785
479 644911910
327 994904961
52 110124028
590 318435060
486 576984131
516 417663279
516 392959796
889 848320090
591 592730654
937 411913933
29 400529507
508 528056700
567 303272442
899 74086928
933 963113674
115 466951464
644 41827288
690 34842114
419 341879627
854 33217538
650 54738574
385 40261994
913 400294154
766 339600216
707 160254329
805 540588834
758 115087892
906 65377192
83 495405371
435 579656056
381 642256631
114 11603178
313 973450515
571 899728678
636 90490194
377 519927359
543 713644572
966 709312324
383 22960110
341 772294869
87 852368554
889 182518280
283 261132136
192 250996142
173 344007151
221 48696832
561 225911136
544 904206680
383 527882457
593 146166529
477 986903333
827 736546922
348 554568800
974 698383009
238 602646109
129 453001949
233 850410823
761 439736700
401 339472242
64 822529988
935 240491999
903 909741268
674 966332107
994 75554652
742 767542250
699 871379826
922 470988462
630 143388377
733 495472756
803 879262914
351 941056779
23 76955414
872 467948884
586 355243349
983 816110073
851 897898665
253 386213209
538 155858196
237 375523642
121 157172067
665 699593394
434 387984456
371 968243758
427 667324368
954 731768595
923 899650521
144 361906495
999 304190808
553 124130050
292 470515026
895 735519738
939 603880741
755 532791283
574 949442124
506 505976790
276 735981360
20 38745132
50 513890778
754 612657490
444 266167693
803 315096033
782 91372984
848 43902428
150 176689268
940 666574339
771 987320866
445 935388339
439 948488113
584 996659021
544 333447248
641 997175041
992 611412456
296 226389770
621 297166306
764 882525700
77 787143446
231 242523591
135 573413806
570 14385259
686 323682856
188 14560820
808 300857199
501 670983733
68 845182678
847 88128202
247 640922661
650 16782798
282 864314031
189 930252833
740 733233030
282 60965518
816 18914763
250 369407930
329 664537989
718 451331782
512 693623670
754 763528049
251 612174070
546 861363962
511 746710768
228 729593977
746 540865520
436 394500142
258 216562986
432 369623762
418 211819414
179 436672807
906 375912118
889 155202125
718 100205769
223 48292178
970 188503572
252 413755920
598 176693993
508 627297431
387 249041866
250 38073894
595 166347087
651 907048893
892 853907135
315 755714029
686 253670690
473 29398002
132 931175555
970 884814710
3 310614413
373 828384632
250 73258126
63 284020623
903 152047858
424 446526822
642 100536627
85 755908380
110 328837180
58 269464027
171 795501942
974 963387002
672 382249545
674 24509543
970 340089675
571 920993466
792 474574825
237 136653457
866 21981621
34 173614184
314 618431040
763 849076376
334 995692308
586 858613230
17 900576688
341 273067656
745 628615151
607 783542049
431 681457578
948 124248887
937 107232948
108 709378003
28 603612748
298 89426423
832 896174735
292 516965653
202 753015863
141 709617773
811 617400333
849 433092239
533 386614746
550 186209897
188 550723980
69 443672962
950 172672818
538 185770681
424 621980973
294 568218042
895 508445702
369 658597730
727 460955033
102 608431394
21 168206679
639 87845572
654 103281076
668 221467828
367 105299548
505 956570621
747 69699639
437 928107944
567 830143367
944 723488749
749 696353977
715 373621972
100 714911698
750 604812973
724 111870968
457 510162638
332 138470252
15 474840637
760 239384524
962 723709305
650 101728070
690 276844847
270 231750643
743 106631103
328 115903178
429 477367892
33 383507455
98 378295573
750 454140629
422 813778129
48 864680509
655 297868573
648 126323558
569 469735667
240 983928965
335 44665218
868 110229819
456 275070368
225 697471522
388 227140323
276 62117693
508 54810254
970 832725165
214 309873075
43 355033795
966 237027035
405 962870597
52 872979469
572 549108357
169 11622453
449 632985019
443 292192640
153 829691441
834 569427503
984 542252849
315 798413621
56 567053661
610 290914353
671 733930499
353 640622345
735 226411555
517 922255883
296 44066659
174 870004060
305 563313316
418 917566507
892 171229813
724 860124506
826 690797282
151 137288155
972 120256747
586 684435433
289 554768649
62 44308074
973 109186084
871 116074449
998 784139754
648 238350336
492 1332492
853 108229877
726 356322626
740 781917457
307 727241068
302 731511737
918 344562834
819 130354315
351 579858289
10 656871388
877 603645401
617 311468155
410 398858291
702 817554220
472 687732148
639 841623309
609 697148957
497 182105202
452 31746692
863 978361537
563 838315861
438 850356344
663 338460831
722 767815649
748 367584117
759 517710085
337 621381544
804 355300231
730 100576836
217 762186438
124 34963728
475 548471687
656 807826931
528 106522981
129 839458435
597 113232346
935 728215350
888 925354258
429 743417598
613 90117519
674 852365871
676 773230192
495 389114925
968 219757872
520 470238332
521 786227911
474 836148879
631 219146293
397 419474310
76 418726822
161 4503878
188 322523412
121 512963236
519 992569061
27 853878502
661 655246427
936 85199479
980 219809799
220 101700499
150 485019924
652 607803633
61 95647801
686 985698762
169 994877539
329 489799447
22 915825957
260 110079864
235 814043648
191 954025851
201 173913161
23 721488157
776 327087973
302 656473773
9 749736014
509 89144932
469 565217124
880 259082018
520 868508369
683 250810804
699 860215790
586 735355056
91 215763824
313 955577477
128 554793863
849 909385320
73 798237241
464 793167855
542 586176280
780 715518563
300 327269524
886 673508553
155 766918922
644 471072331
804 610375467
469 302228663
960 813520703
936 335002502
575 290998262
730 582664488
608 549314419
219 439691189
355 593009591
217 477874582
205 129834362
977 165706676
214 377817540
897 735158771
566 31718164
991 473024022
143 862230039
589 20827819
980 111989028
923 674582902
214 821663723
872 138041722
632 714600763
756 654505045
464 477917156
680 322662088
607 391311045
354 309954334
862 706073149
855 205692413
134 684090975
529 589571763
176 147043
596 559183259
143 119286828
275 94646096
205 856695231
57 714849153
689 538328137
650 526679201
157 934701063
604 863473717
458 833818498
464 460594688
972 52292229
592 890003046
420 239488750
544 988211210
82 678649237
68 792572132
38 991917586
802 607198599
758 451890830
346 149083242
581 379237911
109 132397432
674 955333938
352 896198064
384 164814519
984 608038192
792 894617101
937 94431322
2 668000314
865 122845851
364 123359361
189 647975502
676 242838602
315 841601866
355 484269191
429 536914953
912 727163862
266 53950316
347 507374949
886 182644534
56 630293653
6 139530091
390 212520925
971 877547121
844 617924400
608 751687623
188 242787970
467 795883518
427 829711615
656 950985337
777 129423650
594 405346149
568 314637122
914 205324241
216 102334296
710 476166048
116 595135235
620 573391443
678 917281346
134 768426281
816 759820798
684 330917593
192 517286961
652 471542334
632 943322733
866 168986788
337 684914456
833 308934139
159 289945112
87 126237813
250 540003442
4 752427932
803 959399932
388 589888266
153 634766974
501 45085871
990 605991613
633 464656037
241 350881556
699 109900809
672 710826918
466 173264381
4 536393270
324 257102994
885 924383846
147 69689971
814 966677183
158 664280013
398 916495468
690 101656401
235 476486948
514 60238231
966 23146789
842 98273266
590 272712803
231 385789127
630 977669967
229 132842813
32 734749313
977 13034483
214 726093711
899 566811318
234 727861366
277 340383856
433 155092810
697 985721548
818 319927548
400 64395838
520 206471220
319 275650530
275 625767116
795 711607650
406 658754338
848 181622225
788 61943096
552 800836424
456 326732945
444 930164288
260 704346934
563 683156226
889 427299914
815 205436590
612 990671244
547 46904680
146 290913247
628 111511508
518 246593373
815 836491014
928 124335733
287 657085508
580 737121114
102 995413225
97 385816700
924 744522975
278 758641240
225 511375229
58 736389031
261 342893483
513 282542529
110 279342840
90 249694639
797 717923363
400 73800802
359 144556792
324 51825659
126 221899566
402 218116768
417 471707973
532 897468596
112 98339406
949 45591583
531 149276640
181 690947980
473 24027477
288 384916686
911 64803230
808 746842451
714 795997124
582 127306329
596 4216895
664 268175073
960 455816658
398 130583082
843 697085574
178 182124107
16 24421361
644 180581498
160 774894371
333 891147314
311 863989336
447 98280914
21 684945861
21 189183227
831 91073214
741 866194556
281 142956637
51 817705039
477 394238247
478 25381634
283 138505843
728 680476188
622 993546420
587 673029986
554 119931800
241 535661118
571 408782715
943 938369470
558 170110561
958 447615453
273 345014934
623 222829831
803 809085011
827 646538694
99 69654529
676 457742026
396 964766555
497 134397680
146 232317168
134 915696390
984 613366090
498 161761930
888 26432087
142 148241829
468 227633739
291 738437037
910 728031647
435 759455731
527 693842263
315 278330514
56 985726339
758 744147897
926 907888857
391 278329669
750 74903338
86 869859669
839 836542428
7 22366803
475 738438013
788 956045442
896 171239830
967 31246993
44 331545149
268 811961908
842 523702073
630 295179625
111 541452113
603 707517926
311 123867653
952 210679378
884 836440669
624 102196495
244 392964121
927 635576872
912 13979501
488 408651624
161 593589265
67 554763305
547 177581259
521 52696529
549 862903872
866 99719037
820 240850205
805 514382804
374 637888124
328 962271251
939 483187208
579 287184519
971 488041091
556 949532356
777 329238315
612 561398921
413 307826457
860 203517488
868 62311644
228 219104377
278 264283138
701 893471669
116 233738892
153 839780195
590 398958604
835 300407404
505 586334533
985 841425020
967 630981051
173 736864101
124 606334884
726 106820112
990 151887293
432 810279423
540 760305879
847 365597279
659 515101404
666 344976555
89 602698517
88 811072769
913 713216348
780 897230351
659 215093500
939 502451319
843 324004686
848 598718040
887 99628609
360 887014698
590 913536505
30 549194308
196 149197503
235 751933136
86 751699489
681 872119638
98 383838726
25 46666615
913 681243454
57 270949767
921 105411932
947 814278224
208 112623443
713 846818733
464 798267969
748 121279185
301 627309879
346 70211278
713 632587955
501 463322867
836 850477441
976 976675922
518 100730447
338 13089295
645 402347029
614 559708035
992 996854582
968 196203922
43 986195414
971 522991437
445 248034587
880 55106921
646 105502134
224 753216867
570 454502322
66 894463781
375 702041280
913 335860541
583 476839964
664 939590771
895 668749901
812 157207461
911 502257301
647 561221703
563 600444392
150 76645851
59 116548535
499 117326602
600 540676890
283 42453048
459 662626905
394 961754726
286 846703191
318 57076349
148 541499768
927 638009624
816 63817164
214 284473739
712 476567661
526 651130570
959 83486650
288 782176772
795 719158746
824 101698670
376 233864784
701 884632984
181 72690114
472 751132473
513 806660502
877 462860312
954 416771900
222 345592175
216 642282365
222 407593437
916 943507693
866 71471552
588 858087224
863 618287123
790 871587399
225 959835097
561 967665070
761 528079462
551 848928650
416 959287037
797 678810361
403 976255078
46 339287270
178 677825884
39 132897216
345 252820315
251 70348460
165 777424979
886 987008170
871 204811792
536 816091591
939 723092504
693 876401672
366 577448501
744 852915355
459 169836254
877 14439063
597 470132645
333 142247441
997 70586864
499 67001301
194 42952433
598 659044634
49 953445235
854 703389696
336 749198675
135 855414895
454 90326466
630 767664525
651 995395366
427 99431612
750 674287330
519 64078007
399 844281255
960 275179725
846 791014321
692 373465651
696 460262383
931 214806068
171 138406527
773 915166087
860 863192128
186 147651483
770 641928076
238 156940383
427 268146403
38 608821898
678 237830373
706 467473270
563 44089075
9 53394286
56 780976237
983 176216537
827 97854661
485 23237505
564 200601900
460 69491202
457 603859518
568 745001767
413 275456034
117 541362459
676 536115563
242 333270214
269 168070030
218 146099795
486 927451113
49 32078541
960 708669329
11 132202909
205 506703675
774 403410114
16 826451721
149 832049272
965 857598487
800 793731300
555 249835326
819 980908045
22 312407526
551 524034822
449 850141171
580 521368796
601 499731598
775 142098819
759 749506423
534 172907528
667 688829640
173 133350603
236 376282538
44 86159044
178 163830966
553 926289119
405 363023810
19 22988887
625 747009034
304 118805814
603 130536593
98 567736218
752 782728680
459 608640167
737 735013476
190 907953761
746 573918738
460 385430527
422 599446323
198 940542006
708 268385189
73 282277343
951 732613768
894 301269313
711 734729897
614 146834337
110 401906518
998 897737564
517 77165224
788 346251668
859 180261165
937 444345213
938 52318694
90 206892623
203 616890434
27 461790325
415 10933504
319 35564978
428 752742648
675 501768124
927 411685433
565 574627240
711 335892948
242 929447147
926 959270215
713 261482493
968 90376807
571 627541588
180 973604908
748 265538200
874 64116170
813 989378490
632 453174284
631 63137040
609 302611957
848 51096463
596 146760293
73 885213754
116 94728985
138 933406351
816 823909116
355 52259896
722 275805407
183 418127392
847 656594464
955 77194534
65 146340672
243 256210524
799 934164733
468 31944869
63 882150202
545 818464656
377 124416933
675 964393114
571 249237747
230 66235894
354 163621050
486 612819766
718 181229201
95 119262725
823 706802853
819 11976294
322 658545286
285 261115896
467 467944787
554 137756341
632 444268213
678 762444924
314 898256329
536 98014782
873 384448288
601 985581093
923 19207578
314 699451188
24 394342298
890 396322490
925 1494975
939 513609459
914 32880059
77 94316513
718 675252454
595 99746000
408 54054316
918 946902402
728 173666888
19 279752098
739 17980930
165 76581699
219 641465662
515 750055660
658 75165025
684 878170111
727 30878201
75 561309499
545 66327626
361 645477616
6 384975191
724 245098664
15 299370144
354 240947413
685 84915820
431 303145747
646 97469716
570 833054633
960 218916922
663 518249568
164 334095751
461 246037247
89 582427338
175 706459820
796 879444779
790 50928984
792 949354020
612 494623977
124 926628551
732 651871122
658 164546182
26 219874204
419 996216194
233 441312427
200 723090515
108 526363279
753 29598803
219 758081793
579 607363363
986 790735636
910 214229811
221 649208546
896 986092335
142 397647026
435 152022216
933 678533295
392 730430558
423 571666015
455 364466834
485 420697499
618 64769404
144 893815281
27 153121174
299 172192985
696 407403729
507 435897638
73 932125158
303 193827734
977 472886041
388 325607174
996 12553716
27 666410361
175 893283720
706 121291783
553 870093702
240 82418751
824 446810539
905 41051121
506 411191997
528 133692624
549 111703472
474 363205658
627 363155212
836 728303237
293 916603800
892 568361320
445 372876916
898 675649695
354 534610965
927 274636730
750 15186894
16 956757056
887 11349160
793 46747243
249 63904569
429 4045437
759 825622823
191 100103372
309 477384181
473 155305308
332 95766251
232 826161318
80 900145678
156 53879184
285 72370471
582 497415661
26 794675703
458 156290511
792 857724776
513 869669530
256 431106700
580 99650879
848 451363039
773 717208845
131 821882763
788 627822906
264 450751914
734 93550229
211 435824691
702 873290553
142 48633034
529 552741058
669 987708463
247 188216344
543 840087101
224 832898809
823 178106892
388 345900565
578 100103332
462 325870044
5 739196027
273 439888265
698 466600334
945 334849907
459 272139691
139 43174568
249 383877143
864 663439157
980 599892700
364 892431273
521 136561943
801 22548400
955 11916009
383 35996385
777 855532916
685 565552667
357 365829587
789 527522304
812 728106410
801 512389707
960 1737433
56 201577731
150 878314082
81 967051153
712 65068965
246 606176995
287 312611648
663 558450483
392 279915052
566 177733032
174 952617944
955 232558189
589 151063544
169 959555548
102 825543794
218 456160717
732 57305262
502 885718109
765 96390339
393 159293352
21 993629596
783 625836571
199 619427953
307 828945542
869 774215410
313 240718535
97 5035425
217 464433848
36 224926305
372 406419668
573 990642777
580 560326999
55 773227586
610 845506952
653 699543290
845 165342291
730 525411386
584 244843316
983 80146340
724 215635088
809 710000510
723 19974689
18 60114763
261 93452951
731 599221893
871 475074435
736 412976447
27 435179539
410 601138186
600 762002925
129 672426512
523 166009576
609 939792220
820 3507495
445 468086984
550 736604906
668 741631147
643 491340162
555 880659445
776 79515039
322 350513019
979 93815714
692 690790981
411 114609981
734 38559772
520 437939704
209 599012569
160 850866845
428 708654530
416 521576079
888 117573376
340 768591996
395 887093940
38 595165081
466 308874975
726 642054231
558 888417248
611 610953718
298 143763693
329 593263756
838 126250162
476 723488202
118 801215358
752 627836443
193 59899908
86 876815745
553 516987763
946 250842131
348 182231926
422 20289125
151 933946995
277 515311834
179 821835899
283 386876291
885 885224274
742 616981018
284 932091736
743 644167869
133 462773228
255 209803136
811 976975984
901 9348796
410 35045009
593 113954345
405 643484923
523 609753038
32 444099673
797 506510040
103 306981502
763 104477215
776 658840987
253 950786734
281 117901963
646 104889350
635 391961264
575 102523248
483 770774970
618 114453943
193 120027340
21 761597549
737 698835635
199 510808543
751 398481598
875 35807866
614 56061344
915 998144374
649 437024285
16 747512035
564 80914013
243 823676312
434 76113780
414 166340446
531 332066528
588 898815372
357 551175699
102 697338547
801 127451813
501 238789773
215 817485823
568 580937121
271 32805726
954 399171729
553 691368119
150 356399280
957 119602834
54 695271567
93 766044448
92 664158128
18 288677395
249 54183413
648 644390435
745 117792590
669 49303804
434 698370685
433 448669220
390 732417247
667 25057946
306 733707031
477 6076319
182 205408975
997 97276013
878 855661912
383 240250375
856 435445847
830 225155701
875 369513461
107 749613788
99 363953478
877 627441589
76 173511561
322 42703765
710 736358438
844 461873942
92 571195785
74 924069868
151 130580549
923 856895541
820 875283954
997 657913541
930 88596030
46 802887574
314 313385340
777 577967014
985 967040104
283 289781856
185 410822748
246 858693059
49 38935607
506 374090881
664 110098080
941 980000040
726 968208433
25 28099818
134 947650692
70 499772949
714 612564185
562 127343024
879 562276062
210 119547234
555 29415266
452 58589541
336 356057222
163 522532277
619 482531606
434 348772314
480 608752699
174 776713462
632 187271814
295 419013646
45 422289038
999 33555460
935 122844468
84 334474928
666 469149548
671 830270680
321 176150790
163 636237915
483 154446619
664 394683928
157 385431888
472 58764986
826 598512562
602 248503291
455 114848140
58 251254382
876 27787614
669 788304424
44 269456448
410 956785830
314 728559992
512 326389431
268 776068997
413 259648512
652 510775524
19 427275021
543 445924
150 282059057
305 38366864
700 510225824
358 325402116
785 869277218
125 747340800
372 205832881
844 919583121
65 53329832
247 307791632
302 35635557
809 335163071
756 647069069
364 240771183
599 847766890
547 817447515
525 689195662
82 98832852
467 638594989
154 799657577
841 41191035
780 396502375
20 861167260
278 292164447
368 874359461
601 163916865
90 292414284
306 298130100
87 3389567
829 493255176
507 248919572
645 989479564
695 151327257
834 32070360
606 650906257
21 307884862
291 53575433
641 52204944
304 887567701
515 465692825
479 332092437
865 335850324
749 87681266
563 699159080
229 468398500
118 416430505
728 756095648
669 939090362
161 180485895
411 900525250
771 185565196
546 530934971
622 16965428
772 876948253
694 697237458
449 666982224
137 21707973
852 60549597
960 133874333
472 400077065
131 55732553
897 51315871
679 360734407
330 8411061
219 772830505
663 509525240
76 156156279
379 168933673
109 70227821
231 696216290
165 280343726
405 369780702
942 962394865
817 294516874
555 379674220
17 244344751
206 195276503
138 603340614
492 852204302
459 442112968
92 975965064
338 211028307
67 585652630
730 814907485
903 843777362
130 895703408
2 848943290
197 343428275
502 48757521
673 36704876
860 436173658
190 471660096
319 681981028
582 544229813
872 811593541
173 136285428
823 64357437
861 961819014
446 83714282
672 85215020
958 531235215
48 354032800
680 949471123
679 913170470
517 764062348
269 146967127
395 193359079
770 222046495
626 197453933
82 303498825
48 900340930
844 88691031
958 688442498
37 967819661
56 136897109
802 420387033
891 41289556
553 310005218
140 478671481
79 284880146
466 624364266
627 170961615
557 81314482
305 408095074
307 419026657
990 953156172
603 921120302
31 888090442
883 884262614
392 823032530
712 215634903
402 991686974
703 194024309
691 970375325
339 973980043
951 774916659
438 277444022
788 562915560
496 446913890
535 837735614
537 123907114
932 558713416
407 32706460
539 52567019
474 57177352
545 68824118
341 722351323
809 212069574
280 85480523
163 18227459
68 965021150
363 840562453
685 297465488
289 731105568
167 674037609
970 457775489
838 621087336
911 904458926
87 272134251
431 566033672
614 82629141
732 541922983
580 723292729
258 58838012
105 55616599
404 74283427
105 499681683
889 767671186
967 777431770
474 573527357
309 545632866
277 712656654
650 88792331
206 801492336
93 195720401
45 378756532
915 586475868
845 612261058
53 310434999
300 870568513
732 346698304
290 721234693
761 535444005
270 198037605
859 140034728
78 415307558
759 832155215
946 390721115
87 122351670
578 691761647
51 80168089
962 409033935
404 773308135
515 355098687
436 290396764
749 44008480
859 254998154
139 338766575
179 88075738
222 676468252
256 325328108
512 46869125
196 74529658
440 782514340
341 17713024
660 586243385
198 378950639
432 867235894
266 223690741
10 232548026
68 540743996
350 398437961
675 219501033
100 807368257
906 595115194
647 253819726
774 331114591
451 422567165
807 485392235
589 91150773
587 325787465
631 772904983
308 393753016
741 716571183
385 575514343
509 142311517
227 552387284
61 740481881
629 132145979
914 695810487
826 506466991
311 82396616
764 329553987
60 714649281
934 137923285
690 841271563
541 341671186
647 758912943
69 965894143
832 913460407
684 59002375
873 380958614
590 987082795
444 220789465
168 313783972
581 356473524
827 329131756
50 412137083
754 664853467
170 49036244
586 750143176
424 347312246
760 361236705
442 958914739
782 687796629
343 171860224
98 20300431
409 701006687
968 765047233
859 833670876
504 736844256
446 374898382
438 475529843
681 598344385
837 484229919
500 69456626
205 495276650
289 128756885
104 849206799
802 625567116
591 661592925
173 602093648
716 531091649
411 183547227
918 557039311
468 884917892
512 23699646
315 621310114
175 314688960
294 613776656
429 40486629
949 348690533
518 571927422
383 736602495
535 3683139
876 88542052
789 45351984
727 456710342
606 448370962
904 308040109
907 872485195
996 27193837
364 365299414
43 991908713
188 907652684
8 978325294
822 552489191
301 337471277
630 726772398
18 538510750
310 474640252
384 958064931
562 420862158
345 808484123
379 619092816
23 443032130
857 570368280
422 543154779
774 534831405
197 92775465
851 987957872
762 561587057
877 703537600
614 674074386
913 114046189
506 960392260
419 353379908
991 604727787
468 729574290
127 433284186
658 586037505
84 969253339
65 778330731
826 717114424
142 973292674
501 189507870
628 709156481
313 57571289
390 213369186
804 126812910
390 480471806
780 935090000
504 265935922
67 520544910
648 194526668
882 382077602
215 20414935
320 28071894
745 848594227
622 397238593
440 350098828
233 2090596
482 392524992
11 102299177
841 602345556
142 877912163
580 225491859
110 809924991
681 885520331
991 83592735
638 34673053
152 502789244
842 714336274
977 14451414
645 661006670
564 686507145
612 854225848
836 332815385
144 884675324
775 328225043
135 953739708
167 405805574
707 921637089
352 928723286
671 798502931
655 383579308
31 56930527
722 287212017
199 544086894
250 866484076
368 199757184
83 320119970
667 705653345
160 13248557
914 340532264
918 713573315
752 734717662
304 953273259
489 115030104
949 146294885
995 298429209
646 148551495
961 166774910
310 673266895
272 15805681
980 274618513
326 124316486
430 284562208
302 512171303
103 335149499
819 151299536
440 671147382
558 314298544
133 632171111
430 436554955
795 984285177
252 181859408
60 604185144
464 10864336
179 3840140
412 120471278
774 541043959
629 996700128
644 189350974
246 239996162
691 260643842
976 598846512
901 933667485
840 242229446
317 181082778
619 780919619
832 860849098
403 592619060
142 781431340
662 105979410
442 386799931
804 811038690
927 818472765
764 351159726
38 380832642
310 408968969
865 881528862
426 75642717
787 499778587
433 922635619
912 846975687
348 618607199
464 62880328
708 744282564
423 66845394
679 179016853
870 340750603
508 346622886
145 40683851
571 661478337
129 349272466
666 957760477
664 126498166
693 93531176
70 618847289
591 274434419
583 589822831
415 848520801
708 356590658
327 504398792
467 538605473
94 878893305
666 349137750
696 432341033
709 28764228
413 436947984
714 749419379
613 85091721
479 95218223
762 954218809
863 160642783
624 356536767
917 142328515
584 293235094
351 30268552
174 996696947
61 283748352
128 312861037
876 167205923
247 592397468
933 379397687
278 823895071
749 237167346
843 831782771
653 960510323
425 397587098
321 588889445
753 710518113
391 42254430
605 561460132
319 919528586
113 313309194
169 413865012
81 166145864
804 577110575
815 770030931
246 589711476
793 10146015
907 387857299
685 74486386
110 580380748
234 316754665
521 38933009
144 910440073
480 533360958
184 87234313
223 282644740
512 996945698
500 619482511
207 623445966
172 847009693
127 187649249
573 933919765
380 410782705
974 908743689
396 804146862
141 813446797
693 555266041
214 298192473
450 728771811
596 171862235
633 552420949
915 622228137
325 292330615
71 81540400
481 289938345
97 286751248
840 394957790
462 228735232
769 47314845
4 713696388
48 608354144
736 94119829
314 862809676
64 793628152
56 550973970
400 316328583
34 878290766
910 516568405
676 488307802
591 36880694
531 405120584
134 182464160
937 636739249
255 939311017
446 191183461
769 855853898
743 128867197
545 303517696
427 436352954
120 489496364
760 642927006
434 658736682
415 255654216
243 219290854
912 922397294
660 250623919
664 63800624
236 100632330
496 813031345
105 744537336
106 379005358
142 633017232
280 779176338
231 748862171
789 282970147
165 120193266
426 361606114
536 480281202
944 585243542
956 85367231
446 601264166
539 632279920
770 942406299
772 220433571
878 777044611
333 900884476
867 742074427
427 643227606
209 805106114
549 569389379
699 676272090
781 378516078
568 453301372
367 235893821
237 968472132
808 261083614
612 227599319
101 8914014
761 471106222
18 496941000
1000 541932973
406 267595668
719 202842270
875 744707961
765 595392716
148 16900202
108 588409418
196 376605263
27 230077418
663 18881015
843 74613711
198 685339717
30 665475655
240 140029341
313 729485685
323 45829913
728 420598594
497 54953296
923 15068259
956 987903376
939 100682894
218 567707996
970 815471479
302 377603112
563 908729835
141 107252050
964 515101903
754 566205105
749 315828696
441 223296328
131 183848137
185 633983994
711 620473262
242 42507277
321 12050874
928 258116223
832 712948001
689 241875108
791 531605639
497 414890714
408 805387303
186 524528851
362 327535157
120 195216343
177 77943130
776 10527046
482 334071378
577 899288065
816 90892969
71 394647686
134 119486524
385 351375830
275 631815329
477 357149957
872 814340688
259 920933227
749 108469141
897 941322158
830 274471543
219 38318405
196 692822924
978 585285924
258 877521970
26 548763490
185 478165664
105 178826211
835 551824151
906 572348583
833 405947664
554 212921423
924 63813516
904 606915947
42 142244708
487 159844266
977 12993679
906 150766964
340 82243890
795 993504622
679 637663490
222 706427708
272 415251406
510 6267696
727 307729684
64 103149907
695 350815852
285 467379121
654 719355423
462 84298352
877 87827968
885 391201719
990 235726021
160 880746516
660 351711627
283 620315792
159 83749971
946 466215150
137 352559226
570 112121620
917 928072216
270 727587994
645 470999113
352 752598442
617 493310772
536 194952465
754 84091233
697 698770438
531 234194929
457 50859465
732 175348137
181 206168931
999 359877584
92 862572269
82 811517325
722 83830052
476 363815234
283 371833469
643 150024437
309 310832158
225 764783176
147 406279347
71 34384172
11 33846407
339 692383348
638 897184687
674 609668280
478 112202921
338 110686501
778 114214069
663 613740092
241 421901850
142 348987358
290 346275967
674 688600804
185 32528785
921 103014981
3 635136234
951 837390761
87 102652872
648 8863937
136 432844838
430 877783630
207 930254384
317 175757828
546 27153805
117 144861372
917 20771439
899 306254148
717 510220381
111 820990649
983 119577383
845 13114598
579 47995259
865 41362973
946 545781972
72 870365437
446 986211045
987 77307911
458 919018834
392 63679589
999 796013502
63 417081225
965 187359964
85 539326031
365 441893528
752 575311513
709 961336395
257 718396007
772 657132755
678 824266925
918 330860869
609 914236598
814 462046295
39 426025545
250 336061792
391 716073079
564 505154241
495 143062471
167 593435405
919 244561384
246 699294267
220 895674109
893 418675964
409 543888666
687 261514770
356 885984852
163 633012058
815 541117973
951 629070010
273 508820870
864 162318759
763 144616640
252 491774982
615 851317047
720 796613136
542 965444200
910 972147294
866 164987684
876 52019911
922 69458991
374 91903905
921 827682453
968 327556004
375 556572172
352 959748844
391 242065876
734 962752700
974 64945791
570 529905363
91 803634774
793 389192745
832 243463127
313 472443776
891 680850001
942 405471808
991 672311183
919 494865058
115 340719057
162 292069336
766 948937026
967 46241654
932 347775584
802 192324159
261 33701172
566 927187121
884 785709021
651 603037606
18 290112556
988 994583782
874 176199034
719 440926809
851 405626002
402 250043389
621 706267223
186 754703811
99 4634649
173 27098343
306 805883788
62 91555220
820 462799368
10 64033609
375 222752220
293 283087094
609 12196268
689 839720455
461 664159058
174 997654031
245 223751730
201 1693052
279 856927873
412 617083931
185 821262634
146 775221576
592 918907067
181 219696742
276 84350076
341 506356702
885 862410330
330 191256673
279 18779430
912 470574081
705 100818304
573 530093543
871 923199816
547 741218516
410 859217029
722 137313191
945 506941140
712 179138620
146 258821587
924 166825270
78 47645161
459 201144156
576 812100965
138 471092576
118 572839511
69 100922477
666 445715192
368 658266890
588 132848431
274 690283062
585 361146809
82 968133997
980 270414264
88 952680131
633 514712880
6 640675248
487 675809930
310 853384249
492 180422428
958 827304536
781 688455687
623 239673589
929 103290376
56 278860834
185 243012239
52 469914999
653 843533550
450 430775923
448 797693376
467 634570790
834 293908124
923 177395347
241 816714238
145 473722426
595 825833687
417 207091670
303 50932382
320 317498680
402 226720442
252 3993722
816 359448915
372 82900842
928 431491399
940 77960435
873 982008007
400 385814576
123 62515257
82 387383826
295 362529356
329 932543133
399 725038863
229 766342711
696 353427864
113 71001142
638 964269320
405 131970788
849 777546809
63 521150664
717 946922513
543 381591979
365 913050462
242 93670664
327 496424645
397 681601051
318 974184893
981 735322248
359 159731438
689 110482222
432 238418489
557 493565880
24 929515625
734 766679062
822 66910042
68 995541351
68 267667182
376 759131928
568 541844573
554 985353797
518 581011293
651 789030777
94 393985612
307 67407621
449 975128551
681 61191921
373 19861624
657 372884763
618 498243661
190 266918346
946 820362497
976 300706969
728 838674830
811 825170579
650 723303706
372 970743663
292 201987821
115 32728784
408 280632045
905 33784658
322 990413782
604 495613532
146 660224638
827 792819538
434 503047358
744 165973716
567 57725978
419 587473825
355 733469308
341 546022394
57 554266553
536 909152285
674 404895604
704 974432225
241 228197651
30 174051253
222 253125311
381 142442117
164 608412459
23 291209128
604 254603283
17 92749934
154 542307104
770 492181890
279 375215111
599 672530283
439 343214418
397 864499827
80 201283358
220 506135692
143 504730777
778 620763896
894 801683980
599 704488593
516 224098532
110 73987905
707 391034122
150 655901129
640 51474286
450 560552202
91 138653052
381 673704542
176 269997935
180 961699871
710 908916047
916 513791633
915 528258325
591 371627567
405 968322600
65 28002989
97 503493464
480 286559383
163 473591390
297 427245415
521 897106682
471 47494313
631 925151604
796 475884830
762 480586897
34 949118314
780 524136004
485 990849978
314 637518476
514 91235746
195 80475810
119 689629433
844 548136307
289 909982304
419 111499522
60 669892590
711 839966039
744 343899199
897 105965416
919 125404376
675 700639591
379 773903018
182 483271805
323 647800357
439 253689671
473 425432713
352 154117271
496 22931609
712 451338135
439 552474088
90 163792218
202 741928393
419 666090363
933 702662509
762 526106957
144 967466878
856 502284531
196 485906007
82 872432096
881 457299068
989 985673702
318 861160524
894 799320838
965 691417010
440 386464282
3 826685785
262 982129784
88 571076815
34 815288241
33 976270491
536 623386405
681 873078248
785 916703857
233 14588700
668 708420945
914 385670077
684 893188536
140 492451408
961 539044062
146 346875476
244 319657186
304 452063961
334 136402317
486 752665173
31 147776013
97 912625773
447 841620464
830 213949530
896 483557527
353 162989933
667 183535984
841 406051129
206 409607184
186 570403748
631 774150643
995 579455346
807 160871875
511 904061977
59 158102175
658 859259305
698 904378949
129 277111418
250 574753414
578 729354661
85 331899749
461 865587874
771 426379480
494 112130520
18 286798859
742 191518001
950 107768123
76 731869779
607 457826180
12 152976199
720 836117500
38 830725150
693 130146160
863 46657554
246 973519489
541 638501561
941 128631988
260 399385363
52 570748638
669 919648451
301 244445918
710 803901457
42 157168699
27 658210383
881 959978927
861 139611146
150 920667952
445 633685439
550 52809404
383 419444092
873 239226952
675 279841600
165 202818385
669 627082057
609 78922017
897 185362363
169 92456514
434 343662723
789 557745241
912 338357396
785 602936415
461 492016213
793 424428021
283 822540661
433 441861776
698 460398783
221 834658840
542 23885052
808 986065585
854 32206423
918 386035759
561 338727774
990 374989932
335 496576206
679 678828148
651 841697474
329 33608498
623 51695812
460 89011010
547 807001273
585 28944162
49 695444354
685 218641982
102 519383263
591 907619224
37 21946613
609 442291627
352 708288009
351 155020455
31 648509885
2 293310046
420 483933415
176 627866191
304 30096449
834 713874261
502 653430662
501 113993355
946 706794423
984 157508102
569 755287649
351 634905298
827 833955028
850 147524185
751 131427475
951 958825787
180 98039894
563 174492722
886 501006035
709 72282551
272 921901136
826 678845972
593 388944668
650 317485857
403 441437416
835 243347449
475 1685118
886 81307361
855 94024183
35 316829141
798 505693933
395 500967662
118 999519085
239 391099901
177 419307610
31 226207524
479 380845349
359 229300229
637 25896351
357 603286422
831 216946310
928 81444817
35 180184496
295 132137214
99 848897993
623 359565561
845 849199775
264 794307968
271 462166121
272 667968206
636 788553474
632 723505412
300 887196253
818 92833459
690 852289061
942 466562556
635 388696361
988 846710728
372 359172652
891 31434688
96 299645421
438 387130930
106 545475708
53 249425096
239 934664129
495 398184277
313 150250460
161 377727929
327 645445409
218 2920573
346 120070333
746 232315200
23 792593343
165 95048994
335 526210420
322 41640908
966 7023346
692 34981733
597 716492603
415 471500903
613 907235151
390 779483877
451 158569878
411 39195265
324 995971259
505 994337659
270 713638619
569 23928215
342 610651739
364 748488411
238 72441369
975 962766162
397 963286581
566 456840527
830 978690799
708 97078115
246 158089134
172 33991701
543 353827678
570 317725452
18 414180307
878 20564875
10 957014762
669 29718303
991 812451333
976 270217332
95 953335951
372 755703605
972 489316384
509 275471064
295 979262398
181 813964278
748 65226168
194 863531696
833 198427013
500 444353099
507 154029136
64 844780666
799 173502986
926 621436174
126 718226992
643 401801891
64 29810455
724 674828248
533 254365247
675 84927774
489 200340388
311 102225454
358 828488489
666 741169440
538 668399723
674 931211253
553 103047200
608 79565366
729 550703890
448 315199572
397 716390702
118 421879354
295 779819740
551 610567598
284 347567297
464 617018614
658 7357491
395 198477423
285 467669520
428 521358022
723 95726671
217 223311000
168 607185168
980 130425759
688 870078165
489 721049506
579 345664715
116 107885151
76 292125421
645 586413271
226 889448803
128 47780543
989 466440911
866 572867403
163 783066743
971 735928058
668 108433284
47 906681663
910 665785199
121 566850899
5 580825752
10 124667161
77 346681294
872 295728775
842 490683065
619 106106030
734 62687525
390 411698771
901 133103975
948 30003260
796 982440126
486 337441727
916 852100337
2 299284641
120 98232387
496 986578852
316 44891348
589 337206175
22 465488949
28 67111325
238 536564200
76 139173004
105 247819673
168 384660379
833 534755158
276 53366783
429 312554190
394 776997467
157 23763079
651 270229363
625 504004702
577 125020248
718 954423689
608 5371254
239 869846511
859 763847810
140 870593093
322 773687973
442 53195700
458 571521611
560 260485002
81 606132124
768 961682009
743 365027625
244 456760915
742 597841207
934 653532586
640 808017103
192 686146105
993 578645331
115 59673695
56 859075019
781 821728661
344 710448611
162 332921719
452 164109488
226 729138372
440 510087171
993 91456505
158 403828215
739 999883458
556 1286715
844 975201050
85 830211380
674 323892923
1000 64481012
678 526393384
969 911727829
575 32708107
309 105505899
920 268124086
935 63116323
277 713377732
378 542395218
9 590881133
399 623517658
749 291769790
370 211097932
520 122141383
524 774312438
11 915391847
766 801025056
711 833652949
640 127056291
963 79934797
947 844074891
767 406570491
979 237127458
265 715824055
47 920649630
345 557762531
652 367676915
856 912910272
766 44525267
249 475475823
892 746627754
597 703215085
914 867899832
806 86217852
503 772187025
85 237070506
25 575365097
205 502851109
529 381257606
656 32301352
584 440570404
656 585283576
813 640523008
934 561494578
928 255989850
687 408965963
451 16970933
816 567472337
858 88934681
898 489536232
794 371986857
52 833456177
739 79111719
364 145604570
560 764591902
455 334138228
919 545975643
469 578329603
601 152556101
101 200329025
201 824023332
936 598470798
598 669799440
628 797725967
883 112938672
33 827662900
741 416952391
553 586573594
678 296240235
480 581778620
233 854961195
706 746424479
264 554650509
795 314265594
138 266842659
473 315897320
247 617385881
122 57129050
313 323033900
176 505945991
220 826963819
734 933572166
58 133936101
142 26625422
840 843880388
123 492322738
830 609480707
652 246344675
39 439559523
48 476157150
905 276159036
511 98554574
913 450307375
37 787609696
793 712860565
829 92911336
686 387136746
465 596533937
673 342853474
146 936739449
243 993452369
239 523660912
324 217997982
960 798764634
87 436681615
147 631842083
60 705007910
937 225134483
88 994100189
561 705378694
789 455428215
641 126895595
982 914290599
125 831622903
866 493532308
716 368318936
476 370836938
906 259079271
476 150595933
382 439977498
795 975007099
910 75994844
384 71782696
935 306102490
418 620103954
528 723775964
922 482734265
360 618603738
210 521102925
472 910830016
798 458237428
245 143698544
31 400637799
863 990731127
309 783553129
225 33620405
68 115016865
626 225502802
108 150045531
49 576614140
63 262020303
258 815885423
390 974979665
408 918495801
467 766715680
603 464333971
158 674558630
536 940143633
661 46601759
276 649486867
632 961113827
996 498426147
224 995228418
967 162449680
322 270805982
867 349872591
363 615033656
453 39833708
476 812177152
697 921700319
558 627303044
510 939683017
242 903918870
383 204814660
369 763848391
781 779955589
88 647819523
566 368037918
713 474324810
484 381973610
408 135644595
558 147216470
712 840638593
177 324277230
528 244236546
803 685628622
397 913812294
18 998862196
7 421700989
345 753435356
453 509166304
888 913090673
847 74976807
492 351886254
605 726251325
681 432176367
322 865284002
165 586447176
692 435700528
439 44310537
52 61022743
786 375782994
916 273333311
928 332405066
523 320454365
674 800845759
957 680825077
132 33683011
208 642700302
732 942163339
97 463811003
781 558616728
703 205292462
918 803040786
729 673297137
352 942338174
774 195056213
548 764377522
558 771541774
340 474717132
853 743008353
847 288964584
3 86141814
867 50640856
710 583392627
182 105903664
363 543647884
194 998100249
423 211749348
139 882650771
266 848050682
423 26330446
319 380257377
245 635015415
661 270399954
994 853651828
780 233073553
609 956342696
982 458308376
723 142864734
102 244859949
471 206820909
607 957687032
204 423865383
921 40702207
749 783986302
515 803855483
565 473684583
456 698658133
383 37350701
654 867968845
80 694029624
490 388978088
842 302195225
114 629146560
880 418728944
315 269044743
969 871377157
243 868870211
902 28196850
127 604741353
568 88053562
385 715144727
138 270941937
555 822291085
339 139764714
672 320114571
17 925095777
358 292501241
448 170325419
537 331833581
686 593491884
665 508136092
835 915762561
125 27842948
69 707904898
397 660730146
240 513367413
320 23191379
798 498191696
359 81253719
510 21485732
982 15672984
485 425999112
940 26006826
14 971545139
353 18654016
220 189781733
931 424857486
940 556649769
329 826060568
829 119582617
807 52179907
333 775969292
339 312977372
141 130531943
423 727897919
509 556785777
679 237281729
4 159236376
940 483854423
684 845573159
451 693194523
73 662234949
544 907446061
338 552992979
630 269301152
146 328974395
589 588488447
994 430625506
620 829604084
57 113688286
223 46405290
62 619525332
61 310622257
167 361114084
621 325149573
512 391816291
924 183914615
239 16500059
892 749125009
329 2777845
6 260797427
678 95327482
997 462319441
834 60358248
444 120693246
914 369511299
999 70964843
831 72059060
554 790436557
66 805907121
343 311743849
135 783181289
415 9690662
99 116320114
224 689693768
444 29098574
878 133316312
599 726328283
515 185430328
181 429028207
120 858582156
621 587915784
867 250223755
868 587503282
559 517824564
690 706732876
274 270886423
799 416908493
615 58670770
441 675290049
78 860175328
27 129799352
12 426994854
854 972202232
819 73384023
730 741249656
110 455530364
141 100824603
14 167666044
941 823597628
680 249367914
519 249407311
812 76610997
609 199335326
253 891583004
991 217416576
422 690938571
289 389087034
872 262527623
545 838037732
702 981052717
875 547750857
131 983564214
438 443094219
81 87235979
539 145052113
617 415021364
884 132634224
830 571419624
414 540312157
109 672908004
982 9301985
567 732901063
693 63349405
327 318309364
407 62705324
524 371876862
830 909330864
922 751441158
10 252895279
100 356155075
795 163568491
955 108220519
557 95234353
109 499531070
766 711446679
941 154189136
489 386224671
313 39383791
322 657647106
271 507521478
581 988515390
426 474128707
547 888970916
379 30589688
752 931682058
981 937799996
711 417707365
439 896679490
365 134532084
15 639927271
896 160066046
171 390844202
809 245596757
773 409986155
789 143234456
401 166511002
173 942575761
219 73026745
269 100789432
306 490034488
836 428911867
630 220285949
812 643216591
789 44042881
291 502381153
595 29667573
757 33807173
715 74082603
2 585934479
810 372634008
236 17793313
371 666714379
885 582490672
127 897539242
863 16654747
991 283193166
795 445042839
350 30916672
469 431721137
124 978464092
641 943156614
463 885829987
141 935387477
409 678036819
930 558197782
848 858443783
102 580067367
61 511644429
870 677479561
635 517215641
817 880876162
843 99211189
660 953182946
662 476032294
838 670404574
313 771720427
377 659672230
184 72305848
827 678037855
238 554857341
538 384788892
624 65377361
309 989082218
541 531409793
3 651066660
553 427782156
317 894207110
425 430217627
24 752662411
629 635185782
668 212539480
23 198209989
345 161662619
575 295781822
944 961811648
160 135200446
871 337473404
78 846128274
118 390184098
809 61416223
38 868080502
602 350661315
303 637400623
685 827211144
227 449120828
978 696101252
506 25273255
361 132882459
283 588890882
588 753041643
145 214567603
583 945192837
171 907200801
867 643359106
761 128223809
516 479214869
763 961892019
424 903805387
664 702014808
823 779050280
753 467835869
591 496796328
41 896512055
809 628618530
308 637185506
562 206425110
802 830238196
334 5347137
428 264755842
397 835371798
646 848562288
687 588984242
780 543103122
681 452197589
158 8834782
900 499107668
778 490383185
66 658297884
184 879887119
74 553977008
202 265282634
250 394830202
708 994713421
397 503933088
364 648570690
329 626616785
398 959110569
815 226983993
284 822752373
262 717176408
863 895030286
569 304052526
827 609286761
52 346943151
347 490268900
640 96131269
915 96773742
10 89539015
592 148959252
945 731396970
410 68279608
152 345767415
542 106853773
618 83577379
825 819277582
395 614750564
905 962768373
871 598320843
483 618850307
891 233728042
838 32415226
592 459449030
35 956547760
137 296436367
308 676628948
169 458611127
369 565700252
941 932975274
329 448670551
899 897335441
25 872558429
736 667168785
427 227861695
314 369142786
945 834273551
