1284
692 912716742
422 953304331
343 272818098
306 378699219
207 371822251
162 618466539
685 836792783
859 181867196
999 498169827
156 940485757
722 549608341
604 117067453
215 227371492
351 310293387
67 721061027
28 895205651
48 160730474
279 669728682
782 44359854
465 756382000
534 582621695
821 181510512
64 586721811
94 589039356
552 37613346
128 724783482
837 225447866
628 364160922
626 36719456
386 641591545
649 547598500
85 621821847
65 391961025
681 162931795
198 444958232
194 403109580
507 733501958
908 920638380
153 397086428
674 946590682
926 261026549
280 379691929
113 109115428
949 700335091
411 780657042
99 884998570
970 465376504
438 568360297
499 721067121
236 427565751
109 370036708
50 219255222
702 20178414
246 63444983
654 15686969
593 440084718
905 861847592
306 79180731
162 650785918
166 37543814
184 131127888
710 344558540
214 99818076
334 447644034
981 231593884
225 534390607
144 964787117
788 857280072
604 52469499
281 253712530
262 43823075
364 762640345
509 279261377
36 813324191
230 863662317
71 891465122
272 351544340
547 413504918
731 644333848
307 411662049
549 833102796
613 175508351
11 625335339
457 729751542
93 564967716
908 20702909
253 842517882
197 27330143
282 234643724
349 980617424
79 77925412
266 898446421
574 554454457
767 932521128
156 822342682
71 633597591
449 78082395
321 173149639
916 142134270
312 653235173
460 146979320
105 407861581
771 90962211
106 674859656
192 982040082
549 545919558
416 350930945
360 636280345
328 473027782
546 374838602
356 326622217
534 552550338
376 640549059
89 897748009
357 888610052
859 636090347
903 241896516
386 37708691
678 767343539
404 859741073
427 843867557
639 4798954
334 738667504
381 394561712
984 337509276
112 380491442
182 67571175
850 968821940
132 197936395
650 269875949
487 458575118
471 134417261
440 609776811
795 546829981
611 410404787
963 987168123
577 502304622
814 486777058
685 134210122
783 866181596
698 165786499
197 411247380
363 42039596
518 14197038
197 539895666
847 575655226
1000 935870182
167 566422746
204 939572402
76 201392172
679 276879634
735 370630167
485 419521811
531 797703115
687 734468994
68 998225883
599 129837950
32 664541117
639 418131736
712 105836094
655 558088670
170 514454227
63 258733886
32 176364513
701 33595476
138 330851825
946 566140926
840 393771099
947 852902638
717 82313739
891 937500975
648 360563586
375 851372134
597 434071049
462 55459597
976 580034128
87 525425190
648 702877561
443 523432215
22 168968896
481 814264385
204 947812486
647 110795433
623 594705100
281 559426441
881 45794968
379 747786315
228 887270855
443 54331346
98 171113779
431 22502555
578 670594603
170 759572236
841 285836733
384 350528359
437 642135729
272 31564409
66 757952189
171 576328435
212 843865078
554 270764373
208 572798214
616 851735029
409 715228593
560 890503281
809 969183311
504 663388689
520 782958600
366 559876438
10 208385998
742 141667363
43 837814482
594 239007623
780 169169629
828 760206514
767 413669097
197 681321220
260 630938338
466 934682411
642 59999105
725 239825921
486 403163692
88 655654088
765 122156575
949 55890951
557 333944140
162 747355641
741 532924346
763 547226370
366 284448480
746 374928505
309 557323643
383 601535114
502 828944480
75 843289139
512 234537575
554 829574383
945 534926566
989 257058467
482 960692102
841 394469240
454 687443443
968 73916822
13 764931318
495 988271263
348 633888548
23 145045292
141 354256882
210 487722215
471 426122000
896 361174597
392 927545836
7 26254006
226 920294402
722 170978068
756 902051759
783 953947633
455 394208449
350 553730584
520 119456916
435 683086090
462 427363271
715 450995798
623 11781585
621 356609883
340 104917554
588 569631278
124 784443636
145 723190303
559 296159969
717 555787412
50 830288825
604 793562152
857 80001990
36 185447528
950 395301492
691 391008573
101 798379582
91 266262982
46 128988908
686 435360266
164 934285312
866 934430207
539 294805888
507 532886766
638 728958484
874 950472786
174 505554191
992 151714999
916 851697766
262 657379054
208 577986103
958 805630648
34 659939933
626 792149497
203 533521728
60 648849289
88 672862561
956 143803443
46 792421344
677 862287205
302 71370359
732 527401563
500 719348555
546 779582695
967 395204266
876 620810782
698 257073899
837 137008847
774 482677422
23 613253450
263 414912168
898 272966282
535 87233356
823 536770969
24 3702379
179 598861076
72 324526269
123 918386244
81 12697903
432 750288922
890 575956363
101 120264565
67 872820586
252 294860143
788 636732623
598 864051326
286 157308786
754 87253777
62 790393776
233 712683734
799 34300992
277 328855235
916 86423097
943 641166325
124 477562725
819 172790556
801 767318767
814 474517184
208 201837402
745 909766583
600 116793619
628 671079353
647 636741325
687 684814722
43 202854133
723 84175114
931 850415635
895 943408750
720 212497862
297 58703198
400 764910165
430 88835120
629 7034067
733 910261580
974 299805468
515 287648576
888 965447345
942 708653129
65 320820866
89 222941285
90 105299623
292 667377826
822 778546346
40 686731346
177 647293220
18 942461634
783 602354119
545 646882827
222 129753543
640 697209002
824 140148633
624 600984315
459 671901738
495 590798378
33 333706671
928 841726140
63 455747141
811 331605285
563 557965589
284 528499400
533 828272639
854 961862060
486 313389777
190 200274567
403 212276751
348 235794553
348 499355692
298 477557787
777 26897898
326 18512372
730 1078455
855 846870228
991 954474092
694 378689404
376 278641593
506 220358417
503 655515506
67 59039587
831 475033570
176 786528688
172 998591090
985 101181261
530 177208528
578 188829039
985 273288073
67 392274100
764 577445363
585 208846558
28 645605484
536 812733017
232 874245592
886 999853251
310 223969704
920 20569382
983 615159334
529 322086560
157 488294648
293 504164659
510 225085603
579 776295633
95 95257746
925 45926695
46 325837356
851 220455169
825 676431386
167 741002778
692 914960420
47 901258336
975 725279461
33 183841357
659 7208897
572 376614191
126 23298911
10 650325175
946 790320243
102 479594034
257 532707392
344 742811677
859 146401383
305 396570034
10 839503464
386 703139619
400 103361333
17 852665443
386 855413585
351 972498794
100 308592138
428 171655805
416 400159283
104 127673763
986 15075983
240 15702479
101 764556828
658 139318414
47 54060594
710 62584434
742 223979845
212 448806806
908 802905168
564 348195855
943 304206830
752 784447711
401 201033953
999 115182329
357 138603971
564 660433405
495 254697254
285 529013147
430 137607322
510 92102330
883 655778577
663 728632124
572 506207563
11 383030506
96 182399698
886 231081124
442 2736221
231 16361556
753 904432629
166 756368684
670 123477966
427 174945067
353 343034794
427 126501120
920 121916860
582 808450475
355 654536086
605 26468251
732 413515474
16 745760255
390 508580769
501 548581810
327 381562117
338 952930240
999 642184781
478 442987913
839 127174199
209 257790153
265 139687634
612 464618584
567 309825882
431 489165901
135 401445748
710 56055623
925 422508622
863 898377987
15 291054684
412 367457945
434 279121282
891 714401219
935 416701399
924 731482291
708 340106844
802 572984975
323 538518903
771 802953352
517 941800218
101 767756595
830 317121979
878 70061801
280 903260496
598 76543381
937 72455360
814 704064440
11 907442860
558 440336317
769 970645691
730 568729270
406 489792900
447 533790821
443 429859234
998 832395661
529 821654854
485 241068332
464 392221703
973 589196222
220 769934428
775 38172246
210 766017909
631 918936594
227 39889017
68 144708522
658 952807191
582 515580921
74 497916764
494 752266992
52 64071628
333 83525304
200 36184211
750 173185162
610 319322067
848 855737737
650 334188210
108 76453369
256 296567677
334 164024153
220 207702531
27 705491674
299 344504580
960 574308442
59 960637957
900 150646069
159 521970630
561 903229569
25 485554787
413 102408480
151 64532850
883 344923386
480 176811553
956 877936309
524 54713753
428 698652788
45 888148638
135 826535633
853 118131419
405 246706495
134 444941032
598 26758707
918 874144149
7 884954511
117 556115179
472 285271050
547 457376682
971 211613719
18 155366630
576 292405082
479 563585318
585 932838993
181 788678937
934 435483025
672 894929193
921 861165587
914 747397623
513 4129129
49 654253541
38 24386359
337 586549201
144 152514600
482 898171662
950 701561926
683 571668099
304 632366472
915 48914239
347 732517220
526 365684528
290 85846019
634 20539145
129 511080673
368 210847602
437 24510041
61 836404209
182 976111380
664 389290829
594 269333682
135 166298852
509 349669947
968 877286086
833 689805077
276 168591375
528 218729382
198 826578718
23 626923390
341 119863058
875 136869354
572 782646235
304 396888076
26 1757322
156 714429365
455 570520971
625 909833489
251 139632024
943 301338266
661 131457136
390 975995783
208 144346044
381 352227895
759 85182401
543 913339773
975 800247518
65 630976558
906 180844488
27 38828209
755 598779948
998 28083767
6 307768990
283 437348466
486 858532730
479 347370270
208 552329544
579 167981173
878 474204306
524 157934298
41 85698398
44 136825194
686 998078230
820 91805742
184 518664930
260 459494630
401 220987453
119 106764163
977 833900499
841 954871395
356 557228218
994 615636433
930 497158078
468 455978957
900 952640732
79 680119929
811 874994997
897 163327070
319 731748235
45 254709959
966 931877555
787 459571143
353 974290782
582 604728192
117 167933198
37 903507335
712 895558083
191 840856004
258 960784309
59 350521733
606 976953626
129 177137481
473 962055785
302 62787035
644 520348765
179 902310222
200 205199214
275 585436135
272 227690849
589 2751162
982 673690510
386 242193916
31 616490653
36 946814644
771 704424881
878 631557338
905 290229789
221 660051825
641 848394059
16 136022270
448 179144413
383 812961263
338 408317377
254 944983177
548 450512427
305 383518347
13 164719118
368 959094546
512 431674729
108 107289788
254 867302545
773 902456179
879 464139987
78 188593466
790 397147397
283 951120436
378 878758698
319 958826977
356 646214859
951 58305872
790 531891565
307 572972618
332 800277031
577 791482641
918 484377250
8 197288186
35 316874716
289 150703343
19 457507771
107 138927071
375 948310218
899 769500378
166 87685614
897 573256828
740 414652227
696 692685430
426 322639559
680 500472386
177 462807703
581 853156912
310 898159170
743 336383439
186 736789672
21 120931193
693 384556469
300 338118764
619 333512730
167 207217214
267 136207513
764 155152117
217 225383743
747 670770507
795 809148046
456 129380898
652 913970396
651 683272936
194 502223193
944 507069254
623 228847350
968 518456272
389 575164351
428 179698036
253 996035323
674 643996326
203 632144930
898 885741154
679 158008254
475 104295426
122 984690003
888 592730745
905 347357828
298 836089212
815 367609512
659 823716227
188 196608452
547 388771634
505 780617345
45 477160005
330 391745807
526 519355437
975 951566158
659 492953512
78 934001842
262 488264278
763 928022294
163 933394852
840 226217542
546 834443086
643 854991754
938 23297730
180 317098979
37 687444565
299 183566445
59 917637390
822 284341285
232 107518295
272 555409088
566 40395456
808 36553106
573 121084047
248 582421713
166 921082975
159 79177788
474 812377088
283 630729517
32 251526777
806 386683314
222 794071036
499 101734866
571 718179046
586 22874965
142 234065163
309 208507142
881 581394862
91 397888720
975 334826186
534 973220448
176 816742510
118 532356549
189 59413405
513 921618795
425 729733995
630 953953202
224 983279293
291 704796156
508 970761275
303 994024344
923 814464407
812 917315393
757 213896484
164 852465426
177 298286921
856 204181448
639 106920880
895 132115128
406 540543114
707 903279083
12 993963275
826 69619576
910 262533814
732 33054399
961 734234169
373 812690407
273 839649549
583 644051445
722 718876223
207 281698903
594 927753909
940 871320795
884 295161285
8 233503250
394 652716516
414 716169241
830 369397676
665 528852133
647 781585883
481 220731813
357 566707471
881 147296482
50 542438139
245 608294913
108 847740088
527 205757080
175 425194263
122 903065022
740 756735665
520 842223252
824 73456758
450 44873588
478 98583327
494 120427685
928 678823788
885 315302798
155 973485010
94 602652848
877 383193717
819 513769208
772 507635737
693 58854059
6 597958486
888 985521434
592 869911555
656 213860034
66 813726740
845 733563367
106 70303755
121 925262795
311 85475367
353 127317514
134 573793403
781 765501555
26 783518688
908 404490507
92 322179700
2 853265878
922 623106840
934 96242694
311 791140722
567 464299477
179 106626063
362 632383767
123 522971182
999 165862933
67 323842508
203 38865935
159 856244895
372 282429181
607 108512312
847 88304244
454 459815954
33 164150614
524 67182121
737 318932719
531 909987543
432 383096250
463 386513111
390 113076937
927 572800308
703 796903509
71 455463679
729 965396522
918 987175810
137 193654155
23 48268174
903 258500156
969 621142757
945 399369537
390 768333430
125 458179123
303 886472031
988 447793929
773 71458485
31 310758913
529 722625370
522 773686455
877 605013473
666 75667079
435 444344911
144 644139376
95 106651194
704 347006992
84 424972804
482 415533841
525 328171727
424 806180435
367 567355738
105 861554215
79 174431356
114 612874485
708 947010540
109 674748322
764 223116997
261 606718801
856 232816946
36 255737332
903 140857732
592 127884689
222 275815718
630 32594498
682 960485439
219 407545201
57 661214731
892 436838238
625 294670716
873 47772598
709 320998721
714 625914261
965 576056482
412 637494265
915 818397902
16 267988261
171 215335788
6 561751141
905 232741314
47 992431379
769 615415267
845 612935035
786 673650368
624 424327131
977 150148387
166 134487432
701 906412580
485 414560451
721 666819790
592 162636122
297 74659779
939 414287417
368 47382682
460 990580620
443 572572778
629 94085956
755 175908917
877 282488256
825 795987384
538 892416522
296 462439125
85 993004844
777 150138902
23 178936065
897 449128647
177 756884066
239 423377015
849 222814563
767 681707688
139 534196037
197 894489271
644 483469899
599 318385884
232 55929336
35 501443302
840 212578890
919 140030676
118 24304873
509 685621379
335 87421789
138 665691244
140 765301964
939 891686279
117 283412557
767 889311072
329 410493223
261 880945549
681 568506151
219 392267071
107 333809971
649 527152404
47 507907329
812 370875038
768 967949821
684 47786662
967 208153707
269 456513577
472 377753131
335 678380902
688 789513817
832 422299486
31 692426034
208 72546828
400 806744094
852 141098366
54 124557710
841 27830086
115 85944163
545 815055465
179 172013114
68 175056457
982 920547473
81 29076410
821 4134539
829 426916380
384 335716540
583 836188956
19 593397128
589 109540468
81 906872341
535 854041201
693 798254031
466 908705988
588 18628553
126 412889070
53 624902638
186 733770291
466 768823785
960 323748605
780 893644420
225 844568110
489 269840603
716 149976455
874 352730858
646 870804549
426 192221625
763 418389708
631 100693826
911 325800853
91 242913815
296 449301486
782 455731432
363 776617092
11 697718702
880 175889586
645 214441745
45 767080280
103 361815311
448 147431755
64 82703811
657 384384979
313 446293134
461 524373448
948 687126783
651 40355740
647 114213338
554 840324418
62 162040989
954 194634762
189 781588729
909 396484076
42 429646550
587 311484584
12 472562945
872 167631356
141 142557931
322 988582980
398 846586786
280 237758135
495 999972215
407 785383484
356 707668434
107 174884485
632 314605231
523 70979959
858 180510295
712 21577625
519 321326819
996 680845851
74 659259720
459 817510725
255 180721380
178 868492602
453 344643699
53 855295207
908 27778876
29 945927886
367 305125513
558 184831592
601 697929721
799 116868538
685 130401644
177 797576814
195 121356301
19 61980240
732 488747218
945 36176266
470 27742972
458 372368925
931 648727476
91 235754417
355 786417987
225 805357921
594 861058388
105 202602773
927 357407236
56 212268797
653 695558770
32 277844216
125 333613372
164 692708086
804 990690431
81 60859803
213 875717085
687 449090041
808 29303050
586 2005948
617 100495751
742 169716529
676 795286728
9 892150406
981 206733417
893 875011201
139 104610108
983 660317963
905 286181891
101 479904021
198 952090318
34 164459643
416 48138439
574 730429609
440 348188176
800 135253229
938 839502663
677 516170518
727 110541978
742 197854725
413 375548607
708 225544192
2 309704960
287 891995505
128 634979339
567 93144458
515 111221335
716 39332463
93 577650977
736 231977682
320 405571161
80 971942438
999 67291835
290 881969235
180 820812061
495 115644293
359 133161818
42 10399965
233 843674049
699 685582555
305 877417430
763 633862927
113 866581054
700 193131161
53 587981973
662 11849033
784 862210664
3 998694647
429 368302521
408 104302121
516 813311464
424 688793372
836 375577295
740 9609784
330 604090692
936 995476117
850 244526410
831 834711942
61 261360743
698 679417762
416 371512214
136 370300634
16 739533544
84 364590373
750 111142372
222 121481007
444 66275467
534 904267092
122 960004750
290 906094803
888 503881165
959 999525873
249 720115755
396 920817256
77 886918702
79 695544170
204 455294702
905 706706885
375 113356344
336 78297048
947 99639011
601 847003287
991 979918576
23 691801503
93 156931013
198 322400023
777 423977598
32 994655377
367 548224977
467 888536172
929 53214540
231 908374325
548 699187134
782 814376516
219 353726088
762 71076815
858 661564659
75 58466192
839 271102076
424 940727875
738 980239713
493 89106687
327 142063530
121 99533835
387 666470707
541 9392400
492 151964394
898 565382286
816 764003869
981 131171168
631 659010477
698 90391112
545 461677292
417 772976884
65 893781685
16 434814276
715 253644048
159 106513233
426 164921812
234 788219038
129 784246025
949 639119048
216 448373383
382 133334546
203 566749397
345 242350439
952 506643030
153 758909041
682 996505869
