79
553 214099297
65 83889842
622 747552935
958 856577254
967 373554439
260 1079694
467 236308045
995 202023465
491 29683358
468 549716641
444 134498992
37 965302754
606 911329676
489 825937340
122 264471836
329 716405284
223 12402913
203 37057306
250 141271102
737 613380662
85 222500292
565 171651308
680 419283553
475 947323853
981 598894449
370 327878404
335 90347796
618 535689801
310 190549651
393 929935598
550 42722176
850 182774743
877 907646112
837 124343519
927 18480873
104 337959726
712 802835095
38 964330723
553 324190729
118 511580776
13 13547649
295 683627131
806 2367785
649 433144374
588 938353881
143 594852664
565 489559194
611 757962867
961 632513223
605 697342197
758 369960103
306 395516395
622 101711024
615 272164555
414 236240013
787 119479267
547 95531896
386 227645578
261 183387923
768 639795499
264 165608269
183 864315966
288 911529664
88 781216370
709 386710511
932 166851536
528 576457423
145 816322029
973 230213703
319 628928800
391 540168959
571 194254181
161 657779114
46 594144962
373 886029393
100 256389994
181 120648033
648 48810616
599 34259883
