61
564 73545126
833 615248138
274 87540561
886 89025978
542 501227362
710 190380451
682 513852430
932 749246719
752 409706399
692 100717519
943 42753769
916 628763114
771 194588275
91 217189870
898 819492318
573 954287899
26 634134670
803 325130459
943 933795464
535 959968852
836 617309747
399 135246388
54 604045321
226 993359034
922 353029716
426 129122973
347 752986252
893 783824699
500 426153202
673 291084194
453 680538282
964 775306718
600 757194671
477 56210827
292 274839680
515 291014778
179 51834454
482 510696175
596 175488272
626 899044808
465 43500036
874 705729370
366 357583782
576 74844471
329 365255507
410 69212295
786 12144163
349 319787847
562 739054974
557 280255093
882 695315225
419 629441802
713 448762956
234 948912414
190 759901019
375 530424478
274 316651307
193 739733891
329 239191152
63 166421123
991 901345725
