88
56 35257901
814 850097512
430 522979838
912 877666758
655 159136174
426 733421586
646 427119423
590 374532759
167 516161120
431 697939569
642 351875412
813 851359877
814 288660608
718 933554672
84 19285487
672 831055898
934 977739676
58 364854778
328 645595204
521 954986454
421 859389210
146 240962771
78 980384255
356 519967235
516 587383948
647 667267357
934 515216709
218 679166039
572 185444004
969 827374991
9 603683587
979 658528821
26 755720513
360 19634315
580 787710297
294 354284463
95 366893568
617 489018748
442 604523396
853 428805526
661 521086276
629 969596345
738 316403878
848 174124332
163 649032017
661 483144954
727 292123299
665 911794819
427 13663666
863 866653498
793 458397454
22 407203257
284 611629087
688 165457036
289 767096132
358 656058464
681 120701035
504 956048819
775 17494022
981 60742248
951 69815630
412 766790011
146 626889438
874 182176512
329 945144023
860 562971089
329 794457923
386 513115254
289 231966130
681 16560564
73 91719281
726 347600884
235 530454331
61 471900348
254 589730049
499 530473659
753 660159933
307 465152610
787 595848487
209 693929652
455 183343110
925 934999894
141 84895005
606 570908123
825 15227216
959 670483546
48 346959419
487 772537465
