4537
550 50470659
579 827482784
344 877490644
27 919300190
433 357622998
371 903558029
637 274872692
481 432378259
481 782525377
59 140703206
778 667727870
568 807564834
162 99993742
715 397664872
395 61196360
395 829403268
438 754698195
504 614051398
979 501389687
526 504266045
606 8686737
9 957488728
31 973097269
767 885655867
323 720560071
661 511803026
403 10779088
951 845508433
736 286075894
633 725503476
366 123603589
473 100928398
701 681825921
21 764632910
716 142279714
158 916138739
508 773801650
808 79180270
205 836276183
593 424498386
646 84799914
587 262617315
671 596003734
106 365355768
530 305815648
985 412731607
388 463627248
595 146468369
687 805185831
33 135291470
505 132755261
888 30911362
964 579218199
194 50320557
536 644783754
641 228731596
346 464492748
978 461279095
257 317152164
826 337968218
344 843415904
153 657069394
657 38729134
342 338011797
936 898466238
117 434157394
250 261571877
357 892795644
17 591875848
72 935485918
344 648201038
46 183241518
122 91039579
601 868771182
559 466310684
216 505927757
722 249136647
921 56099801
708 29024994
921 98714204
804 702607953
510 149073385
256 717076264
850 495776360
345 177756131
680 645591363
320 4358012
930 736432592
850 165917862
885 837445254
612 453537346
90 305382113
365 55593859
930 710709345
482 135336972
137 484424319
291 953524790
159 752941682
66 558599129
228 348028116
120 267602227
180 679613101
58 211866961
250 924608672
601 316128914
515 838302993
579 58744169
180 711402028
664 523304869
459 132041871
612 436010793
403 682401392
445 566584464
65 999751200
545 162811332
189 654908306
642 606732677
236 701716295
369 748006232
531 589664773
855 118196722
572 990847858
807 937928109
147 364785671
441 664991379
81 274736106
786 516781580
40 560567851
935 482556714
3 746321811
200 152438911
361 976239633
87 48353523
269 997183422
460 509495330
679 112048400
817 505344693
4 948782789
133 59491977
824 733469065
977 34091178
959 910573869
358 437150196
391 306866027
813 961774457
154 645777244
130 253386998
979 150752559
52 950231878
91 977635469
954 435009252
309 782182109
263 756042465
247 853517206
250 490523751
405 101515788
282 51911810
198 19949593
615 904784607
187 484188754
792 599780046
489 928334086
454 299339062
156 848329345
81 413561749
357 144870853
591 256499399
172 298178489
991 407239041
715 500412874
947 887700344
872 125395489
285 571640246
619 229338682
29 516798390
344 293237611
22 613460716
371 83203240
219 514734195
984 646383908
984 770299381
910 127762663
576 211099241
905 515055040
724 575372559
752 94140206
198 14862175
502 935313748
876 946734317
755 627312660
400 654863946
817 571767282
622 303329276
822 684643623
716 794746097
432 20397398
853 324558985
343 609015841
88 437289796
916 756900212
698 13481141
700 6710595
634 210729609
99 426217458
191 78821906
419 550218246
646 750666990
755 66629984
350 134767507
598 716737129
199 350215768
85 654172915
418 239036921
65 316961706
549 574802466
958 583216932
841 521674013
77 721829521
12 897270015
807 891183437
125 285196007
442 35906744
734 503780264
592 367389508
683 168295763
55 489474355
222 610329830
727 881184224
272 99463661
480 79970424
387 513762351
812 605102938
65 136260968
918 732220530
902 38427772
56 463634565
514 991113243
838 682812085
176 402366200
35 528871293
831 201082637
39 654929258
225 120779825
477 250322433
50 932308457
106 646281369
20 710250493
114 325381157
368 493025793
887 252959135
88 822942833
467 45292657
663 977632927
968 232386805
753 694404483
424 654676703
853 580944384
597 246095095
543 597483879
456 364134208
103 660530816
823 153286169
724 928233312
432 34337322
796 830302393
72 569508277
250 184266200
323 810774504
767 16557346
8 471950681
604 484772412
930 219068524
722 212059993
330 929592663
194 643116472
652 116735594
705 229872445
409 83835739
562 482788341
283 109065138
130 624387786
963 674414278
26 902566808
405 236430464
578 200285568
463 903576204
529 219045703
413 180233270
652 62258846
432 954758503
517 493576059
726 764471863
467 54509646
673 753882213
948 200144097
389 780889535
91 58171773
120 347525347
55 595087210
761 353756317
133 620398364
939 810120332
864 880747988
503 133373050
609 578987251
116 772304305
688 114128545
61 801650953
995 473480026
87 751638269
293 833262736
715 505867825
313 703586526
193 443277281
531 754971071
693 699555750
584 671169811
103 874899715
596 769199704
148 512984226
475 535618616
585 669258861
171 582300379
606 908226929
492 390333566
828 395950089
57 980301654
964 191749241
411 674256085
424 135228527
668 720348556
951 607098858
201 515967728
880 491158580
258 106904121
326 920781184
384 249641788
884 924852408
738 820135125
892 689383405
677 593359549
220 393903006
690 916735797
991 105318300
675 500360308
650 405774356
681 587245977
131 955396980
853 766444597
704 640732797
550 950268074
112 872027318
856 900182626
692 768777229
193 185832801
360 895569216
715 164182679
541 960095849
536 822261453
791 724442352
551 919887092
56 498585609
432 36327397
682 557103290
786 736422924
122 794409514
179 344650508
643 673840349
937 738268871
140 743657541
812 169921713
863 613145015
33 180621602
790 38558696
18 257404828
365 15453671
703 507602651
552 521519802
661 489501731
49 121694839
847 73541646
33 558969531
379 46959080
987 109042148
420 508961804
197 34774471
784 178102525
643 22023973
620 81446040
639 82391681
88 621009488
49 593742466
420 102414655
263 592474061
965 698323232
695 333525409
429 855659735
918 471956345
742 549265733
706 924916176
56 608982321
513 122342939
772 859073030
370 61612680
714 983151167
494 412868086
759 776704575
310 238117294
501 368070172
327 657891836
115 29128670
748 800496569
757 220017125
863 96198568
435 873312949
606 435046809
554 578331389
776 552255003
102 847526712
749 780469218
599 394890763
477 713458520
177 991578407
77 507551345
727 213528210
284 555365586
756 145980360
300 431819988
826 799363463
282 815658139
870 631519074
391 942497405
785 113926962
811 302276817
373 965240951
103 135565837
190 924499828
775 693423270
914 982485782
706 388109835
298 132181804
577 871100015
621 482279592
857 714268877
897 62547629
13 100853115
704 448366869
168 72970451
105 145450673
719 772585183
116 266295105
564 225597902
579 83362695
418 103706486
440 127226093
548 862548570
455 727041386
899 724390608
891 294304318
313 655856662
772 413989539
110 179340227
515 127511937
85 332496527
993 560929743
520 88725739
130 18975001
401 420677185
635 528788415
415 674038021
560 463383551
761 364017402
711 385271043
809 786342806
606 499448035
555 195538498
300 124759454
75 940923904
712 897426806
514 175291255
714 69185812
634 495589811
221 213821749
145 418903834
583 651526764
69 561947965
819 379452073
480 424776547
744 550860566
763 506753286
392 394630344
661 843917174
200 543387032
662 223343964
696 632199812
997 7909078
853 377484327
756 928339332
60 810856474
326 196552277
350 655887975
62 666241896
149 380517221
536 879968170
538 132223039
846 376613614
779 96353765
792 273517318
998 61355821
537 113227051
137 850235033
52 380084571
999 110355444
975 28598139
724 38114064
492 483431082
230 528147033
870 149324292
753 774013932
497 304113307
557 48077232
721 626344883
787 716514339
943 287688806
495 51177103
749 444312279
125 911626933
327 812947987
79 183436903
659 40353898
164 633330900
610 50304451
30 468787707
276 187876237
960 416568884
365 901234325
142 112916593
1000 939073530
558 85889185
465 902628634
856 66674088
102 133107098
682 552065791
135 123797048
152 873837068
98 852408380
323 932519555
281 17890933
946 652933045
602 170126108
947 486253541
30 558179104
573 563141227
960 474274838
360 938842314
869 856356259
408 368113915
852 351804005
26 455150804
585 653796699
661 464075813
8 531428468
912 509021057
230 53158750
448 29079126
221 997687612
73 589819600
640 851541257
873 574396514
870 522717390
664 654056527
597 894469466
987 845986302
482 71240794
279 38077053
880 710022760
909 819707759
441 165335375
339 726630484
58 13185125
576 564010676
798 182269838
231 720981625
874 524771409
686 903302151
805 77699795
167 552384807
449 128959029
654 115611750
660 918626418
409 329852793
826 726717874
22 53189325
513 350744243
85 993228219
863 694368123
190 121423018
724 466836877
250 481558943
724 478418701
279 580261909
115 705008658
158 63223328
265 145065451
499 236092042
139 6192283
807 449632674
786 890899337
337 530843497
268 956840340
950 996633992
232 366528364
528 627695126
162 78651057
329 746478464
219 109668014
166 129474395
322 190874109
888 239782915
119 587596277
56 283635214
522 69696741
995 506105849
768 469189346
931 703338337
742 944843183
542 931941013
825 137998263
179 196841957
249 959055420
755 993335876
984 616324549
883 48258050
685 517219496
552 638674440
674 978993492
852 168734721
272 554047118
36 920874978
661 637471042
255 310748314
646 917226370
769 453311127
874 117989947
681 431466990
331 119675698
978 898619442
835 124189613
710 9396968
651 828868800
88 316150703
812 3371151
396 44540214
875 500327799
242 57979187
571 35044825
941 645754878
486 308857338
945 788148658
408 432341685
948 76594167
722 849533939
687 209710918
600 241024224
417 263981117
341 109060221
388 115508061
298 282071877
726 713630202
618 284077024
285 447312027
440 967353337
250 238228179
100 29502808
637 232642294
118 677855161
23 791160005
256 858435919
377 102877817
963 67680392
962 728096758
254 218034403
448 235655686
511 502810144
760 14494770
351 558663473
174 191422797
907 271873708
461 29299802
912 907992054
258 933576344
819 757081807
531 722008641
880 411741515
427 954600152
471 192305023
742 393598220
563 182385959
371 954068888
826 156278707
376 561989370
245 71195355
828 154995861
907 561834024
789 204523354
107 307348942
748 630342971
69 379958539
222 731234675
203 81155664
465 155024043
85 147344325
427 333624242
954 854610739
545 301720341
482 219010299
754 257861753
944 956451001
222 888116159
161 363063346
717 49468950
257 158500670
666 773207173
69 261763722
278 607108004
719 21845328
999 271403230
423 222156609
882 523879171
727 875347750
662 913616767
671 35206933
94 202131143
19 998730306
988 864979769
612 294603805
997 349964007
42 881541066
198 102405665
87 465656306
257 129914393
142 382007426
660 868964156
751 710038176
697 361310227
443 199899167
780 598807365
776 678470873
941 48662996
7 875459949
591 642933246
95 220216255
341 205882422
620 874966332
268 23663676
198 289298774
845 255966652
622 520746659
720 519996729
96 823311240
264 584223439
219 477080751
277 615381536
444 825252755
197 111141461
824 42128040
860 610215222
101 863747770
182 975164406
990 88443151
895 985592047
90 876633443
277 814438392
861 422830279
3 6441009
719 345781374
473 841317440
107 394859915
985 815694481
276 227701926
911 507488244
620 857111162
802 949829956
13 126056486
134 340553849
330 678187914
137 328538900
274 483159940
551 775936576
119 474864130
853 705940051
938 868770274
701 119260998
80 350835699
716 821327353
94 352497108
282 403483875
910 7027602
712 68876745
543 75553498
50 208619247
265 265247757
746 160543264
781 263170767
493 278011682
219 6325057
911 16448545
364 488495270
741 717686441
79 63309920
643 813165117
559 343732719
987 223413903
111 966570869
152 1977475
987 66550222
688 184819860
674 855498187
388 187929642
166 524543967
283 25908804
261 99426020
927 620659113
617 407213381
396 942832160
369 968477607
138 214768461
802 283241505
509 757515391
519 35531706
987 34774780
997 383763760
702 933315561
132 145764880
197 384094803
797 769322886
308 144012970
751 154762420
385 480019410
19 571725425
3 224231032
592 109558075
147 876455032
431 679094436
595 111177304
861 417082343
1000 314592237
582 47224764
236 4602109
945 512505044
874 932683942
927 90265570
161 908991479
141 264106254
902 633464714
491 333603289
548 58088341
956 915654191
617 564496803
787 890877926
619 357159523
571 438144695
118 733722620
67 171256629
558 984017488
237 859108010
447 473562853
836 84675539
673 825910273
788 106251706
987 435339448
973 764699529
861 371771772
639 841788348
389 407275945
284 523818199
821 613314662
712 161605900
218 367701645
739 761514351
349 794179688
431 176283878
841 443374857
684 607258250
673 78790921
170 18128327
45 667910516
240 44835745
861 593691366
129 264859831
13 725232747
207 922070386
728 186306061
927 389995500
670 978797685
661 126465910
258 755091241
322 476219951
585 641863619
132 573736090
247 140770350
325 610276422
119 105628219
838 808546362
244 737419751
536 103727383
61 169881256
423 419965555
289 21603627
412 258756164
73 622798437
930 293571963
324 447119304
202 200391760
682 316153070
629 164948904
163 565869451
828 66583192
160 757202352
94 200192513
537 369119789
469 889004473
329 649624936
883 438271195
377 282396273
213 869726083
790 533090952
195 514437259
594 992131371
698 190668777
775 417777070
79 556351692
130 580018384
804 673737871
506 729340996
358 893297057
870 69964800
757 85639495
455 610607891
337 459446154
717 306550202
215 129406352
983 263708285
400 715048589
537 186092304
379 125897706
493 674046458
162 211194
264 571946059
813 155476897
877 887870477
37 507958626
677 873995449
684 448079885
578 113863271
928 789187324
961 63531791
698 568898302
714 694674470
586 565488909
104 664328821
417 533512507
580 842242071
191 215735306
611 95147624
972 197105525
286 137442363
742 915236379
85 979594674
399 81963985
948 811848523
858 638705567
664 198095883
558 212880461
627 544476427
800 940625394
623 156247271
756 925019739
548 981032661
371 696095287
397 835075865
657 459220681
75 392296384
854 981324722
514 410449089
900 260877018
360 429086553
664 222469585
233 300708086
765 93509441
259 675057047
40 788504732
985 422501984
321 580898956
209 175274349
149 398773501
960 626306501
887 806518511
763 661776985
731 827408304
226 18234782
929 357033870
916 185399714
812 238324202
854 431875924
955 150216901
457 931148242
45 989521211
312 892681682
686 74901485
888 461594319
563 590664965
505 653833037
491 77841315
260 451611969
851 666327460
530 164275672
4 750878414
217 35890257
283 46535518
362 231534169
585 8943756
823 336373683
67 539857117
263 179371816
112 1160545
447 154079099
773 893118369
893 178232989
820 316120930
931 971305560
26 533141758
388 318725052
244 375677324
733 136464780
713 278499707
719 571966410
626 585468690
856 684445590
867 617720350
917 138214653
855 41444860
234 460212585
259 87805449
371 767554315
308 321149989
616 462271988
29 765369613
517 602831228
291 761817130
62 536387590
111 378050571
932 966238233
531 564541950
681 895564997
828 812092466
353 43107438
955 101014783
374 269685100
920 179330592
972 487752217
833 130587790
58 118335547
286 238567591
776 521373668
271 182126999
340 309133196
777 253772258
331 93964514
397 310419450
663 266979927
841 163646820
252 587984399
259 249519714
695 186225861
711 269940316
381 208965940
483 170072760
594 36904533
841 413786916
841 488683178
722 313395046
811 946116590
763 232988208
645 757638013
338 541694533
588 136251028
178 869216925
421 570034787
784 690082971
413 375688189
579 475913602
541 780330876
618 553840477
991 295877888
124 478234944
445 603163053
964 335014712
464 455051470
975 836305468
274 605157107
671 306961586
488 734573271
664 636579958
814 399278148
954 538723156
872 366765812
461 43795338
31 946847914
216 677597426
176 433537171
168 773584551
215 118043765
164 615319379
27 837498534
771 579483477
969 225046361
85 193160188
81 346909217
709 194685896
422 306038960
996 898450550
143 811137257
490 430857592
36 999467882
162 703210312
977 675705438
591 612393755
722 601493168
388 936914071
446 834495303
146 389819957
619 413494121
905 185849135
524 314006567
85 613340520
149 814711095
529 884756790
233 432176413
218 974243574
613 796698857
438 590582570
821 533457868
496 52160536
867 146331056
353 541029595
224 118832675
229 80913898
609 961354970
890 803674148
33 751839058
668 7872046
941 114546716
626 10919708
845 689849079
66 599071450
730 15157198
917 232810346
972 524821941
152 618783010
300 22139333
656 361827457
718 823015792
549 903907835
487 236697388
368 325319828
77 319060221
610 63380470
134 793737907
733 990438639
567 301274648
917 764224351
919 108213305
598 690846658
170 318817927
601 456712801
389 417790271
271 922941316
649 628317311
586 732295996
311 245405038
828 370255583
209 935182967
479 122451775
76 401821509
839 121436076
390 241655186
369 416835477
469 16241632
134 929564157
446 909783495
109 334573778
545 7573670
245 717828548
824 599112251
460 332980611
978 730582701
996 170808444
918 417986014
563 624224600
903 994836232
744 120904388
270 105285113
434 907874546
822 76670942
796 449424861
940 917392058
37 363842308
489 917457928
32 210176329
149 527750870
368 870022289
509 138841831
912 344735622
304 45271923
674 913647943
203 800617056
432 84428143
689 581971755
61 480047188
197 263946009
534 47500175
712 495246992
602 959012636
557 462764330
976 858465758
456 8518253
262 340298613
219 851576114
620 601629412
335 882739707
687 213170726
289 149501305
825 113589653
462 560445619
582 209997412
448 193851623
131 540568115
846 993264350
268 375376784
282 348663525
790 899877808
922 585154012
184 581157392
382 389628795
196 913809831
833 489464304
75 982544698
5 291538082
80 590179552
832 326651150
55 643730406
706 86858029
272 36797110
427 986684520
851 764293027
670 568707865
737 421038006
730 661753931
297 813435563
682 619226628
430 603819238
225 10333853
872 357806473
992 89609193
552 95593292
699 410177598
533 119130009
395 933604661
39 232122665
489 1448636
835 985719339
166 839766196
880 545341981
844 66636448
441 136115860
945 924081340
58 133813754
223 71589603
708 660075074
827 520543121
827 652446898
417 254463981
816 478555306
452 977998612
968 492990610
120 890669472
634 673282804
311 788830085
697 882032869
279 2603948
862 235724732
251 842370544
922 922171843
142 108374638
181 962159355
455 854602884
235 219324385
549 49604596
383 245413104
617 893025783
621 128165887
167 215671196
440 778968153
854 888899787
788 295527312
210 53800510
224 365332215
182 660536770
45 121145526
113 178001695
593 528355052
318 920596809
147 649014458
964 597549920
431 679173161
20 371912556
292 587584772
962 548653381
48 416633025
75 236728282
301 889604672
443 325152484
663 191029329
436 464234308
684 706946067
644 125344394
355 916228903
653 306021478
83 320974398
22 370542000
690 792097488
949 213925614
326 789055905
139 998589149
769 982614171
517 988945573
309 162003778
646 940596288
687 146534239
788 61597439
989 925032160
264 617821292
62 466934346
254 173765537
241 842864815
133 6738203
482 274281743
18 165305562
785 132973167
482 758745996
607 753826227
454 167991324
514 989788160
697 637146225
938 344173190
650 323792650
820 143219552
131 370831672
824 393024175
843 430852664
232 530844066
198 213905908
54 609412135
685 656066187
898 243741298
649 468289625
299 37004317
104 611243844
274 549512195
519 477460708
958 568294829
575 203072319
987 448184529
412 931341086
965 576249564
403 733855178
225 444478
794 434664346
370 412047611
763 364338894
919 129558214
237 386639452
941 697858942
479 431534370
474 744312370
316 240737202
242 160749065
813 979643513
956 865779156
879 20916531
759 69601473
54 181742262
674 334182413
401 949973932
591 737199624
404 506028413
253 394313711
239 814892048
641 222723192
335 684123369
198 664968002
725 952977171
701 481620256
554 427747583
362 43127575
364 800767819
129 562267061
146 770391446
251 184596678
412 551978435
355 540455493
440 888518130
606 171027646
468 161523360
973 680527077
193 620959763
409 55037322
544 291074088
889 138922396
173 521402815
264 35907004
580 900539826
721 261082088
457 814582392
212 223444806
564 188243248
699 609559464
439 956353307
577 63487948
139 724593469
56 52155159
341 137778025
428 14206284
446 555855580
366 707122421
884 29685848
963 128372848
115 38434791
301 440078702
955 740236798
801 238584885
985 123032949
873 104944092
119 622299976
830 868840610
999 189750206
64 852443960
974 30927369
564 527607181
227 872380674
387 184355710
687 287775128
335 202809597
905 725689777
462 900636570
559 727240856
757 386378652
143 169352489
866 202516130
640 725532988
229 591556836
121 92586111
76 544854555
814 52461134
101 137827578
90 64325190
15 460611439
845 888713887
500 564358303
468 925972472
623 264234904
663 766051617
259 242061500
855 244082514
852 624246521
771 349492846
400 449692215
800 657776742
935 577752198
727 61880552
489 459265604
712 547037088
905 852210268
392 62269252
862 487086854
170 877834077
473 815220428
242 478780061
415 496047699
143 300577052
115 259871667
497 187475727
296 578005561
642 650889371
757 402087823
97 882743852
331 136928983
189 195103021
987 251456902
223 508420249
581 591335089
46 414123037
662 247289909
259 7229103
650 649884172
290 736964318
995 298929162
891 119559544
652 81267195
428 349279951
987 13606947
574 118418145
554 899204664
366 268258711
937 653091872
962 228068320
351 359425598
272 939865259
89 690338832
240 65749147
632 791734044
964 30240186
587 565270770
453 134192994
155 320851002
737 861790854
470 668960531
544 884464195
236 379739760
430 215643424
311 44193003
23 859773043
75 408842451
603 100829253
968 7504343
185 49540530
460 620726352
253 825184411
781 500710335
671 75164550
262 436335363
341 154627950
76 724034516
659 104479244
315 422987459
351 94193459
8 546349938
872 851855248
405 300794467
211 878796096
576 86051897
275 602692006
65 450650775
297 951781306
427 690615264
840 200814560
274 695886012
946 757176005
981 445566379
779 71505064
640 93076915
157 720120490
202 558809190
204 260658048
44 205375151
806 219276928
342 214637378
890 50779645
115 579266456
460 379704040
337 815328809
811 901870298
275 410036674
265 334020727
902 339068513
230 81722815
24 289858561
591 564799064
759 339794842
962 459219357
332 57221286
247 438495259
252 620982591
659 654113199
235 431114822
677 851088261
923 787168240
944 399752017
511 261884321
433 716647381
938 806021352
282 800116192
857 918944663
381 852523731
944 965591023
915 483956710
152 998897238
267 577325011
846 118855799
505 983240014
315 407494733
490 286719398
158 924835657
691 541274700
2 194475894
52 27063188
953 942811334
414 96651066
53 541943097
972 188721153
103 678931449
302 219676574
397 397643735
231 386396908
870 929261786
573 453360247
820 262893915
780 204864687
523 710732853
932 544053940
959 371254629
862 581775856
358 219859233
846 44486770
609 293081065
871 668828553
30 92241180
435 145212186
939 627522130
390 570784952
727 196458918
262 148301744
592 413555567
478 787086547
479 598428534
788 144953022
91 961977704
594 917408203
672 818954831
273 716410303
994 416470624
716 109405059
481 47117217
735 90152014
477 702773686
917 65933714
937 382956774
917 13749037
247 967263713
144 361226286
22 49375443
137 236689294
164 450816064
858 971321426
814 487071103
401 196303661
301 389529198
269 852133292
835 929505692
692 701157373
405 557050860
809 16425154
301 917127730
893 105147179
679 762686502
465 116108532
212 628939507
247 935607438
135 514362224
80 535496133
558 919933644
422 96522830
287 210147516
313 531423563
231 684799440
193 415790618
974 67523128
693 387259864
726 34060799
190 529560322
110 543969719
973 994633712
398 640271754
358 302254448
432 763207957
570 786166863
851 170755749
802 741380962
15 402946987
906 878177278
73 601392309
515 873758696
483 521188262
671 407293941
643 264684341
450 656293084
666 970791348
51 16802401
594 456216978
710 428379038
633 312281405
173 626937010
821 289542660
382 739148506
447 263935520
446 692046274
887 965043947
900 535434141
72 295955274
554 871811245
158 815998070
566 141594935
411 797184879
819 146499337
863 650318986
407 12770427
257 548816251
847 60706740
547 654944450
756 664952282
41 848322474
587 851342758
948 317968433
168 397738221
768 268525360
2 964405182
371 693917302
125 717383102
744 48752455
288 798763578
129 643045604
12 913424384
359 230627135
609 480382214
862 917439074
831 771198656
118 511670801
752 493974746
734 636653951
904 721963567
20 142833564
861 354146144
781 580323068
76 102822134
262 168620954
413 695249077
121 711883497
350 902039905
176 419351660
190 740675256
1000 389376262
55 556056514
128 6092363
679 80169940
966 842271200
249 17334181
506 810506195
981 357843331
491 561616179
275 85370966
776 264209683
896 250976100
96 741960186
250 625070066
974 409840749
143 319410885
127 280877930
440 986712515
973 66539294
873 196938348
171 85621465
260 445440284
169 108673964
404 864830611
978 480567603
351 775082606
250 924543109
414 880272868
449 631071083
679 899650649
593 11516368
273 822927505
70 181630750
712 244350121
140 963908851
296 498561513
679 445966070
81 523434512
345 474554455
771 782082874
492 838829829
506 719772881
293 572332564
174 772900575
892 783370684
248 149377307
599 205946722
386 206713118
987 281191652
257 479118545
38 433814833
178 870933008
730 649049557
251 854238785
645 697944505
37 932817573
874 630278957
91 969160439
6 667787383
795 255069854
201 485767430
222 221691351
379 506192682
688 641830962
691 811715776
104 666348064
596 603622698
345 809543696
511 970206928
159 752255241
124 117216478
280 126905222
109 31654386
981 416985571
28 496699905
756 320672629
197 723088125
994 277944560
796 983264688
518 59792810
376 534656045
731 238396173
998 230335554
689 242522995
310 311812281
940 71552976
339 425418784
310 893898900
245 868256365
171 703653797
365 752960458
288 439343851
702 847914153
860 474392553
607 286065788
70 36403945
574 869699687
137 379640732
804 378671274
450 750875318
938 665847328
471 87749090
590 451348723
911 513251462
298 746101037
705 297002653
910 103664013
277 104672337
716 511453643
205 14306545
566 792458933
285 107709864
923 173525249
716 535786244
245 563365529
731 880054948
42 243550257
976 820733292
716 900822380
877 395363631
280 736659252
198 928404544
153 61992708
993 74531902
169 181658410
679 964229675
909 527943288
340 381378800
880 153328185
332 676255915
537 596641906
827 350258061
66 928350611
143 573380210
491 263717181
137 58996702
495 511594112
633 974712708
432 61712912
118 60345653
489 135412757
519 196615254
303 345112500
538 397848168
552 76301836
972 586351785
594 316542079
670 988353802
662 628510280
765 121208476
474 797967905
611 90149106
797 603502749
607 592961348
484 955660937
184 863598637
144 780558487
422 367349437
65 898974009
842 593550596
903 768672012
202 161233248
357 197058710
799 820519887
48 726203239
395 718981461
498 795827745
407 687761118
641 499485710
943 79151274
889 686585837
850 383212471
811 212431805
73 634150021
323 833194565
102 371530895
814 333184111
672 11568892
621 998466446
395 808198704
142 384480219
839 271439511
749 357140861
371 957401242
154 27711697
648 706680208
227 41256094
760 346237273
809 725517995
464 687978051
654 256809882
903 828770276
124 555222114
211 726003249
323 788674346
759 671737654
293 471672251
897 342281070
215 313060778
536 628136388
189 278652475
463 476996765
609 900967432
716 417274407
445 171519598
125 758422038
849 357760295
630 353155162
549 891549881
755 375993928
810 973719861
382 132532623
612 185182071
710 49629999
805 631376411
319 264246506
561 426283960
948 470964537
925 54093161
355 56513637
649 741406946
253 140711557
357 91565449
714 389132528
739 59439568
867 650484229
247 513273388
459 955572663
240 76093728
379 34508283
329 648937771
561 675599559
229 420256653
196 852793399
481 551034384
892 723478961
162 640070455
832 946672497
966 344436883
559 41769778
862 449578034
53 408264966
929 297047843
403 107290967
436 635578243
549 182928187
314 819745033
650 35445360
550 136109664
533 906610841
166 571433560
223 777857270
390 132254268
692 900981580
350 999952605
502 953559853
787 430456172
623 626620783
220 161196516
766 367272333
233 706522987
102 109436671
919 417684379
305 763670858
427 139699616
669 648824430
825 482095772
17 711020923
21 738681246
542 108922107
65 664382725
816 272793727
176 6978121
366 882139299
568 72297019
181 522501014
241 469139816
112 2654339
101 892023595
513 2570496
588 949225630
152 201235403
29 732415173
57 286943506
107 217508636
189 892957575
526 279662979
384 57059079
710 276795521
616 879003851
814 298302677
25 298088107
427 162363105
948 109818255
69 953888570
123 948952718
305 831523967
207 464401714
455 168573220
181 661455236
974 91348549
887 363556984
515 748190221
946 118950753
524 34921349
819 193665107
261 193259896
732 551083691
999 709208195
712 241269948
142 245628059
281 849978066
250 99965802
78 41610537
507 590844500
261 431415933
532 870983170
101 75386988
705 441744852
202 622875567
182 387928517
490 769964573
770 891970584
788 110616288
984 870880904
320 821669786
716 93526104
635 275976910
160 687163966
998 385099418
606 415064206
145 866901037
652 473952111
835 787534675
986 505833932
732 252070495
247 381169302
997 360473562
565 63497873
522 645435633
690 778778804
92 300611481
439 236704638
91 718959486
969 777454446
223 38554680
435 298092873
771 967153171
117 952039942
259 7883454
18 809155575
132 286797676
333 473186133
592 676109638
340 697495860
718 424674025
678 440362384
211 89097043
370 107510216
705 623066765
195 286942357
533 70961877
370 916576502
430 25306849
618 23644917
435 358104758
615 140805879
68 892393299
635 102273182
715 494759307
96 388114241
891 735174872
673 795337968
741 884128386
448 706581190
120 881552787
411 17454288
166 938737706
587 60491586
291 499837263
14 603997164
342 141696684
555 40086344
539 232471238
564 563642130
664 771391150
806 426387354
283 529182855
643 169712633
233 373266301
871 925488280
839 241948525
639 209821160
132 627136923
353 534014485
894 5056829
448 808274726
702 438950930
37 525335784
310 718376600
823 38242557
738 774638066
554 746204914
946 351812831
95 353184311
84 752719151
113 462872835
700 948748518
41 796436587
724 697881547
17 168171838
793 285249364
384 469971758
70 743283039
158 406077995
882 592515908
347 100152633
694 796592611
558 219321729
473 267136056
351 17623147
21 699886259
38 989249461
748 46727947
676 702634772
535 120392113
867 545250673
419 95201227
227 220760263
970 513812034
745 607188272
304 202709446
580 939031523
191 142737763
821 941813776
504 456356290
974 129920096
583 315539635
837 5977431
240 292627218
22 603254256
714 121397433
366 209985780
729 91735165
450 501195004
593 136597354
53 184840601
430 749326267
184 71854056
655 278515562
446 566151664
61 366085296
569 820940767
284 476898378
509 184442309
832 785717890
145 762604939
203 939423008
194 885112676
931 4081074
369 140217945
221 917033304
679 581586904
479 515172724
607 345720315
614 773741452
716 999580328
401 894514177
800 655593921
38 619432351
484 762059032
132 81907294
658 203140730
493 247026928
806 138088858
392 69326226
858 509804040
491 177713461
398 252427143
805 713442944
403 761170273
430 827756252
63 94695525
992 387105258
900 893159299
828 395780344
536 676469132
221 795444177
791 361378423
826 543588793
900 643549720
555 7855464
295 771801906
544 288318188
979 12175386
426 739226733
433 848511414
580 313809927
822 82312873
634 716993511
412 770915871
938 697599795
461 683179470
956 834556378
12 92110222
501 862418099
617 13178920
575 561824171
479 672262702
397 315535208
595 733610251
88 665788055
961 862310772
184 376335430
733 723296973
672 145480974
405 185288190
790 463833803
964 690836575
554 684198183
753 381676561
925 921427271
845 938102157
581 683870438
349 141137640
842 124605354
278 441016461
25 749483925
40 38789412
794 983233957
414 999378199
450 192554258
738 418477075
193 791263118
921 408081794
926 801651246
550 76788163
900 250389972
113 193508307
72 481997304
13 146398335
116 963031117
797 92820132
590 843478829
267 689966500
3 240356363
16 352614031
954 106015487
602 468814268
580 852585954
628 859281268
235 417938965
650 664964449
505 750841856
146 554595738
141 482079249
975 854446628
100 145697078
574 403909697
272 918393930
816 421572188
293 326836381
485 377518770
894 564858495
433 99165916
616 536508029
348 978629108
193 598803816
26 48675320
637 439514425
347 690449340
83 18272847
609 884327759
289 475679904
122 526898854
970 225556889
93 600251023
547 924344649
898 902961263
884 264188930
81 672489913
671 103061503
654 496234218
552 527672197
676 3020513
193 318870699
258 966636789
444 349766006
381 711349931
89 705613019
920 169621072
206 360114667
329 106938007
526 952531706
37 39042849
672 574731
970 813587112
253 964156798
381 357462057
901 283315709
532 110497465
47 483771586
870 425189458
542 261597248
417 829485571
610 657154220
882 219228815
880 496906516
260 651269249
463 71854148
621 86357118
46 807207279
849 703145664
241 826819761
708 191856314
699 986907914
870 233101038
233 45255142
261 782825816
24 315791724
201 351288074
897 547678994
785 37738004
252 824935877
286 922485505
703 422057317
999 35426136
535 260504918
462 533597301
617 15907139
324 889239927
663 860871745
541 455798750
361 887812677
20 756734567
961 922045019
789 789594717
180 296455858
458 253636299
348 639128671
872 140881053
987 400821268
610 661775624
507 778167228
614 539711973
738 349619484
347 325244584
731 987001238
125 591471788
832 37168148
530 98731145
98 112158157
37 952198627
288 576684776
402 913144390
366 268400051
916 688820509
943 389789619
558 696702723
244 379548482
337 751007368
314 731529389
882 698191081
833 655130611
237 697639694
208 168959864
878 150826820
858 634511558
382 912536779
70 682882740
448 978069078
538 367962601
55 406486706
75 55585992
734 533577694
903 31509254
237 271891346
172 575758212
866 528459020
527 910850882
600 334094460
798 232633190
919 151036137
803 428876052
660 164704031
512 452490944
261 994095976
791 343095095
547 973686711
902 254212839
788 791772005
35 129756771
943 994246445
458 114995451
89 172031902
244 330381699
69 995960031
505 785510918
135 127580897
763 181350455
748 8935322
799 57049373
782 318723533
855 792503493
874 803150237
684 139631989
110 152122785
72 18167458
269 698470438
225 659172842
467 965868431
674 699552273
255 462316950
689 641665560
969 52366043
44 599304008
165 959274823
613 532339803
609 77806759
204 550083141
35 421602915
102 404833643
862 74813218
431 651416152
548 149285781
580 931932982
696 322004777
373 296596461
105 968581415
467 73778101
628 650021598
822 118646573
528 124319414
586 590887185
355 356664006
157 576736188
726 688663730
842 200417495
614 142102222
580 119949739
642 355307242
453 144547453
527 715316178
170 326089859
278 693885604
837 823748289
521 421941258
111 725857548
648 386514552
520 138017817
230 389920819
857 766514010
333 979572111
568 734462682
266 15803617
782 803695328
341 688172336
879 458401528
280 160132891
394 625155537
846 250766040
224 111805502
113 524757154
252 340388193
251 627007700
647 14461018
475 691529492
511 746864934
745 577876211
311 911684925
412 702251091
827 86560986
906 959870046
380 65333466
562 308605140
785 717806933
872 192613537
365 928689299
545 154039671
222 899116552
775 734509966
951 227192994
900 401767711
765 112276547
191 401731826
22 200702435
414 804979077
548 623001124
855 850414592
647 526983682
298 413445835
29 402101664
536 644866487
777 336460458
273 541164646
175 784180066
634 422291629
421 224924405
107 574358318
96 55949114
554 512107351
921 110464015
246 24816923
203 933389379
878 837483193
490 748688214
323 46812920
246 79606709
971 498773323
417 76490105
248 666332637
466 102276138
45 530534256
725 220673349
321 82995365
228 27785829
76 48797178
880 293029304
33 93695073
43 12270614
589 91921007
25 61029926
207 613372559
814 133047759
868 42975040
783 108116244
782 316785898
11 725563150
229 952467112
241 1357501
38 47939546
343 847903066
126 849947862
475 170074537
355 894326197
678 786426269
134 508194910
331 874058992
921 104505465
693 125315397
935 484063308
843 279791906
344 978395018
834 284223829
461 169534256
397 104662577
847 889664971
915 607387577
950 500921639
554 507133295
19 413948644
940 78647173
423 386832552
761 583807042
117 15213969
765 784856763
343 908961065
537 586393582
784 626994559
952 596361984
150 251412436
966 38288285
554 688687633
809 75269406
133 566585082
188 623279674
315 120119874
802 187698411
226 762927187
116 76556136
159 746541515
135 374708141
930 732467362
424 470038145
981 452949152
87 278617784
365 685937380
752 653387424
900 778599996
362 281665729
343 564995445
825 314099408
432 827635765
282 967690565
150 721884325
572 461204988
425 594465477
531 87466340
33 966338023
736 309366725
796 571088666
170 502458467
536 822456358
893 377106912
129 210409665
450 14435396
809 310434829
250 94416417
839 410000910
204 242213392
649 808897796
105 417526948
177 494107615
927 678892300
597 726857935
50 727810833
987 342427748
871 225709615
304 706067626
876 168019909
624 416345692
864 920445731
877 205940453
834 43385911
155 684884776
742 219701707
735 857062283
292 604423061
596 173947804
751 428559885
314 362564884
142 374623528
831 557292422
779 157124313
782 868823101
562 575376919
450 588173702
126 728848448
876 34796854
85 449899299
972 455180024
717 800917057
842 941925480
746 504422802
303 426054324
76 465648867
6 625466262
663 420891381
842 245468994
25 724842062
331 853956563
173 593571220
446 415073077
286 591418867
252 945666232
129 618486112
389 954450436
424 523386111
274 828485642
240 840503161
523 147448378
487 122031950
12 687487185
844 75276155
120 26562047
6 398656405
486 595164337
541 600687125
817 135896306
516 91065340
952 449142221
935 260042863
560 635956739
556 724001736
714 515302888
531 239027218
608 206315464
989 148165789
11 351214661
799 441803235
402 290851387
61 856966420
455 858494431
956 260499992
200 72362750
770 169558658
66 790665451
10 847830263
734 697721000
28 763950394
283 167203891
237 128308894
634 428643635
279 984813282
785 264132464
151 196203736
811 985406629
604 859581045
934 835567522
286 477783136
266 421442838
961 587631935
859 530198393
625 916159275
728 922106979
807 554222119
922 35777345
36 808190500
317 649953769
676 954080687
230 597199102
46 57643940
15 968953553
950 965908581
27 629737403
125 218273892
631 68199298
141 775767133
325 694333392
139 916255554
382 476216196
952 214302829
15 256588181
618 701705541
861 140977757
698 715465899
442 817462603
379 68196924
383 194423871
545 47780882
440 178708620
848 281870787
448 298194356
710 53721222
812 542382887
331 196983560
613 123846899
313 349717942
113 212598329
125 503149376
429 52944692
580 459432438
150 84017751
823 461816501
2 739293475
83 52643158
422 801513846
437 597011440
74 263731064
283 210255502
578 456017676
429 567515004
124 372079212
195 793656228
907 111395290
641 120616780
614 975281612
805 127091646
187 13559816
759 438662868
85 853104411
841 597255190
396 395062287
474 472024382
138 929063710
232 982439495
653 336702309
154 122909767
955 948715296
72 317329286
44 434936202
153 578045449
433 734486907
398 948327655
22 373008561
905 155489202
136 527346162
117 21414395
968 327972461
732 197162305
548 84282373
277 426450191
726 884139400
218 775091586
14 784169609
908 368627462
704 663711
534 165154998
855 295727921
123 332550116
782 104743113
391 54406942
951 772496241
857 911368446
33 814663783
950 796433796
258 993521270
418 296421912
934 10801245
484 914614347
425 447506247
49 955561795
97 479141573
53 545882042
16 431209818
365 61672998
14 632403818
440 929889329
152 190979425
332 902067121
471 831833417
928 108353630
116 777006257
568 490105857
213 418402125
52 755065108
334 451832574
771 848242047
189 443993048
756 631157003
236 902788748
304 155603007
126 792863018
120 477974272
96 724266474
625 624733169
866 493772788
309 813476552
397 765383266
10 914337046
989 981913682
392 327483393
703 362579530
691 863693847
236 573898337
736 864061813
726 95295835
445 942536799
395 126066082
373 258758326
180 301447381
917 585466381
647 136640691
931 567996201
381 47112986
205 118126053
872 18052730
541 373975218
10 139062096
800 154190843
862 945215373
690 37960143
92 122108148
633 97839018
583 226701691
905 595195639
700 860834211
312 746490436
38 764088663
193 42242294
747 5583705
48 30895161
21 895438495
747 108545902
90 849165708
58 584222492
883 818553410
756 61087955
705 36996816
601 330760683
170 978362863
953 590857811
180 215589475
14 68349872
309 142797576
196 232547617
124 972484093
891 283407474
445 176619014
302 546813020
909 973645368
380 306143406
100 30481471
464 179814836
595 166366015
708 364280935
914 561926151
926 594953631
305 437709170
88 744071231
649 33029016
16 555324902
134 665506375
933 208338682
974 481004607
816 786316102
41 800528237
504 966735114
815 912539692
868 47046275
374 80792439
72 146314796
152 403440555
862 541061529
40 662194428
553 405642254
81 307675264
851 488044554
458 908776612
148 985094533
325 110429430
193 111362874
742 863138417
890 501596087
309 772204829
444 19702428
586 160790727
961 253081790
918 323448230
260 617102661
299 772892609
418 558476793
303 172891563
320 687138055
793 383113968
799 56154969
315 72141605
879 512270961
457 890385819
96 483831424
666 745431171
537 958444130
717 973540229
821 429699217
636 816200897
720 32705544
916 3276576
258 791918365
609 852028368
225 65775508
520 828329963
731 398853710
765 731077691
324 523977197
775 729884218
636 956419009
450 551136727
40 73109041
394 173402361
934 643057241
849 280433440
935 899751242
223 540621922
161 807295060
648 816789870
588 326950792
712 24344760
22 896821254
645 828165711
301 805932043
854 298426973
750 484009362
669 971529697
146 575146016
792 169002952
625 64605769
293 494463194
818 840318987
874 342287629
781 347392841
735 422226780
376 580572147
729 748641144
761 418178656
352 985527479
433 593369982
68 553050906
99 945221069
85 141649256
239 806966760
953 536432805
199 1107808
450 350931825
325 106396413
607 787537080
457 843897737
536 40173952
748 690176423
291 826107580
435 807115558
904 181033189
20 151626338
47 857859904
898 663290978
870 303734806
83 209749905
20 807415171
671 107283555
428 168027247
563 898003499
545 7052333
525 610033661
210 989599323
838 204858645
979 97294114
739 191658141
341 475614186
174 77207328
892 329776065
752 370778127
284 540703524
726 853019473
68 139265970
778 444143870
59 595166436
853 220825791
392 832813780
188 194751365
238 138870190
558 356396290
898 69604008
621 734366438
446 463426236
507 109420650
370 597403200
280 197543334
649 55468367
737 249400453
922 481525362
896 112350831
839 730413705
520 987540017
979 157589869
66 164787913
328 264327797
743 79113048
226 745572267
503 937172360
517 327177439
524 999542911
559 22555289
172 806160956
103 85084081
571 762942331
104 94302168
140 311886205
119 198437857
46 146788987
805 446879956
178 542152610
39 333814805
14 212906578
260 754304702
437 186981714
564 177764619
297 703754822
886 52289345
858 717609556
384 603396312
725 135863948
399 37282243
323 120130392
433 112638766
991 298104396
519 901799779
217 186184427
395 123833045
406 832667956
183 407874297
341 863648298
59 273233226
801 419321656
460 323775323
705 809811643
73 304612215
732 595270949
872 98829218
691 620723389
263 369643953
139 542927954
216 408568872
372 561281612
744 91514727
654 658084354
643 313161438
536 345653214
318 502804313
869 431352688
900 50397145
449 551333055
443 256094584
945 879412424
970 254649221
661 607137264
804 730557411
666 492293570
643 676249001
619 772889089
452 120451286
888 30373915
375 280648735
699 261524070
917 533300270
963 443793357
939 229242280
45 577971898
541 744171200
213 391238248
451 115172907
115 946607760
190 125057808
541 8076302
340 935862511
788 99709902
190 104794283
282 10547903
975 225212404
983 40595768
871 729577225
50 569452259
461 882684873
306 207351638
680 783232836
955 264662972
159 19228919
606 49504147
210 631701
214 186072024
406 604140594
287 582615219
632 117787644
37 938576447
861 807433259
996 508507609
656 304577639
306 44249313
330 662032084
804 19694224
761 426264277
798 935722966
399 563506471
654 717345360
160 566650819
720 817705166
103 908856517
684 559174674
615 725795272
476 143944051
985 362181470
395 599756239
715 811379901
837 119614649
358 360828651
676 988412017
286 642845735
622 802884046
863 173119076
563 325282436
830 919047973
620 215218837
440 129769556
357 782888244
523 102488365
317 841636540
728 915700283
305 220321950
120 109664881
194 930143023
752 937498841
782 443725794
211 41164982
804 52859679
194 733074781
440 97321236
383 853631437
295 241490036
425 416726909
670 867448595
856 694152524
52 966365199
866 192617937
16 836830874
958 463582972
797 627181361
610 569651599
48 740190134
886 68190835
52 304672777
151 6568884
17 603382296
11 922619032
147 91854632
930 266254683
238 181633923
705 37634398
441 601429299
758 125276549
28 527026326
161 52188167
118 706801744
199 132053970
988 277721241
670 635341469
48 766507276
877 51678998
580 373923900
193 31289932
41 958701292
339 944196499
258 109481458
449 778135685
739 332584169
561 65219984
735 120641716
553 64089695
184 552781302
635 143202001
131 7632570
362 396620105
692 330397000
291 855085982
929 41255938
350 787332603
713 872577677
417 322167333
772 437755163
217 352134138
895 379157946
491 822032707
122 719027948
422 917787836
435 444200623
532 947548078
598 728916856
842 101335972
32 355678884
252 483030304
780 148144623
955 74567575
368 895583083
680 238288434
430 177806414
188 481617984
1000 331514720
413 602165382
894 954910324
993 919923898
435 166781530
24 201158738
749 582469349
12 221951004
971 305619228
896 569388153
517 516561571
770 50332376
204 472603013
739 589527365
152 378618009
648 567090628
905 340468776
272 560900900
969 60591905
19 350213470
44 476189695
78 465722522
575 928436808
830 332906164
872 13153055
372 78875880
138 703052893
735 648361535
18 86008453
179 27094641
684 496970491
389 930434519
541 377204424
731 901556143
636 454854473
714 655939280
169 101835826
196 656641101
347 63207803
506 288509488
916 396299625
300 245814353
262 617323125
340 927986379
810 547575445
107 325373857
454 8009213
997 939505892
833 107008784
93 662837789
97 423280708
23 791771729
765 33560572
391 59667751
247 158406916
887 357047231
201 650872591
274 111302177
282 562309924
426 994187547
882 443593159
618 83703075
79 923478801
650 333605589
449 621177234
745 870267753
40 691368032
477 550856380
237 181366823
922 589080196
691 634553235
607 128136497
159 29804800
69 37489700
887 464180436
753 827015814
454 445998442
731 236903801
754 560391968
890 69993837
198 111757994
996 726015353
712 485199805
625 927497335
833 49947704
261 121113005
470 703109652
871 548111024
445 61310525
893 821917174
564 815068690
968 433119005
895 419130806
963 351977961
842 998755195
140 529991852
789 31477261
641 799920311
983 448343895
639 182181159
532 85040220
902 129050310
117 902666191
382 10307013
335 76803281
537 546075297
634 561226160
346 19728397
293 513955089
582 904148368
742 620657672
487 382272501
94 125711648
934 851383461
875 690660030
963 514175345
162 876371228
873 425490534
389 542354264
22 183862388
392 246841781
683 919978881
740 901662193
978 115696506
498 653211492
488 262168156
907 776986551
402 720539675
776 255326910
323 136379596
279 51075938
786 990560236
618 754769
178 974660733
189 608857031
906 328898290
477 268453418
642 210231952
527 68242131
986 115240351
982 322307545
304 226543917
206 73386104
933 719284780
356 603331170
300 330642320
191 533365619
27 149410646
62 932481038
59 70880903
166 24165760
12 919641282
482 846387371
838 489600844
593 789181805
278 155760282
457 93444002
226 906393524
698 307718535
426 587547722
464 118412175
258 264269849
81 471225076
494 50848448
491 406895640
805 643688428
230 745554241
535 722060923
931 127591726
951 89108547
639 560016801
113 291186824
212 86108652
328 340179320
258 287524647
680 811166184
242 417108580
666 651634453
658 343255358
918 791677204
992 314754412
105 939495948
729 81743004
97 56016603
494 714291460
137 584741793
472 774797496
506 895591747
290 619971836
852 629646149
186 615600233
682 652710059
983 987102752
496 434760383
832 916545687
125 859291439
173 550654446
583 842628104
426 648827570
738 953709009
599 237103109
872 706029907
66 297959291
18 793602690
853 88917735
554 994938254
618 580215127
95 972351165
199 165076197
888 221555040
516 961878186
469 696439864
298 612650263
669 74491466
135 35569471
762 193639795
738 710379305
334 121801810
931 48566721
648 303768081
994 627659874
898 732766861
169 848803598
879 822958592
1000 429063830
915 366007441
871 500536386
621 213919611
737 12294874
381 731221758
870 70564229
315 330918486
866 512097618
644 557933659
695 935193818
791 654730760
124 146826993
122 962803277
338 16988561
183 26584316
564 270451910
585 86961628
316 430460592
924 331738810
359 662812407
800 84407922
148 956462746
33 697681049
268 31920167
247 352918507
802 729945249
148 704622612
1000 285281301
671 713275612
595 727875076
901 163032104
861 355471654
695 836352374
380 825162299
389 437933569
50 632663083
563 240507672
694 33038731
570 875829304
373 532944205
974 438349064
714 672564434
672 68978280
321 818448970
876 476424881
347 135530244
760 121552599
533 623236844
47 38149989
363 546519331
475 541009064
123 382903590
845 235623045
252 965426520
811 119301837
47 632939159
163 598632205
76 337082913
955 711276756
780 109369819
755 763607536
255 633278302
231 266588729
450 624695843
992 557257796
230 399603291
769 70587808
189 288180484
250 969346435
487 9370473
439 627656340
331 455210337
9 308355759
163 73886192
395 169745798
350 193747526
822 60667687
36 772539892
311 387361471
607 820182555
576 339969842
677 111801651
393 896859871
250 105413229
515 144817365
9 325398766
82 27558981
917 47899684
78 76288649
208 321887121
837 993104735
83 97598827
901 222590038
4 560972815
86 630384354
370 299697284
413 267529983
957 484899373
972 139813145
458 850506267
522 350214172
368 205318968
87 406436104
48 304268114
797 542006547
314 344752341
814 432420201
194 134577203
841 325241957
546 953863976
999 862276857
373 742737275
893 287817241
28 171050000
945 11317325
362 961225319
588 791281987
759 789220909
85 559500656
686 63553844
485 145504552
455 7558584
387 83622607
623 672062118
905 66293473
132 174918431
262 115001517
404 974942031
448 699105173
464 291769121
58 771278520
983 799245202
507 708287649
774 543145870
222 403594760
229 668460239
23 643627204
546 724279989
604 51799038
44 903666551
540 314706158
310 457538211
130 571061631
918 793511717
583 847332874
773 143778702
752 951711994
550 374566275
620 291129394
290 771511666
652 745162361
296 661034712
406 380188233
51 530168024
919 475008513
728 320392594
253 326871655
766 85329916
634 477009620
39 315368662
487 124967538
71 745734783
949 369255692
424 115173134
191 823824698
76 862589748
592 721412555
328 210698844
159 941501382
725 281442707
786 950281359
437 164372915
929 438265731
178 320816697
567 552150406
881 863922486
930 9154568
385 376956974
912 256494883
957 835162736
950 660864704
871 914931689
764 445581330
943 848541628
487 363408802
759 14684168
481 103337096
173 267844478
764 24746944
835 184910242
239 100374122
155 578524261
45 458355741
33 349835221
241 987025945
340 385596081
191 902922196
839 722098180
136 490589773
901 934414718
506 49785479
547 137464900
260 918393383
79 116355981
33 401603105
875 897286910
137 11929244
517 384448706
853 538557002
529 229348652
658 854047290
782 65721532
911 488261226
279 512066026
682 541904182
868 633195311
722 32095680
825 656182781
533 353712811
853 153643505
899 740027622
84 798369678
939 802588927
535 117724751
565 354952720
624 59232026
452 508280550
603 651099897
811 669206073
159 405300934
374 428985942
380 493699257
999 587776117
971 759261943
742 296012314
185 690210764
51 535077577
994 69282431
668 602003219
432 894780893
129 745240916
670 145617868
663 761476913
207 285207867
992 117870564
402 772008110
925 58044169
185 888866846
488 324992454
417 207701209
931 935367074
106 624078787
786 577780842
443 122092245
537 872182463
549 86498343
217 538175806
24 919358722
209 722299213
350 279760723
46 530625444
466 97255809
342 589781196
616 22057246
536 754560687
418 691718841
342 367514419
61 130319746
865 301118517
760 492781171
736 173907776
731 10694368
771 690097733
594 451993866
857 422971415
921 399277319
5 442459258
377 892259191
376 933190959
316 421763312
411 977363090
206 153266597
950 355644850
232 4693456
848 795417921
473 99757416
355 860981520
521 659878691
288 571210470
926 134695429
956 725835734
755 602016110
345 150950440
853 583131484
24 292789740
237 140266668
321 556051883
999 680755268
814 61355970
461 842288626
203 251020686
930 749383678
453 609355897
655 339472197
991 996045665
834 15183975
342 77586852
964 935035653
151 944170922
490 112432351
26 677926584
817 822083355
976 399460573
561 478506157
615 83763365
243 73514242
790 695870957
453 699845783
119 313929977
592 174201901
179 606048944
277 878974429
270 73240489
282 430115050
753 695972296
761 912167272
347 806306873
723 372355542
871 443611242
718 809956943
394 103346805
610 303574975
58 604421514
315 713840356
36 107178936
909 969979717
884 112212590
65 354592511
535 265021080
394 38428289
972 474450302
503 253360089
704 116387597
221 344510029
976 36165344
840 356996545
866 383876326
800 809394599
411 207291738
807 129394861
598 778335057
688 786846455
530 232001533
236 656456833
433 212583470
33 944031957
918 203116167
908 327149198
915 370300861
24 436905657
723 608501451
646 474918767
116 341148675
864 295218601
294 705660201
296 633306108
476 425665343
102 109099999
346 223960446
959 499796186
83 222338732
694 55482853
475 639587519
665 820935874
208 747412456
118 628979837
887 171729860
409 466518551
268 700712953
288 63487838
518 717087138
111 82535130
617 954145634
835 564399584
459 950523231
966 415492150
486 452885816
555 702432690
130 367428248
618 682776912
926 717345379
812 638713255
116 204281845
799 105452451
185 341053945
34 208606097
262 862432717
993 625315622
403 737847326
61 125482751
693 699440630
266 465371451
656 297552354
463 667856992
68 714405563
800 865943030
904 212376426
533 708220399
902 722991982
555 928202329
5 657120314
592 390501841
502 515432865
294 586476145
151 958571326
706 588852843
260 95292106
232 269397896
983 795133163
609 160284707
925 229049544
922 843876966
997 229661810
13 681608820
605 796107140
278 278366988
206 361420059
381 325199126
174 589418842
493 88670474
718 50607880
228 283797463
833 800377469
514 486597540
760 273816752
301 964144144
608 918372233
311 474423173
812 761543698
1000 898357083
801 8478837
490 30954903
729 15343713
857 740082084
3 802611196
94 989520257
384 994233657
399 889005494
559 704123054
446 222846963
379 304471774
371 101720816
846 490710252
92 949101334
252 425391736
523 102696328
562 794319462
196 827326276
711 897138528
790 355354272
887 474183936
233 245802482
649 723098859
94 710280175
852 979564087
206 748312292
490 567712786
87 957216579
761 236152473
530 510377012
180 596137627
894 899440394
969 575701719
867 605198120
158 790073259
359 61418753
486 8328433
478 997637788
49 593274629
101 988094917
418 841865439
511 75032378
32 88566451
93 146523054
425 934459700
575 100774286
776 464899191
738 220611254
261 428837406
165 285608879
391 467526951
969 68415532
233 619026598
231 669481631
18 470134481
699 633323265
995 572843570
969 911690671
929 717472301
725 132857755
433 84631102
694 515187175
405 29130667
750 672930894
484 384412891
883 482975084
229 186106650
130 804100384
283 53919119
863 432280363
424 732471692
755 112109938
182 177017603
575 506224472
48 753384919
251 859030335
212 49018177
561 838448411
6 567225848
83 499493013
503 854032368
963 480455015
954 537076618
111 848539992
817 500446776
942 586526323
702 462061802
75 903071909
521 953668934
140 427802772
95 838367418
149 750236316
269 859767121
390 480178886
866 830071830
514 702641718
815 540901955
631 80999799
725 860069453
959 67563245
753 175618778
124 319683986
676 498803898
550 578000047
78 8010460
412 408900874
688 150551973
87 725962058
196 417092233
618 118580100
313 154179592
21 91986433
348 452482506
835 27309438
941 150222781
541 733269585
162 694834292
197 923507352
364 483345302
796 449199327
45 952017227
101 263739655
753 298598551
340 21414373
912 735812749
541 644342806
15 679128837
852 768637891
615 139947443
721 233027388
888 417254783
726 532526130
776 576900447
749 668989726
800 264670624
59 3801739
927 318257839
884 22176319
604 483444316
714 36562872
862 667956975
271 142378574
33 509548111
644 606688394
20 532431015
947 701421842
533 400128038
902 788746696
958 711695538
528 374917896
362 664578213
102 989693694
636 962071813
550 680550131
453 45010091
689 780976869
466 16992436
674 138920279
138 669238194
98 116804255
818 748205564
701 72257746
322 362489851
169 72861200
808 782029566
92 803588901
523 318421366
43 978972573
282 943997434
223 623258380
810 46379270
98 270225207
707 652863534
65 476077391
647 141275955
822 403558452
939 349095206
761 533913777
351 613629934
736 551467538
462 389290422
298 118540631
91 873672035
367 99726826
516 237465312
598 935327020
666 451791383
818 66582346
31 711387748
634 340960628
546 827562089
412 27707085
173 453405548
38 409018804
951 690334279
264 888567416
307 109666359
911 226811113
76 869760446
568 603987899
614 643596747
344 195111078
536 969355921
454 99913444
590 922400285
543 583097994
164 862165766
67 873461814
753 678136054
633 295565593
903 351083601
623 296182341
198 637607332
749 333172342
90 12532612
223 313281949
89 957096855
732 331836566
974 410959291
168 332911087
557 69400627
720 85912933
701 565773483
278 757885655
157 144990012
334 66011912
139 923246267
881 316365412
747 158527705
463 39715155
39 416334953
820 813139930
908 252958667
644 178590001
864 127576209
677 934793342
137 830391314
204 24828060
954 206772224
744 135464854
269 751713162
824 980601908
802 648524223
813 826833199
147 933086894
370 391136264
708 62580983
658 179626459
521 233751742
289 251882769
482 656348487
803 496269947
60 322780406
340 419901553
197 705541222
841 129730887
913 996796951
458 938656710
153 985998721
978 873316298
486 994289797
694 440312492
167 211587963
785 987371835
96 128423898
215 637129049
115 304777352
73 628246161
695 507704331
958 11059497
6 660769325
833 627914992
624 997115218
660 643409772
445 598243622
983 736533503
456 327839424
962 501283591
394 144542027
391 128094236
646 614978072
30 336020155
13 504503852
943 721825107
653 592036190
351 4262198
75 389328047
563 943137666
649 74060259
656 3331768
916 24506365
858 281912799
934 653722022
969 791770721
245 356273398
821 46974010
677 806627011
474 897244734
717 17539743
750 144948719
177 946725459
150 837567006
530 429446889
379 383815156
777 451837031
728 4932109
315 554370894
857 446053119
946 433704150
166 877364614
964 137491097
41 726205054
635 162966763
669 762172710
670 570211938
438 798976176
865 83327796
139 129776191
322 842863941
111 83989982
166 574467098
371 517514057
361 429108467
114 927127929
105 818445755
283 704082027
426 80049098
728 220800607
213 589465474
46 957274790
264 710509346
821 220313851
970 412707286
343 773205485
454 184913044
593 174556078
788 874167582
670 435380628
864 734098783
441 7415069
417 107144380
959 626012121
365 46935792
778 567854198
207 413887907
353 773788189
490 315831085
556 746801031
38 719653633
404 834765421
55 207745370
641 2410327
656 766621133
812 383600861
731 687394212
472 81470042
165 857522188
972 918150374
36 403348095
286 165576215
508 783662685
787 505162933
172 844118258
709 853893798
870 659557367
482 38124896
258 648692508
619 66023584
878 619315629
294 592400058
637 698368971
399 617396655
999 461133977
871 389305364
767 648267246
773 16929232
713 604839996
741 546237199
798 57243245
768 822154281
225 364028283
738 949356555
831 867403328
929 414767867
403 756725273
343 969581093
951 446024425
40 282115535
121 609388736
206 562302714
656 162139613
475 728239608
207 589626923
124 603616840
211 42020832
568 638265599
385 301363036
777 394169295
458 468690876
591 326252157
956 233468004
725 821838987
251 792084521
600 406912380
442 930443582
856 649878887
381 356408018
704 372056960
467 839050249
87 363218756
897 667204066
475 765515938
84 585964931
999 46987907
425 944900473
303 92114843
285 100408764
953 593043153
218 329441248
266 772553634
298 511799454
704 326503750
703 204975843
204 23624264
933 930011235
938 718404374
880 337968204
984 626168479
356 573312318
618 73002196
392 430520307
458 447108073
662 111778093
100 429127161
676 857144762
457 830399029
830 183033623
3 429398354
196 540768622
10 524309614
259 434782330
120 25624188
486 26810609
848 443737265
294 761922939
756 282610085
178 47654629
317 649583585
119 557728242
837 725111925
445 655137478
435 129957690
68 203571301
126 423710202
571 127728470
568 916354390
659 322592946
780 851414152
27 336966562
684 113236458
673 67708623
333 680069965
558 544182045
736 173653410
521 566852207
566 691264160
423 940783626
634 202702027
631 199198663
472 732589802
307 957829537
763 535822346
932 84965324
899 134285392
828 952662467
889 623910171
363 360924684
775 330647917
133 999370080
824 288542623
145 890019201
294 224386470
559 46665575
485 144605312
82 920349573
800 914036781
196 975472197
708 404875668
59 807551828
683 161347677
413 780955533
535 554115668
53 329071341
907 312433869
542 738682374
641 323500810
810 611231196
550 215351450
908 462710571
206 718345117
378 747244163
789 457315931
25 689507310
288 608087
332 489672133
170 213049846
745 678873131
718 765083942
608 19055054
863 998904885
941 886927645
535 430927104
677 828508203
529 33131554
89 300537361
897 136807007
802 401608291
226 230080969
62 66143420
282 358682307
945 663289224
883 910870517
487 195425962
742 690564531
67 542383475
845 346266740
426 777064506
308 781259132
889 407871462
800 57717713
689 834187542
862 957710323
710 222556667
353 122571177
8 133342825
640 569644285
600 595487362
497 997911908
900 300748217
639 541554548
716 864989563
143 898255175
843 391608135
439 925799865
145 675135895
794 286473613
74 481990114
719 668888087
451 619197902
267 560518476
808 763347016
407 740946631
736 91371557
426 121086508
610 936946695
980 864766989
833 573356235
315 83045043
42 764978565
699 485494661
182 296267584
238 498685261
843 44195869
995 274940525
748 136922728
345 133900774
198 380011608
622 416806562
603 124726339
149 64335955
478 469822772
959 532943372
555 769745404
687 880181866
114 197716175
728 729343819
13 604491946
594 722072115
168 347166505
133 397485187
997 682154229
238 977463495
237 264116513
337 1681988
492 139479322
784 679960343
623 756625906
441 862780001
