85
471 68946649
124 113225429
894 89397966
278 529304663
695 931850591
202 921453016
909 883758919
746 571441872
846 365017141
381 776277200
550 876836904
16 406230520
331 165459872
759 265579552
811 259495552
946 25227356
739 340050373
753 979289845
847 938596678
641 110211110
536 402892094
745 943748907
320 137470588
170 172358093
426 691047663
423 198694080
922 718719906
818 9466938
324 182554342
843 778701440
891 89117305
620 397241374
600 492312728
354 268201315
745 57751472
90 908881027
606 540249736
308 683693279
930 477487323
30 306798817
788 145651060
955 586494094
684 897925060
83 257188180
861 306680524
477 146568423
208 371626285
89 169867311
374 377549261
826 108251282
24 604922345
703 147575208
608 545740952
992 147333080
528 27763150
575 736344109
553 880705616
546 576048387
558 70437664
333 158784057
893 396247551
672 482602289
667 981253634
526 929531274
647 142943903
410 780631818
247 80058539
343 484859255
982 511417750
696 400491676
709 85539253
162 888505742
77 118503998
952 681570310
150 678940206
527 101754368
503 107446843
624 152870867
989 539119017
754 680327265
693 399278263
694 811122086
433 818653192
265 283516798
986 95974417
