1017
783 469617066
191 881815517
909 409828618
510 438504645
768 201443248
131 597634599
728 580439300
592 446046152
260 113587432
575 805703747
451 115417033
369 504372670
367 884039775
875 361681482
210 921971477
418 751633836
456 193372532
846 905438516
424 490935270
720 743696909
283 575122591
719 730895180
974 323720487
676 239042057
330 968456432
774 100889014
224 641910766
953 740722000
647 93031348
976 39945779
955 891883758
567 735456589
289 573553623
971 42083947
996 834213665
612 304828857
13 904159894
136 845168794
52 96832921
80 532107693
248 128549159
105 271164832
206 69870546
241 755698168
842 122195176
373 961018136
577 93600109
611 840881669
590 225696389
236 720047719
998 265933295
881 487407648
243 465331737
423 940163084
578 209501031
969 86963737
934 907712926
696 781779136
626 375720070
906 522911454
650 115721494
34 776063403
49 51147385
353 358438620
350 558107099
419 750457720
424 253622723
290 603380556
383 599518522
348 308771410
692 262614626
583 671708978
321 519748411
478 802869607
671 584444419
73 360515009
591 881783378
210 941099290
423 63789217
809 98576308
75 701544781
504 109147979
65 584750069
438 77750282
280 441381343
842 848090544
862 240383630
220 581386726
460 134248791
121 242195301
27 2686763
658 294181483
20 259491559
312 120395187
650 323133890
320 353684511
465 595792173
500 351692028
160 600752607
169 903499713
527 795308145
843 203124639
344 13192322
288 839002841
527 484636856
55 195202324
990 17272467
323 405235754
817 69561854
84 889697882
607 103677140
786 42930004
228 688365876
288 636968895
714 801740354
563 225449568
776 100697792
371 226097066
653 77259803
116 318696925
377 293920188
708 492173907
587 823054107
359 625492390
706 622824927
24 229891824
465 678308675
645 691834440
552 587487289
425 196760594
471 295361227
884 669745121
516 237772118
130 39029735
221 619372833
138 49661412
477 213866256
791 175541538
146 955227159
548 26890853
555 877568761
566 86292164
325 830318876
160 864490848
965 34209694
90 34688856
214 430569491
129 638042445
538 497060494
550 48934665
840 315754985
563 691658601
301 129011074
391 276976181
68 56100883
86 724566538
762 655863248
370 517579918
48 290726482
626 442310284
327 514061276
682 51832635
946 936809878
157 564335969
187 283232546
977 355056999
868 262536599
82 747608062
614 318220834
390 386058257
949 62768302
127 901137869
391 805328540
932 890140761
212 242061793
62 815029472
420 629377363
436 507662205
382 223169383
270 635223851
643 722250719
943 133297517
830 183598712
382 625899004
166 850862018
5 295182219
935 400401979
290 472758240
160 53899441
484 129570210
827 230531490
979 626954516
681 646412614
497 16623690
601 477644201
583 133855593
82 393461840
576 327148460
759 767042091
95 724890132
368 310153599
836 442693617
344 30753512
480 474203798
22 541912155
216 98009885
434 640183836
695 144206775
647 469781895
793 811759918
55 251251294
734 32656972
252 298580419
766 928697601
930 211414345
701 283637492
193 303219864
890 87347658
360 16127109
290 530436513
993 439659821
649 426926481
828 612439827
759 460341863
275 963628437
123 418408022
966 621859622
729 48250057
967 107944824
115 838513695
346 649382362
378 785351157
777 820683468
798 314354996
355 858848683
247 829348248
931 305651554
545 763820283
22 212699656
441 210657582
714 431451826
760 337314394
238 634823023
828 660948975
329 530413173
945 242144451
585 654389896
255 670271163
327 99236057
337 538743328
47 35889503
120 808562471
222 613357899
383 804446424
718 628438935
55 58595665
607 952585030
444 856481700
586 455570636
348 165612939
440 468769537
291 688440650
890 792085730
429 27149780
226 200833411
177 24843996
479 786461001
183 733243681
723 522691938
700 869269135
982 685097482
732 955056089
393 73146805
451 459869715
345 311660520
719 971412135
875 317117873
258 867858788
781 436308049
311 124342847
318 321158127
69 28268471
281 500956420
690 541083739
61 80180597
457 408926699
113 661830952
925 772683447
234 777947778
37 609273225
598 840425581
377 50842535
327 283103256
969 826937085
734 202845840
752 274110389
616 592969383
15 164149360
555 588099218
606 329614004
214 648275450
250 719094503
910 428577959
106 104102745
310 754348236
677 563031370
427 729544596
608 94443149
192 428293093
375 279635435
87 302131292
865 329039867
702 678823011
774 875366320
71 176441076
19 320714494
301 356943481
585 110680682
296 395574919
807 354068894
497 358752573
750 25269882
671 6451674
800 24755218
154 922912532
878 823760050
339 13704070
709 300875114
25 596113590
641 237688349
232 492202547
901 343287217
841 66670518
944 603704670
551 554489124
268 976547891
704 874147268
687 899399639
855 366837878
694 170193801
879 298968797
974 603879435
667 397380960
312 135177075
459 563082316
675 425661602
177 931147815
272 631674120
525 228534527
943 10667513
263 729527043
29 346138375
561 103106215
291 588317086
175 60807410
785 49730118
117 1122465
168 209823822
325 546895723
331 49567702
333 899276622
974 131946165
941 499100902
960 113216693
969 991816751
981 28481903
87 154911464
928 714209519
469 859110851
37 236938872
905 317863623
299 934009307
107 337056709
650 548421936
423 924777488
963 635898817
313 870535651
408 659310414
104 196825334
825 772243636
401 690233670
453 134825172
225 398585806
628 658206229
717 83865843
780 640003350
309 725679188
817 625022767
38 666367519
914 159016907
884 71275651
132 622871184
362 249492823
355 204042029
226 392782882
202 114067840
10 388504115
714 528973164
588 103787361
86 971874595
320 243039756
212 450539593
23 147061949
737 645374372
419 485777341
140 515208503
919 969611504
258 866233764
939 301790617
245 110776155
773 465461257
698 45442037
80 666587411
902 389464187
658 133869695
645 277258053
482 78384780
379 256897899
299 477018956
258 394374810
225 33982172
500 34112061
978 113698014
487 596636991
733 258845189
814 358411879
651 177382502
50 79581849
885 25531285
130 658763928
319 142381267
658 38543809
646 411276204
980 998110995
234 296381890
138 140303576
904 709358203
422 51176924
111 830927823
804 27302596
407 369696248
6 46066696
750 641890687
395 424509056
672 586227590
900 153411149
945 53696652
635 235100828
673 945076797
934 669694648
936 8461774
516 76723905
629 635107820
995 321976927
160 740994418
699 96329246
736 45132307
142 828899481
826 695265981
39 669861666
889 948919546
701 33716000
226 729583997
91 493986598
520 16377013
772 732540838
423 191985414
75 121744105
352 805126320
733 252736947
880 569385243
190 999823782
326 754956341
942 104884632
660 671158856
7 472404659
549 489821096
983 189064902
877 642717198
885 345384395
556 400523714
97 531478257
451 388711727
865 149452629
657 538677425
691 15368086
741 86831266
275 441629209
198 301332390
47 754191911
804 736042293
77 21661744
581 360320983
630 269275992
844 832658712
755 546787293
220 227653380
840 147136386
537 653173995
566 824587053
605 768403631
207 49215361
983 564672575
562 750865280
395 857711907
724 238020874
688 639656493
915 559708757
793 933037895
1000 508437841
116 28833926
112 824338323
466 69682405
657 95094426
473 21887283
248 705710878
216 505508779
505 453014588
716 379700386
191 480756
475 279784084
394 217670102
620 78772743
700 816451983
894 80744076
654 529248390
657 876118708
442 592431806
396 830864351
339 99266871
818 422283490
425 523936318
787 853827854
738 794968977
831 883376652
645 378170844
415 773082024
447 52701122
546 634038508
363 18448256
510 727453549
757 744522090
88 466071340
313 387667189
644 238537112
624 810122633
309 578828484
359 72930269
216 176069751
478 890133636
467 945573553
241 68024617
52 448553683
537 698556994
665 895581778
590 975275773
498 21553631
622 36231065
260 506630172
426 87004476
413 302017664
412 669518203
622 758598838
621 102088863
718 90437978
592 857496817
912 981460447
722 338069723
475 881833318
971 934957207
573 37135202
830 715820044
689 636307861
664 318660772
848 840906990
459 71009394
832 930267072
168 661432710
625 458013224
209 503205426
648 131127869
232 862418517
801 386310005
215 278344383
668 624782591
781 784262132
386 360184286
945 653620146
374 624173398
302 409577066
366 721141367
859 759606403
536 236237285
502 31190500
938 998206662
881 511736538
179 278322650
505 98459201
644 120736113
596 133285982
197 154216409
636 309848858
501 534828103
824 104812123
193 814792968
457 729423623
343 565859350
384 642376261
703 133049444
118 829961205
284 912768591
863 174017191
135 455416079
889 128580401
728 205104921
455 386455919
538 160628865
470 318656429
981 264063020
809 248127524
489 59661072
927 144344557
529 660766211
272 878362463
501 816143514
518 962059734
756 603454955
945 643038098
390 220564979
639 29726807
683 537690249
720 717930272
305 42738608
855 71543963
563 423966068
343 787726905
254 41373573
585 601295041
206 534579915
198 888853274
551 976706567
493 638077408
610 401898728
411 586286028
691 325140135
157 7544569
322 415446882
735 38509555
559 507849107
422 526696487
601 981603232
127 528640235
307 505482466
229 122689918
498 537363074
2 984570989
426 350017631
490 132131149
955 360824293
452 469406606
509 78194523
758 321559908
813 115620579
133 484240846
423 742501710
395 934072498
358 346442404
334 752057259
290 461526547
549 937241509
936 106995016
618 604133094
608 437123662
875 384098324
655 522184821
755 765095137
316 86055579
526 114628850
292 419698887
398 195789114
345 585778250
25 745981425
770 375221162
731 123201382
779 790720804
130 871854353
729 969192239
429 866687770
603 593850506
172 100803040
7 975055983
714 276216750
399 326710982
975 448965451
984 810114765
463 709143997
696 804711148
989 668105436
593 229584159
269 594019179
621 418724041
107 419851211
364 383344085
280 672956827
533 158402878
287 35808326
747 588095831
421 773729790
283 13140987
466 371602383
226 724974294
922 790526414
403 75132619
24 150476944
515 816694668
19 466084462
529 471109845
557 112629741
50 201915985
187 713722124
977 159217312
737 707132930
275 149755022
548 357027622
839 101524208
772 671549928
702 336773848
686 151146063
287 747123240
821 577670286
950 85580888
960 567485651
249 720533970
861 494250261
994 850031260
560 702844282
304 155466076
280 92430729
962 393975469
436 106580880
356 458599909
713 444219941
335 638383645
386 985941933
845 814157943
135 45977662
700 69044883
247 593071575
113 989534607
256 64931271
754 93133240
859 842257380
110 744740835
150 967438714
682 296283829
150 726474040
44 373818536
819 432501715
89 502361055
490 51469781
124 319874482
365 816172110
304 790800125
205 656785072
806 409458342
161 971716702
759 56336354
319 32847697
664 58116066
540 701433287
197 218980462
429 327249402
78 685684196
476 677763062
952 720102113
897 389210704
710 270163291
937 579728851
356 124603915
447 801181254
890 113662576
818 807525242
503 24691322
387 336971817
704 19547463
8 690489890
858 859330345
37 301309107
782 35457791
504 450167138
735 936951891
463 317268658
253 707624655
98 491720354
767 610902016
958 497239497
206 315979151
468 925432905
595 445919898
487 744425916
761 917169798
234 246903259
618 823006027
84 492026511
531 514200539
405 207065963
544 101916847
226 350564250
18 691000101
714 916080420
381 36733768
952 863131578
933 978572888
991 71797013
447 202612709
335 860277084
937 202543914
481 965121420
723 882036987
785 299542657
287 784582839
786 142139046
894 135294080
859 248702997
735 869001892
393 644771965
582 875157632
205 407787915
72 795886395
674 24778363
662 134923110
708 985259301
568 431691586
306 821316782
558 866470493
369 891727206
860 653534166
282 442311947
346 971481671
9 483113229
916 214107705
669 461308620
481 129955174
501 902854387
995 174663920
597 514437544
384 40682395
152 726737196
665 284003475
866 432024405
686 412115346
470 746035140
467 413771496
478 817179715
172 486540271
474 193094622
354 31266244
196 833969444
95 681719057
18 917327240
598 918649361
399 53843954
78 318645987
613 300043939
220 765636172
437 261175891
497 629566419
712 525003553
164 276861215
724 811895517
635 684134965
433 777832498
732 714669200
507 765330564
21 850327665
394 129033657
804 241609112
790 403113872
465 199087699
791 230448965
373 881941389
981 247627367
358 888199464
524 985361111
965 725714065
321 6793349
245 397910172
818 384938313
749 566037639
549 85555778
676 720108122
149 860823227
431 152225334
101 18079131
314 939801682
16 757095432
305 746503254
985 316840270
959 666758434
164 361851002
544 535821150
639 399500100
845 110192626
83 220696668
69 790981447
482 591342066
864 853947365
467 251521375
510 316261232
955 445424140
183 346114278
984 230269639
622 569704651
549 476211315
43 727036247
269 783031369
202 287801835
198 159232729
455 88771879
361 348710218
316 672119491
44 49592854
44 283273960
711 884032643
364 87866500
359 722811958
881 426814900
848 916729410
123 412088830
783 465370979
637 523298528
592 957849561
186 938204537
278 927511322
551 103783755
309 241014199
583 980540285
307 178697677
918 974111427
47 100721408
794 77369867
287 963822829
323 190157840
823 442426332
434 863885774
710 976344644
544 455032664
145 333831806
842 801180135
32 851438700
973 314682851
448 991771470
521 89411054
378 188445854
788 203182162
987 385744934
664 871430921
27 863805863
579 887257835
257 866076677
33 977026503
657 347618712
192 60118875
930 253101400
210 712833094
845 73762669
485 293860027
643 536817530
804 143916839
198 47239528
239 235780696
621 102518779
920 519349212
846 922170438
843 105046900
798 916340787
184 660025283
815 813308011
760 259334313
697 979223069
188 867724701
996 346677526
704 80879454
995 74721737
416 24041909
713 143748247
372 577415993
879 787595435
416 602578760
592 175008233
902 322912618
455 149417364
684 815582285
818 198327548
969 129826248
645 116510052
219 152179269
656 546634765
474 397206082
210 994914395
6 954417168
627 115164063
391 848909478
346 150087297
874 162707256
7 222098399
378 921919960
486 823423176
353 594554663
802 646877052
745 332839875
589 511212701
6 62086358
988 620475773
38 110692773
801 124967022
977 17394294
