100
2 3 2
1 1 1
2 1 2
3 2 3
4 29 4
4 2 4
91 7 91
100 9 100
15 2 15
28 9 28
1 86 1
12 1 12
44 3 44
3 4 3
3 23 3
4 4 4
35 2 35
3 37 3
27 9 27
1 8 1
3 3 3
68 3 68
55 1 55
42 3 42
22 13 22
42 10 42
45 2 45
1 4 1
100 4 100
14 7 14
92 3 92
13 15 13
72 5 72
34 1 34
26 10 26
26 3 26
92 2 92
46 9 46
44 6 44
79 6 79
1 100 1
35 4 35
100 2 100
40 3 40
87 7 87
35 1 35
68 7 68
65 7 65
10 16 10
3 31 3
31 2 31
2 51 2
64 7 64
4 1 4
44 1 44
78 9 78
2 2 2
85 2 85
28 8 28
41 9 41
6 11 6
2 4 2
6 5 6
91 8 91
69 9 69
35 11 35
82 4 82
2 59 2
98 6 98
12 16 12
10 17 10
72 8 72
13 7 13
10 18 10
3 1 3
56 4 56
100 1 100
80 1 80
2 50 2
2 39 2
100 3 100
89 9 89
92 5 92
10 5 10
4 3 4
80 8 80
1 3 1
57 3 57
71 2 71
53 9 53
51 1 51
100 8 100
1 2 1
61 9 61
1 43 1
1 90 1
2 7 2
89 5 89
9 9 9
38 1 38
