1 1 2
1 2 5
1 3 3
1 4 4
1 6 1
1 7 2
1 8 3
1 9 4
2 1 1
2 2 8
2 3 3
2 4 4
2 6 1
2 7 2
2 8 8
2 9 9
3 1 9
3 2 8
3 3 8
3 4 9
3 6 3
3 7 4
3 8 1
3 9 2
4 1 2
4 2 5
4 3 3
4 4 4
4 6 1
4 7 2
4 8 3
4 9 4
5 1 1
5 2 8
5 3 3
5 4 4
5 6 1
5 7 2
5 8 8
5 9 9
6 1 9
6 2 8
6 3 8
6 4 5
6 6 3
6 7 4
6 8 1
6 9 2
7 1 2
7 2 9
7 3 3
7 4 4
7 6 1
7 7 2
7 8 3
7 9 4
8 1 1
8 2 8
8 3 3
8 4 4
8 6 1
8 7 2
8 8 8
8 9 9
9 1 9
9 2 8
9 3 8
9 4 5
9 6 3
9 7 4
9 8 1
10 9 2
10 10 3
1 5 3
2 5 6
4 5 6
3 5 8
7 5 8
10 1 1
10 3 1
10 5 2
10 2 2
-1
