9
6
5 5 6
4 5 5
5 6 5
5 5 4
6 5 5
5 4 5
8
5 5 6
4 5 5
0 0 0
5 6 5
5 5 4
6 5 5
5 5 5
5 4 5
6
5 6 5
5 5 4
6 5 5
5 4 5
5 5 6
4 5 5
1
0 0 0
2
0 0 0
0 0 1
3
0 0 0
0 0 1
0 1 1
27
6 4 6
6 6 6
5 4 6
5 6 6
4 4 6
6 4 5
5 4 5
4 6 6
4 4 5
6 6 5
5 6 5
4 6 5
6 4 4
5 4 4
6 6 4
4 4 4
5 6 4
6 5 6
4 6 4
5 5 6
4 5 6
6 5 5
5 5 5
4 5 5
6 5 4
5 5 4
4 5 4
26
6 4 6
6 6 6
5 4 6
5 6 6
4 4 6
6 4 5
5 4 5
4 6 6
4 4 5
6 6 5
5 6 5
4 6 5
6 4 4
5 4 4
6 6 4
4 4 4
5 6 4
6 5 6
4 6 4
5 5 6
4 5 6
6 5 5
4 5 5
6 5 4
5 5 4
4 5 4
27
6 4 6
6 6 6
5 4 6
5 6 6
4 4 6
6 4 5
5 4 5
4 6 6
4 4 5
6 6 5
5 6 5
5 5 5
4 6 5
6 4 4
5 4 4
6 6 4
4 4 4
5 6 4
6 5 6
4 6 4
5 5 6
4 5 6
6 5 5
3 5 5
6 5 4
5 5 4
4 5 4

bfs를 두번 돌린다.
전체 (0,0,0)부터 (9,9,9)까지 bfs탐색하면서 3면이상 맞닿아 있는 경우 추가를 한다. -> 아니다 굳이 bfs를 두번 돌지 않고
처음 한번은 반복문 10개짜리 3번 중복해서 돌아도 될듯... 지하철 가면서 생각해보자

chk[][][]를 전부 false로 지정한다

rv[][][]값을 정부 0으로 
