5
-36497402050717929514497867877611106791142693
-152591637965871130265666165447685
-225547640584128826994541927083282463273
194690903914145588224734867528271468
3367810526806938681272414450135937351501726518899403
-1414863316873382237344249462961678417709
80227814349333552685358893111528841428347683
543816451249942648251457148981914481135672211369078
18682314232245536740372364359499765469
319818037411402157066936213697998123333650374925585194768
-130586412113433860610851395546717414088
24719139337468775432277458574814652802203733720028423
-612658758390837066459435113377004715006657971932
12176269102530168640881227508096464844881921542797098852018163
-2060752002584340302291504267593455001027487932447707650548173720199004393
152474436882428611439997651423906138851450707467078
204159195388214143802359059866146557
-131770668727251083016398122694119164868955
-11345665879918734054009025168242820046712
1283123667833155653820705339501368477
-114236926567060329229168517873711991832245421043216367755122860
12439123095340477938051946808757776605298665402979274
-1087233562914521408613481310594011611
-12395098536391516287131237007929848446469
1217361295640989059539795912479655556
27415425976661691287264892545736712837003
-11397119364155611080091007241733165416061554
76970098244970562236203068332247715304254
-39272401756510307851515140602910646437727
1069242959225855580502322086419402139733818042976801
12239535109128492421534244424
-281653488208173843431491702318173094682
-630822288753156475010630721499405396118
-499120911306410641862819774668972395781269057
-3179479681113433313760501624819778127181092566425335323495066395579235784174
-2686024485916367562890030928887874943911862123778333645161276094
5214708026424223590613465762842992762442944654034
1162969782518024249749068710011986787
-48907123235401672080362861046889052029912859
6649937394799821459349668785928863093823462599501
28657390100899804127539200467833263910780913965130282606569381
-5316403991059136028798717695766349994665511
-920474440980280263314760857045323664705727971
-6035094562878270175743281562208107665951045
-6610697974585628841651509599828534688707358
764468479558333916921578673331323243955698010397283504829
-29981894328140015778804706935636101201318988964286
-6928913864104154992830669426252627212
4257398218733147379412310570002391430592741248
-287889786293992671323165432
-18698169184263566558512233919337910394277812
-221307910514985489801376599178415533313748782408695790679
-70210699007300422570150994879434798481651741669156527481
-7890852405445543621233179563492948345372340
-218542789895079177439505236538598956
-21294822185392397655101583456173
1512030873700337307113715921860856502565200691
-4220859089785947901841764576387646377180
198465894537675592713900156505384212223896777
-1933362022124432495833603413794074563853206898473264954642899167507109437
-33974619017576957540030999735
-69789984556108153392530594131709091888
10615402905804367442132443283081521140689355
-3921767748319871149804873290163100238197858158
-5203617837290687125276889780479774872966215
4305917045518501264495449193268293642396006388958638319
-59182706891248350622615949170393493990249
28793123227084934076794320146310584
-3756774536388978983411998050520867063616820343894453
-132439734482534716110651184388794967822521777554966
-16113516340203450369917180531322120314766111131
498699551184039786129645979816745994
963289625886757188118364807744927953269
-1572693045605692723033119704662282592799
3701996858092635861037600712630343988922510401554
4642039516388523150759227506858961338372
-81596611731525688700838339790009
-48682027387616687623450832218235736578035083
-3476425174481130399545075204641621072
7224137969322723374108331449844
-4061229866021740917197670747222228711477219
11122338662681462952257279423987793151764067408540882089991015
-281684275954145759982155462766857243562524949150
1560162398665908529582135183345659532899
53620596276554314898796314244565171180
1869822379126503240610096876230897854
26498419464221544876953267771414615
33595394392253454727507536186175294352753277476467112
-4304913633167801882538436696145806437827056684998
-68581068816134976868640349465241899111336130691972
79303748863336803443967859653396054957023
7707859623278431984433456319895593120787271880478301
-26228660569994588739528356194160629075566488798704272941534516524
10470806961918868703732192088775997084799299
-3538472131530337585485756384940248246695
-970640113853792255401219129349197
-90413718933808258059625963331204397214828206
235646700024243507135790822160202880668858
164792243640027469664557611477091162
-175807388087965340095501492703162734819477025494
