N:10, D:3, K:2
[000] [001] [042] [0C4] [180] [100] [000] [000] [000] [000] 
[004] [008] [010] [020] [000] [000] [000] [000] [001] [002] 
[020] [040] [080] [100] [000] [000] [000] [000] [008] [010] 
[104] [001] [002] [004] [000] [000] [000] [000] [041] [082] 
[024] [008] [010] [021] [002] [004] [000] [000] [009] [012] 
[120] [040] [081] [10B] [016] [024] [000] [001] [04A] [094] 
[100] [000] [008] [058] [0B0] [120] [000] [008] [050] [0A0] 
[000] [000] [040] [0C0] [180] [100] [000] [040] [080] [100] 
[000] [000] [001] [003] [006] [004] [000] [000] [000] [000] 
[000] [000] [008] [018] [030] [020] [000] [000] [000] [000] 

0 0 0 0 0 0 0 0 0 0 
0 0 1 0 0 0 0 0 0 0 
0 0 0 0 0 0 0 0 0 1 
0 0 0 0 0 0 0 0 0 0 
0 0 1 0 0 0 0 0 0 1 
0 0 0 0 1 0 0 0 0 1 
0 0 0 1 1 0 0 0 1 0 
0 0 0 0 0 0 0 0 0 0 
0 0 0 0 0 0 0 0 0 0 
0 0 0 1 1 0 0 0 0 0 

1st useDetector: [000] 
[2] useDetector: [000] All Hubo: (0,9,2,2) (9,0,3,3) (0,7,0,4) (1,6,1,5) (9,6,3,7) (0,8,0,8) (1,7,1,9) (0,6,2,10) (9,7,3,11) (0,9,0,12) (0,7,2,14) (9,8,3,15) (0,0,0,16) (0,8,2,18) (9,9,3,19) (1,5,0,20) (2,4,1,21) (1,6,0,24) (2,5,1,25) (1,4,2,26) (1,7,0,28) (2,6,1,29) (1,5,2,30) (0,6,3,31) (2,7,1,33) (1,6,2,34) (0,7,3,35) (2,5,0,36) (3,4,1,37) (1,4,3,39) (2,6,0,40) (3,5,1,41) (2,4,2,42) (1,5,3,43) (2,7,0,44) (3,6,1,45) (2,5,2,46) (1,6,3,47) (3,7,1,49) (2,6,2,50) (1,7,3,51) (3,5,0,52) (2,4,3,55) (3,6,0,56) (3,4,2,58) (2,5,3,59) (3,7,0,60) (4,6,1,61) (3,5,2,62) (2,6,3,63) (4,7,1,65) (3,6,2,66) (2,7,3,67) (4,7,0,68) (5,6,1,69) (3,6,3,71) (4,6,2,74) (3,7,3,75) (6,6,1,77) (4,6,3,79) (7,1,1,81) (7,6,1,85) (5,6,3,87) (7,1,0,88) (8,0,1,89) (8,1,1,93) (7,0,2,94) (6,1,3,95) (8,6,1,97) (6,6,3,99) (8,1,0,100) (9,0,1,101) (8,9,2,102) (7,0,3,103) (9,1,1,105) (8,0,2,106) (7,1,3,107) (8,7,0,108) (9,6,1,109) (7,6,3,111) (8,8,0,112) (9,7,1,113) (8,6,2,114) (8,9,0,116) (9,8,1,117) (8,7,2,118) (8,0,0,120) (9,9,1,121) (8,8,2,122) (9,1,0,124) (0,0,1,125) (9,9,2,126) (8,0,3,127) (9,0,2,130) (8,1,3,131) (9,7,0,132) (0,6,1,133) (8,6,3,135) (9,8,0,136) (0,7,1,137) (9,6,2,138) (8,7,3,139) (9,9,0,140) (0,8,1,141) (9,7,2,142) (8,8,3,143) (9,0,0,144) (0,9,1,145) (9,8,2,146) (8,9,3,147) 
[3] useDetector: [000] All Hubo: (0,8,2,2) (8,0,3,3) (0,8,0,4) (2,6,1,5) (8,6,3,7) (0,9,0,8) (2,7,1,9) (8,7,3,11) (0,0,0,12) (0,6,2,14) (8,8,3,15) (0,7,2,18) (8,9,3,19) (1,6,0,20) (3,4,1,21) (1,7,0,24) (3,5,1,25) (3,6,1,29) (1,4,2,30) (9,6,3,31) (3,7,1,33) (1,5,2,34) (9,7,3,35) (2,6,0,36) (2,7,0,40) (4,6,1,45) (2,4,2,46) (0,6,3,47) (4,7,1,49) (2,5,2,50) (0,7,3,51) (3,6,0,52) (1,4,3,55) (3,7,0,56) (1,5,3,59) (5,6,1,61) (3,4,2,62) (1,6,3,63) (3,5,2,66) (1,7,3,67) (6,6,1,69) (2,6,3,71) (2,7,3,75) (7,6,1,77) (3,6,3,79) (8,1,1,81) (8,6,1,85) (4,6,3,87) (9,0,1,89) (9,1,1,93) (9,6,1,97) (5,6,3,99) (0,0,1,101) (8,8,2,102) (8,9,2,106) (6,1,3,107) (8,8,0,108) (0,6,1,109) (6,6,3,111) (8,9,0,112) (0,7,1,113) (8,0,0,116) (0,8,1,117) (8,6,2,118) (8,1,0,120) (0,9,1,121) (8,7,2,122) (9,8,2,126) (7,0,3,127) (9,9,2,130) (7,1,3,131) (9,8,0,132) (1,6,1,133) (7,6,3,135) (9,9,0,136) (1,7,1,137) (9,0,0,140) (9,6,2,142) (9,1,0,144) (9,7,2,146) 
[4] useDetector: [000] All Hubo: (0,7,2,2) (7,0,3,3) (0,9,0,4) (3,6,1,5) (7,6,3,7) (0,0,0,8) (3,7,1,9) (0,6,2,18) (1,7,0,20) (4,6,1,29) (8,6,3,31) (4,7,1,33) (1,4,2,34) (8,7,3,35) (2,7,0,36) (5,6,1,45) (9,6,3,47) (2,4,2,50) (9,7,3,51) (3,7,0,52) (6,6,1,61) (0,6,3,63) (3,4,2,66) (0,7,3,67) (7,6,1,69) (1,6,3,71) (1,7,3,75) (8,6,1,77) (2,6,3,79) (9,1,1,81) (9,6,1,85) (3,6,3,87) (0,0,1,89) (0,6,1,97) (4,6,3,99) (8,7,2,102) (8,8,2,106) (8,9,0,108) (1,6,1,109) (5,6,3,111) (8,0,0,112) (1,7,1,113) (8,1,0,116) (8,6,2,122) (9,7,2,126) (9,8,2,130) (6,1,3,131) (9,9,0,132) (2,6,1,133) (6,6,3,135) (9,0,0,136) (2,7,1,137) (9,1,0,140) (9,6,2,146) 
[5] useDetector: [000] All Hubo: (0,6,2,2) (0,0,0,4) (4,6,1,5) (6,6,3,7) (4,7,1,9) (5,6,1,29) (7,6,3,31) (6,6,1,45) (8,6,3,47) (8,7,3,51) (7,6,1,61) (9,6,3,63) (9,7,3,67) (8,6,1,69) (0,6,3,71) (0,7,3,75) (9,6,1,77) (1,6,3,79) (0,6,1,85) (2,6,3,87) (1,6,1,97) (3,6,3,99) (8,6,2,102) (8,7,2,106) (8,0,0,108) (2,6,1,109) (4,6,3,111) (8,1,0,112) (2,7,1,113) (9,6,2,126) (9,7,2,130) (9,0,0,132) (3,6,1,133) (5,6,3,135) (9,1,0,136) (3,7,1,137) 
[6] useDetector: [000] All Hubo: (5,6,1,5) (5,6,3,7) (6,6,1,29) (6,6,3,31) (7,6,1,45) (7,6,3,47) (8,6,1,61) (8,6,3,63) (8,7,3,67) (9,6,1,69) (9,6,3,71) (9,7,3,75) (0,6,1,77) (0,6,3,79) (1,6,1,85) (1,6,3,87) (2,6,1,97) (2,6,3,99) (8,6,2,106) (8,1,0,108) (3,6,1,109) (3,6,3,111) (3,7,1,113) (9,6,2,130) (9,1,0,132) (4,6,1,133) (4,6,3,135) (4,7,1,137) 
[7] useDetector: [000] All Hubo: (6,6,1,5) (4,6,3,7) (7,6,1,29) (5,6,3,31) (8,6,1,45) (6,6,3,47) (9,6,1,61) (7,6,3,63) (0,6,1,69) (8,6,3,71) (8,7,3,75) (1,6,1,77) (9,6,3,79) (2,6,1,85) (0,6,3,87) (3,6,1,97) (1,6,3,99) (4,6,1,109) (2,6,3,111) (4,7,1,113) (5,6,1,133) (3,6,3,135) 
[8] useDetector: [000] All Hubo: (7,6,1,5) (3,6,3,7) (8,6,1,29) (4,6,3,31) (9,6,1,45) (5,6,3,47) (0,6,1,61) (6,6,3,63) (1,6,1,69) (7,6,3,71) (2,6,1,77) (8,6,3,79) (3,6,1,85) (9,6,3,87) (4,6,1,97) (0,6,3,99) (5,6,1,109) (1,6,3,111) (6,6,1,133) (2,6,3,135) 
[9] useDetector: [000] All Hubo: (8,6,1,5) (2,6,3,7) (9,6,1,29) (3,6,3,31) (0,6,1,45) (4,6,3,47) (1,6,1,61) (5,6,3,63) (2,6,1,69) (6,6,3,71) (3,6,1,77) (7,6,3,79) (4,6,1,85) (8,6,3,87) (5,6,1,97) (9,6,3,99) (6,6,1,109) (0,6,3,111) (7,6,1,133) (1,6,3,135) 
[10] useDetector: [000] All Hubo: (2,7,0,7) (3,7,0,31) (4,7,0,47) (1,5,2,61) (2,5,2,69) (3,5,2,77) (8,7,0,87) (9,7,0,99) (0,7,0,111) (1,7,0,135) 
[11] useDetector: [000] All Hubo: (1,4,2,61) (2,4,2,69) (3,4,2,77) (8,8,0,87) (9,8,0,99) (0,8,0,111) 
[12] useDetector: [100] Ans(2,3)
1st useDetector: [058] 
#1 100
N:7, D:3, K:2
[001] [002] [004] [048] [090] [120] [000] 
[008] [010] [020] [041] [082] [104] [000] 
[040] [080] [100] [008] [010] [020] [000] 
[000] [000] [000] [040] [080] [100] [000] 
[001] [002] [004] [000] [000] [000] [000] 
[008] [010] [020] [001] [002] [004] [000] 
[040] [080] [100] [009] [012] [024] [000] 

0 0 0 0 1 0 0 
0 1 0 0 0 0 0 
0 0 0 0 1 0 0 
0 0 0 0 0 0 0 
0 0 0 0 0 0 0 
0 1 0 0 0 0 0 
0 0 0 0 1 0 0 

1st useDetector: [000] 
[2] useDetector: [120] Ans(0,5)
1st useDetector: [000] 
[2] useDetector: [000] All Hubo: (1,6,1,1) (6,6,3,3) (2,6,1,5) (0,6,3,7) (3,6,1,9) (1,6,3,11) (3,1,0,12) (3,6,2,14) (3,2,0,16) (3,0,2,18) (3,1,2,22) (3,0,0,24) (4,6,1,25) (2,6,3,27) (4,4,0,28) (4,5,0,32) (4,3,2,34) (4,6,0,36) (4,4,2,38) (5,6,1,41) (4,5,2,42) (3,6,3,43) (6,6,1,45) (4,6,3,47) (0,6,1,49) (5,6,3,51) 
[3] useDetector: [040] Ans(3,3)
#2 100
