1234567890123456782 5463728190444444444
g++ Main.cc -o Main -O2 -Wall -lm --static -DONLINE_JUDGE
g++ x.cpp -o cpp -O2 -Wall -std=c++11
2
ABC-0123
AAA-9999
8 13 6
1 5
1 2
2 7
1 3
2 7
3 1
7 8
6 7
6 7
2 6
5 6
2 4
4 3

dfs: 6 2 1 3 4 5 7 8
bfs: 6 2 5 7 1 4 8 3

1
3 2
1 3
2 3

2
7
3 1 3 7 3 4 6
8
1 2 3 4 5 6 7 8

3
15
3 4 5 7 6 6 2 2 2 8 10 11 14 14 6
7
3 1 3 7 3 4 6
8
1 2 3 4 5 6 7 8

ans
10
3
0\

5
1 6
3 7
6 2
7 100
9 635


4 4
1 1 1 1
1 1 1 1
1 1 1 1
1 1 1 1

4 4
0 0 0 0
0 0 0 0
0 0 0 0
0 0 0 0

1 1
0

1 1
1

7 6
1 1 0 0 1 1 0
0 1 1 0 1 0 0
0 0 0 0 0 0 0
0 1 0 0 0 0 0
0 0 0 0 -1 0 0
0 0 0 0 0 0 0

4 4
0 -1 0 0
-1 0 0 0
0 0 1 0
0 0 0 1




4
3
10 Iversen
1000000 Nannskog
2000000 Ronaldinho
2
1000000 Maradona
999999 Batistuta
1
10 Iversen
5
1000000 Maradona
999999 Batistuta
10 Iversen
2100000000 Nannskog
2000000 Ronaldinho
