100
1973 3
1836 2
1334 3
1906 3
1826 5
1950 1
1886 1
1946 3
2000 100
1890 1
1801 10
1976 1
1254 1
1914 1
1978 1
1822 5
1985 50
1613 1
674 1
1797 5
1862 1
1944 3
1881 1
1924 5
1879 1
1833 2
1497 66
1968 5
2000 1
1831 1
1951 1
739 1
7 1
1895 1
1953 3
1966 79
10 2
1864 5
1848 1
1909 1
1854 2
1820 1
413 5
1891 2
1926 1
1805 1
1863 1
1965 1
1816 2
1869 25
1918 3
1972 1
8 1
1858 1
1830 71
1865 2
1928 84
1943 1
1964 1
893 2
1807 2
1843 1
997 44
1910 76
1151 3
1852 38
1873 16
1975 1
811 68
1802 3
1849 1
1923 1
282 1
1825 1
1916 2
1961 3
1850 1
1832 1
1846 1
1994 100
1942 1
2000 1
771 1
1306 1
1 1
1952 23
1889 5
748 40
1937 1
676 1
1948 1
1851 1
1962 1
1804 5
1995 5
1874 1
1927 1
1838 1
1929 2
1901 1
