185 163060378
656 568978687
686 565404370
861 507408250
763 912537623
377 721308079
790 194345040
863 89285119
579 324498007
214 799614906
455 218067922
199 268127294
588 415693669
185 643635605
664 271855670
433 129530258
418 953432073
859 648277728
920 952617626
805 9819768
417 798524154
668 581446412
209 57848008
534 224530064
611 568884713
772 839276644
401 431692097
454 874687084
847 334574940
828 826298663
776 613575293
353 376280331
970 991103365
107 973559917
91 229833387
778 789054938
501 575446535
769 877352507
755 413695067
727 169477185
947 119464927
194 554619479
542 135536177
401 452399023
831 811508524
423 247665596
319 86716367
90 418196295
674 994305962
700 544917822
676 55129283
926 35253264
743 977392569
