857 63548805
305 714227627
165 204795001
710 565561854
826 305696573
444 708819893
940 969448156
564 932899555
319 52493227
79 87519747
991 49341190
805 583376266
706 470724352
255 777194181
382 130606327
454 386817286
441 53741396
808 366379488
387 604706615
470 905559357
13 272369381
672 7174212
417 132922653
951 95446266
738 537951103
899 57637053
166 592175459
365 739224554
321 662750531
52 457742499
890 841650805
469 188244262
57 276653253
954 109326663
988 116348122
775 369150979
360 576694730
744 468195367
593 134723227
679 804955183
276 290426451
501 553006421
296 960587902
679 31872867
448 96737265
736 898780729
454 254181558
581 988793028
384 234522129
771 256165387
969 869340447
507 163445309
144 509552955
247 969711411
744 890846734
732 72157588
56 156066088
165 42255476
325 825310946
223 378444294
373 380544543
51 612494030
656 497782713
367 94327198
102 118841570
316 732309176
