964 779185569
948 232738231
198 852115748
950 575994511
226 503045184
577 802666665
671 10857292
270 375604540
646 876455530
695 765331382
908 986847472
311 506578276
265 474856795
106 71707990
459 442027352
46 978317961
722 483207628
955 880615670
63 526251903
725 291617142
591 253436693
730 67728763
970 457481509
845 182454572
221 798491937
536 112045364
582 346386295
403 777625979
21 601991724
577 837067902
885 351679190
909 135902082
922 580531845
88 799529926
361 633536481
681 899248180
883 264798767
209 835202928
903 717592056
641 236332973
276 146152024
806 524653831
409 10559730
60 722911241
196 17937605
172 935645440
913 425584602
742 51351631
513 502485572
281 534878947
323 905741144
913 118975925
885 215895140
282 990340530
142 771096275
491 575477081
186 366937227
661 77330118
114 47140489
831 439064455
182 564755446
