317 581041217
929 672669673
961 455504783
184 383952089
59 749580997
266 404955443
498 167071598
566 583056798
92 815613467
293 511105518
271 331850611
580 373535486
327 924417369
87 674501342
423 344920299
336 54078572
589 46224569
9 211462461
528 438716513
288 35662550
112 32690064
124 563127349
759 997986225
190 951101137
296 292346746
892 729483086
205 332065036
443 352538676
990 41536156
122 369273291
793 414876248
253 32331864
922 883570068
74 479468100
108 361312381
853 503635824
653 274155714
325 76049306
477 665946627
73 313586073
125 523909143
549 285413070
832 7791287
102 447055986
431 233949028
809 53139744
852 13614132
642 773474563
586 433839136
394 771767584
263 61488214
113 463516584
62 487556354
614 859651798
941 176557390
89 204588813
684 462911330
798 976270366
664 231279865
626 341136624
963 95057042
643 291754612
372 326611668
17 428450672
323 143268648
305 326264250
632 150094197
259 474257526
322 547595845
938 531906143
117 181078827
691 412707259
100 588824704
681 361238043
544 363753616
187 166899522
364 74537305
289 682039386
13 150336582
410 606291503
