277 899934169
283 138981631
29 717838727
353 844146077
490 800258943
252 242774942
690 347826858
265 198526016
250 661894966
10 741042780
187 20842816
866 408062751
955 482097861
984 243813159
347 996648982
351 980242636
530 983055421
764 504288883
814 137547811
211 209547807
259 92408558
964 697544543
653 681945705
479 437594581
220 208774800
252 474754187
645 28064569
236 891631009
654 82514017
225 616301216
602 680585777
651 49353930
147 693017387
670 85425597
921 762128048
157 537144812
846 627279120
523 575301817
913 122972016
990 564466248
850 596422024
252 239518391
506 798327166
367 353435050
285 8532808
18 483847449
337 105690932
128 496310383
94 616352990
257 43007787
368 375621560
128 389307877
143 101558414
422 311144543
695 102464397
907 490807498
383 73836809
677 190734110
657 46241314
7 532877451
719 139481624
946 250438500
529 354195390
809 957370057
314 572552859
882 24239910
442 493784207
727 467829501
481 138223236
841 575030797
915 915442353
812 614600383
500 86844787
265 595907751
24 672058022
417 131281714
847 788020229
992 449759048
418 797352382
327 501015821
649 416131931
21 673930587
152 108898243
159 36286109
750 112787022
430 459942405
992 936283775
986 241673429
387 652050185
463 200236432
881 796629489
533 45866399
