855 205295246
444 235119199
35 419823790
185 45494752
778 107807735
211 14226238
678 890039572
303 8915947
281 67277380
197 68657887
495 276815280
551 997450289
466 155748339
809 40870987
386 492220650
410 244233944
214 124437998
630 38405049
239 427327596
906 697320681
539 601146042
560 536951717
146 6223618
221 473889568
702 286000336
327 890529479
520 469547818
145 874390875
203 438959547
926 368100720
497 122504641
172 694615138
645 296318842
519 132766783
638 93160309
15 155350419
568 668762593
784 182860925
556 904855450
58 625630914
797 924685416
31 339144118
430 898054046
368 812178279
147 443726185
220 409760111
917 439325752
489 76868420
317 61432411
98 584726850
73 700001690
739 587943145
337 819427324
142 38091363
799 366612295
779 428278477
260 822371644
656 769064060
949 843538645
938 238203675
121 743279239
627 741955295
927 870612229
15 3713337
708 471065470
549 577941673
292 734828234
697 214421305
260 998956270
954 445705024
553 45648685
171 121427596
190 853371305
916 985450213
316 327007622
514 242406517
239 756714947
364 823030133
7 579811856
678 166266801
132 526520000
966 457714428
332 988560851
107 686775669
414 558015049
610 225707558
698 475065124
938 363478170
664 706883984
364 8360897
920 929026221
