222 140993291
46 409254223
452 604881962
52 792805293
170 437557418
735 481162750
333 872355048
78 640998873
631 496898412
98 99496642
14 464613362
385 102902325
306 663649782
487 504695602
775 960714990
521 762190881
373 942045187
838 81471595
563 454919896
634 379810938
282 497013531
486 760225811
96 25052963
192 908813695
900 179445546
536 47299476
655 563528740
561 621502045
944 699552617
650 997038491
304 159867686
757 743770086
958 588832643
19 959312386
14 843495751
839 847609444
168 15800418
196 666066751
911 391368290
974 463799017
535 802071120
913 715146626
299 820528039
965 772041090
461 717773091
133 672510910
500 886031743
260 90700633
652 423941476
148 118517896
456 922474196
360 365133111
843 157791158
285 958223488
316 929976019
159 214288494
674 717974420
373 912415744
939 788341499
32 761566705
541 930972591
846 539223046
43 131779938
459 215827034
217 37025607
207 145005865
413 642730314
159 881459204
786 659921691
538 249487625
293 366434687
358 77215299
766 967046200
313 977014867
643 263084904
682 375938426
221 663072964
304 133344339
909 887925518
843 446534555
166 80690557
427 21272038
229 810085469
720 716224830
373 485587473
744 318792783
481 185033807
749 102802115
201 800898600
352 796627190
562 175330343
234 690728264
652 707022553
353 694266942
326 443034285
24 976735361
