186 211152706
646 949237120
887 994055796
656 496225903
457 93086579
484 551650256
343 79865205
574 481773533
692 411120155
483 824879349
173 702525479
464 335473661
637 337741440
959 551026959
826 846355842
777 942159233
476 261607989
283 91664281
696 105608283
19 51743552
703 997501169
342 535851734
187 295803635
839 873912429
285 464255558
766 499271539
332 981900979
358 489569483
760 10503023
936 69411583
882 393166830
45 996785218
359 781388747
708 578495306
400 595171136
545 709602245
649 93263448
32 427057002
857 565162859
81 477967319
49 473913536
831 636829378
392 732392952
867 499135658
607 937814442
670 836225119
959 166117936
53 315791935
853 381584730
640 391808465
679 293288705
196 166241635
955 515197649
136 442423128
728 461364598
385 49789602
279 256857440
37 128966586
397 592400913
181 138977168
303 603703229
527 939625832
982 338875126
972 729756838
238 347706874
42 865089368
599 27680158
69 629453399
598 254180288
325 874995847
322 339042669
607 88303813
212 529629101
434 34643868
28 94806779
514 22844893
218 493762354
705 404214583
887 393058843
887 757354676
128 420108664
718 949919228
133 356018494
220 512864411
410 516013989
794 640660574
696 277444814
83 355091067
724 165174911
553 555612177
736 220532427
806 420397813
886 582584743
58 664039943
573 322073004
