114 950732858
123 140431895
873 274356921
990 181350934
360 23109832
717 398659216
255 64139886
619 23405134
699 197338992
402 711084922
921 207317905
631 430600058
951 27234041
271 696607286
144 888836519
383 10383914
37 171431167
666 129537210
641 773826117
306 798721507
211 391269835
574 13793430
326 766338916
179 544120175
756 651917067
963 98699020
689 680831429
61 167619413
213 237468561
202 574410106
110 783102195
68 922132057
661 919965089
668 95924875
182 933764039
152 725182079
701 444661308
863 433515150
849 56329267
879 585517039
914 84264571
565 208768766
299 121117438
549 965283448
969 462713448
347 650817923
647 751734190
18 340447865
466 890920725
281 239970097
723 117220574
488 61916981
393 566036234
251 82228040
294 674289554
877 666245626
12 598725315
312 375292493
628 526128001
586 731794350
680 965014893
523 182048528
235 109995663
725 644476770
469 236558440
801 70599227
501 532455846
317 162738658
616 844844154
272 736252989
726 475009677
833 146506851
182 865574323
960 977700469
397 930934815
184 10536352
986 528754644
