109 198381623
243 927734813
201 202887154
104 620332189
398 708181246
728 510349935
676 940493480
8 852493429
715 122929121
893 448958000
567 210930938
339 666122292
630 981131663
191 221084317
535 110214459
454 339851489
936 344073250
977 567431052
572 81966572
287 840955293
795 951791217
65 984132416
381 516749737
843 920288814
195 99767201
403 37478115
956 933343624
993 328975257
725 416500973
665 48534491
738 277311265
689 503211627
180 413490967
739 54549706
881 31098696
616 505484992
208 690598088
842 571496310
993 179787269
244 94364499
622 58209871
985 459084219
882 28769763
104 126917415
886 278518068
948 927005794
662 28698195
960 201866196
928 981515099
62 915439789
528 50050986
85 132074547
879 712532311
205 363952611
448 944614052
526 105299327
266 216643942
807 472447316
228 63335604
802 740062046
395 920387638
654 883769437
551 86304639
595 868230249
362 776300771
76 344064149
251 888037775
554 527029946
403 410373575
668 379989683
285 489810185
416 330578921
864 751186602
99 235924570
995 228551518
360 331749815
540 894090442
827 891914158
811 195921836
610 496266702
751 666114670
445 733398080
124 583352953
901 310106118
683 828332597
577 999240126
903 585495895
809 137183255
28 35920366
688 648487951
250 119003720
788 415227663
355 377782683
870 707925873
102 671695848
688 913909823
451 459714554
471 900708113
281 475300559
620 502662543
646 190351214
651 417181366
227 886671789
827 5758744
240 142438756
466 986794957
203 135910516
121 449778567
355 841215763
346 195184733
106 124842821
341 159411872
620 690084346
171 84615457
970 711262096
629 928252129
325 349071430
806 731241368
56 902387861
883 608130748
350 60361320
337 711342374
452 638901444
417 128718068
734 58967947
441 866445717
310 934163555
829 693628065
634 586621850
15 933070882
477 587932271
77 85184908
869 409185506
924 447804074
360 482113259
224 143312085
740 482096106
999 978551209
421 324312773
592 218400795
66 80203775
765 942608319
101 787284820
46 850037338
655 190412517
417 279163818
781 910587718
494 721668764
671 122943570
672 747262680
535 781337573
174 312608525
861 4026772
88 497453623
745 586745124
618 749657590
124 133958575
932 3633328
388 26769257
260 280719063
127 367178578
804 597810209
150 334154136
309 478963565
102 21352554
228 587928576
48 16192295
963 27150860
955 331424457
603 612105726
237 661010423
375 106678669
332 528417834
799 804161368
355 410687902
179 118713244
406 747544949
901 867068091
543 846100612
677 695276460
888 495530370
483 219620600
962 50149069
984 350269801
583 883100490
651 939417428
83 336297741
412 608569855
317 411556890
234 602120922
687 589707440
666 663935196
605 326931955
343 502556613
269 624361942
61 828478921
494 142337347
528 706275269
846 102781150
734 467201740
415 655586771
591 145952594
8 834335099
660 57999979
410 482569901
767 863302830
956 623359901
948 866994607
847 454273765
750 557419083
848 529595236
920 49983867
202 841317459
933 56844763
644 22823413
550 746561435
599 316951848
294 72604337
336 929688101
186 596148509
639 188439921
42 462258151
672 18025507
585 689211598
258 351193159
939 742752954
453 516043785
343 727205952
11 967710934
443 761618480
913 165792262
893 523502941
505 473061629
511 717395061
853 178478515
322 792165805
122 787459605
706 79828038
688 214182900
927 984465931
317 731748495
345 93908288
79 646122388
139 133154055
697 883329211
899 915323961
836 157677918
649 819871206
867 588870592
309 374170863
461 517497157
738 453547648
842 525055626
36 84926500
937 104125857
420 414455011
18 927265474
498 12505522
661 100582033
803 497163356
610 6692160
442 427358269
55 964117614
668 978021880
701 827124521
590 614223032
597 119978235
432 411371377
765 667207279
527 530469527
607 145973799
366 980021073
213 182869401
287 720799569
259 591656587
197 705778056
772 462281208
578 879423995
330 895567079
30 515041606
649 996404155
596 975823701
411 120819884
142 245063668
650 252705694
21 85778650
379 913207798
107 297889017
728 876864919
266 30653292
311 671589831
638 394894005
140 80259742
887 50182300
300 44325870
742 926983307
336 264401758
403 920163908
936 402635817
208 708101304
778 254464995
348 883055153
950 951524222
957 720630713
943 710294960
913 77988369
462 233133261
308 62024037
570 961498537
419 288996149
827 475351743
938 855895754
713 367928960
971 861695485
390 911729032
635 548016428
393 729236975
834 144085140
185 363582959
165 501238785
250 237228338
332 858431131
83 116005627
901 852086954
661 94168407
747 524951268
535 450991315
701 690592048
53 80569301
232 976726532
136 964366671
372 294275119
307 555826825
138 324567968
578 316068087
783 732991717
444 389643010
851 505054476
885 17667979
410 919183068
819 424575302
599 858995299
826 408400823
57 446618113
63 564859910
38 959607322
476 335449449
215 782428347
713 901079398
694 49334570
266 645406835
212 724612938
82 857157974
643 124371563
962 834673692
973 163236963
306 710670837
780 140681768
817 309663115
379 465194188
560 173763553
668 495125078
119 909191755
894 557800823
688 624704097
834 940722401
127 898952527
633 691476767
680 38453354
942 873059916
553 573589694
840 396885612
124 767445415
174 469777163
353 463632497
672 357927882
339 960756090
574 640767866
228 732711644
369 586707726
535 212355081
188 998033682
117 638584710
69 634463850
395 43242412
646 80526883
273 752881064
619 918634012
701 700652759
317 376382833
280 747063862
916 19695822
232 850146309
561 770175199
207 341842677
564 343291409
311 939424829
377 876465826
785 290153402
896 548969105
334 226210804
447 744287799
141 208541127
254 250830036
373 880500061
720 39087778
147 292605695
687 972235919
972 317057229
566 915910551
532 623269956
501 919828547
396 166776038
757 920206778
264 456275014
150 271768804
433 782701247
500 733616372
887 414890116
761 388912868
159 938740646
629 461552258
709 278751981
596 45668176
321 845918593
649 33888848
420 413147369
362 794853617
795 455511590
846 637546734
953 490183677
9 409746200
598 263649690
549 144378451
146 214912665
319 284309592
783 331292436
944 558348886
749 23578494
691 479341858
47 644447792
702 876455282
387 430946335
459 533956045
630 858299759
805 852575393
505 492962262
536 838752895
618 893396367
708 697984642
853 75714171
15 287422480
178 605211221
899 794064214
479 758495136
549 88323379
323 407366070
951 744560372
711 603390912
77 482908719
267 658522662
95 452415992
192 392947468
789 711925851
304 79854968
196 853199616
882 305547266
61 755644529
930 519366064
751 633898775
269 653911600
456 674742817
614 122515325
80 888090186
984 585042867
565 80526426
959 100633503
841 444016783
215 737246084
978 33530135
771 147630468
938 479448237
321 340288692
237 323228887
831 846744498
902 425971408
899 204556966
473 840214943
229 948673515
888 789074729
972 733088765
792 8776418
247 345633051
558 80990570
655 941143890
965 320821314
56 660240077
669 798979380
397 895926560
481 88295334
10 13742880
32 261270869
356 50563969
474 968606109
866 933130219
257 121994936
277 99014296
9 53110416
573 981499174
947 475339928
634 42855024
849 145561391
497 883007878
785 397522381
21 576564410
478 48344973
749 195346113
514 345151571
159 69839913
326 50492959
199 488360012
433 151943389
479 670093702
114 879922777
809 768179007
59 618124306
547 608755119
653 877093883
877 371007396
881 136662692
54 78197444
973 208119376
853 834890010
161 554535995
434 489776369
815 564898181
425 547260390
678 513176723
635 150277270
597 511814296
791 525992876
952 638115003
267 752250468
13 482583317
82 832528872
750 833664246
378 89244802
474 875664116
669 93755642
122 695850414
746 721697358
90 386733464
986 978189128
308 607335274
599 295542139
939 163644550
66 909218389
724 778444835
314 133307264
641 395815261
712 472347794
913 122543858
896 68397886
38 370327431
197 938847735
818 998840777
350 103337490
585 304020528
113 724939482
967 589777839
40 940418327
282 423517160
533 592959282
464 477348486
82 637014919
208 986678980
867 366992229
619 736789572
464 348254937
277 853886178
439 386851869
566 402244948
854 614226781
287 171177
586 113824633
849 579971749
954 695113867
182 230128102
350 720926783
902 554117621
980 99935359
583 762050232
482 85779319
585 942949623
906 588821097
323 117669636
689 430483602
830 801702477
868 821456195
922 475679411
83 263115739
290 306569109
426 687031519
179 435815561
85 444565997
497 995101383
788 370934335
595 87904406
399 466059022
625 370980560
851 658232026
900 685850025
796 205037472
536 778224715
494 70496267
880 251850127
399 983973259
507 763617002
571 926844821
656 516743729
484 910996365
787 843753322
579 123931674
46 778649045
816 845663487
635 274353774
591 879894602
747 44872981
417 434798944
23 407564791
659 875906735
421 163082416
86 203423496
300 136519143
142 414823810
753 527344220
251 210294468
591 975318102
856 874905702
4 321324044
991 53638618
949 366739147
25 476508371
118 328657900
29 476264449
923 413785317
547 782325898
892 493999156
100 697569112
181 149191282
333 525109941
852 367495709
143 533227456
336 889383637
930 905603881
770 946196612
513 54495364
927 974226295
655 579639784
945 230087071
141 858305511
440 5086862
69 827022292
185 664594220
875 528005088
652 457200537
978 394902016
686 131637956
933 251976068
141 395288953
764 781878911
368 768305817
877 129734390
768 517632931
314 190069955
347 16127287
105 8829365
247 486524145
385 399966948
229 439442802
787 999051013
495 57012116
578 955725487
905 947197323
8 165897913
250 145870268
62 467321700
41 94507152
214 584391980
749 573052116
572 223564121
823 114221664
779 267015306
798 56510466
304 513073166
366 473078423
982 405272956
431 76290380
421 250194037
472 501629623
65 164304730
782 644242609
619 193588598
430 127418795
834 24858392
179 933757008
740 654002247
614 613632093
372 530174381
967 873837514
629 692395494
802 162691135
143 103940911
885 139295259
580 164781173
649 641583193
73 251363259
888 234758242
725 935007644
669 424677229
210 400444792
553 47616186
58 130905511
626 800347652
665 910522874
636 374570284
156 420598253
573 367657502
790 304213459
880 707133148
43 42255954
7 146932619
57 555662733
799 830529554
329 708096418
575 912383402
723 959195092
596 159267874
743 864497904
760 904664635
501 213126620
541 406366392
641 814752816
283 644365583
76 166946485
776 395607340
999 613845914
819 135257701
904 758509342
964 874696844
194 334080020
888 919044517
379 528256445
802 746620257
390 405149274
639 794074193
417 80460041
415 808434243
47 393880663
101 436763510
918 101029808
327 32614852
792 647980565
696 190915387
582 6830340
963 752058450
464 734615528
987 479066924
602 782871747
76 590258370
804 907935970
203 578575347
628 898818316
520 492214953
86 447991995
702 275187983
983 304379920
138 517622225
456 814512783
833 354031510
947 628619902
594 646170673
472 781909923
618 715009279
23 721992751
320 120857135
123 60693867
637 630800857
623 49246989
58 602315194
309 824165730
347 402863531
146 699273499
47 375026480
342 38007940
293 951818325
455 986419519
275 525799903
478 119301527
555 554880263
54 29328352
83 775256518
818 924138425
934 368620009
919 984013033
276 299729624
701 679209538
978 264794534
962 265865289
918 716846570
22 549359366
628 931386928
697 480222812
152 677347038
311 984726918
171 543518981
112 823796933
607 547580107
773 817509084
360 495305523
728 483652369
172 822059266
778 818787167
955 390612905
217 167966365
975 878861470
61 821177058
772 339166197
462 786643416
551 143241484
235 127671145
42 639326258
296 887997274
40 232280179
888 536576197
490 265540291
490 161858904
274 69749894
529 117433710
442 2544199
319 253615237
145 265058836
686 622654886
303 32886651
723 302835972
356 433297463
393 913548403
779 217721767
198 11130961
819 158043240
775 63613446
926 553425383
332 679556916
690 981559285
541 191835738
700 14416917
369 983054415
891 391952206
659 94741384
729 798190445
910 400824169
523 931203465
787 798984930
619 970496200
763 179715618
723 346187730
212 615261874
144 74688284
38 455067558
827 665153095
294 917448052
122 655797071
461 998173980
497 97924760
711 309008170
660 19349345
240 682949328
774 40763004
418 825129871
710 348313453
697 404003290
241 363272957
692 549772006
450 400742422
677 171196007
816 214151375
881 419441669
748 848982018
246 763173729
728 194722885
735 865003978
457 592413565
26 13116495
479 590192096
878 348157056
683 156071521
999 426959334
912 494956536
484 530745141
532 964674581
125 13007560
579 474481324
991 877332394
361 820664304
932 354879659
512 452912508
780 716694381
552 988741010
996 667616067
873 121813669
484 258132880
266 766500017
846 820806980
540 967902734
466 91885284
498 43522327
557 349529412
342 43305079
40 659331333
674 421562622
594 850516019
626 417245732
297 502071007
772 56470586
490 99355207
839 543384660
552 206951200
51 808050972
107 210784688
385 951357027
14 731738983
133 691382198
485 185715707
639 691971492
800 107686354
825 199857784
479 826552265
585 142175564
187 644919288
499 38154491
218 939771305
719 203626325
208 855174193
79 770250569
702 938405862
155 5153980
476 867665312
30 123926261
687 748482872
971 547538233
974 788860134
885 388011067
972 134407983
828 144543517
888 109420434
598 302213945
921 871146513
675 596344954
430 61291246
288 442559262
880 957245136
698 933260034
840 953093758
743 204187440
711 481499052
92 629451908
103 547940074
323 382264063
668 306408756
85 658511147
869 597726549
223 954796798
850 8106574
203 779079065
522 144790791
888 20884163
404 338549534
193 888195733
12 927116536
386 65998337
904 169973400
739 759946538
12 536689119
218 950921390
995 317114410
356 761130887
411 780451832
598 575312338
538 517621710
187 221163898
259 61671977
889 135466932
175 324761307
572 141607640
986 642488054
160 141531766
284 559803721
293 136788020
965 868283321
340 719375992
694 226946252
349 33203572
59 900509400
164 456272541
727 232585715
989 84042964
719 864573673
68 949780113
336 204932724
918 90530829
458 601577259
277 98974617
503 434859039
541 309501499
548 300203376
938 744866101
810 834005916
423 50023512
523 855422547
460 632460519
968 68382318
748 842160055
630 369219571
84 521510903
627 35533928
872 809397959
179 136356404
263 120302069
755 140244785
584 755597728
432 304568547
100 22243572
773 561101538
879 498750377
781 915150786
532 446504944
25 564975071
133 9472654
475 493297495
733 835080388
812 342001943
409 263893994
444 590613802
313 347690347
531 436175310
147 116820044
347 16299618
208 91654588
266 704592064
936 378229728
351 227236891
121 57272873
672 75214468
831 625827563
368 440429068
972 531972289
661 123609047
903 957578895
647 205259198
243 934797321
132 517976058
776 105471112
629 719166975
896 423294224
931 58874079
27 460362094
948 856328701
645 133344760
913 140843528
930 316539310
502 498436829
204 623752968
173 628770036
280 130659437
563 736611322
428 36708250
442 24924516
425 514360278
93 184397623
615 595540554
228 68201069
958 85820948
479 452278092
167 261983301
235 27193106
217 214167332
812 898737322
14 982672585
188 643874699
263 605903159
401 371213836
791 408631968
80 505322417
610 67299362
318 474435515
446 557624129
68 168058452
160 707700022
54 208496612
910 971796400
696 107737242
746 134718291
217 44168197
249 17886509
350 817914023
914 23702879
737 183240155
424 66770418
838 388396956
577 693253684
208 52622496
574 10987908
562 246188817
785 974448029
952 848530735
680 114665183
109 178649378
52 665669367
346 364732011
55 130194210
666 65567788
396 765294664
851 816747287
524 296890705
935 998597095
48 852970377
719 593910980
987 14005239
66 524465290
296 29006034
396 782131195
377 509198838
67 322754892
579 301517899
220 706688204
416 150472867
679 806261700
130 465762939
956 149946955
72 716919364
347 486637459
158 556573599
948 325003531
913 302360703
552 791856334
100 506494755
955 114931008
516 248513801
843 107314975
972 137921421
83 440900942
1000 505210859
646 458429911
871 98671006
263 338883905
148 646433112
238 578365380
546 211496792
50 470417668
336 185811078
435 46514668
809 760158652
192 140342970
514 868980968
983 7658433
917 314617898
899 477203140
864 729320757
162 68123272
217 706517892
893 154525274
247 619582161
145 656286353
334 562995512
578 822506440
358 827744540
612 459318031
324 829686699
262 101592472
108 716358838
901 144587383
744 188049878
167 617221780
195 578374630
916 767435289
134 573623593
818 985691903
735 117316654
549 565354940
424 284445386
835 422352428
911 420940884
419 761772211
893 101470293
591 972524617
528 75075794
167 902352664
930 765999717
802 647496469
999 368965502
443 663394229
504 180259397
417 391794731
283 281169067
476 949535117
181 116914530
710 455989303
76 306245731
486 770369190
54 657650937
60 338442309
857 31417763
983 114731906
106 310718687
498 766796606
264 682834643
993 895052493
119 22096594
250 805223880
811 290465024
683 696322453
493 238556604
598 669605233
835 596806040
47 970838698
934 101766622
640 962992771
623 794359859
313 809421204
963 268526884
509 812471612
126 656982841
234 59823532
717 167915883
527 812318765
580 911244286
347 243187101
79 795618578
210 52417091
776 633047768
564 1569803
922 479926623
158 578708097
135 718601565
789 894035465
291 261962575
836 75526467
548 72012259
843 755483865
380 835356425
3 568493645
652 957324805
812 415174468
327 49990187
594 936058069
567 525118418
407 465915077
411 484196786
919 140687548
345 339108202
80 787320623
304 253322328
573 119784757
994 156322684
676 783116749
106 45799586
729 516067642
414 345614646
361 181942112
585 110066372
204 441457564
238 722999751
842 750124576
301 200165054
439 592190462
913 730149769
316 937476498
87 553675920
121 857428744
34 612410508
243 2865322
430 433672997
582 166434277
570 434061760
962 220404625
754 866214832
307 714657580
674 757949801
985 745376569
389 472450986
661 512897934
350 120825359
403 18903690
874 814727019
274 632303814
43 274980971
846 517841742
230 343440391
951 429941088
168 47438825
227 241829719
532 739901369
241 121760997
210 78446381
644 544642320
300 808885331
247 646806830
189 662351936
835 950963200
70 447216601
334 109056994
908 100945867
731 144685071
166 465310241
506 935964295
592 901904437
796 630987254
526 26616463
29 441421996
472 571843986
924 174830343
269 328285394
726 892302220
865 393160572
555 645718457
105 282043873
538 48951520
217 22392713
750 47870626
231 150563274
120 670567919
255 857628890
516 101622293
358 979895732
591 15572581
208 290177281
705 529304749
544 454918242
855 727261725
137 519739018
195 245082208
170 188768354
411 67195275
248 819287575
866 596401662
551 587188565
212 725342303
769 393612913
832 62891098
291 18386495
433 340825875
95 587976667
453 141763445
683 578874468
74 286199583
298 247640347
417 72423641
121 763339106
960 892203567
174 110224448
630 191601592
34 323686104
142 961091071
168 467776607
144 83618455
213 918460765
975 716020738
801 893055927
792 699488976
678 575325919
609 260701191
275 65346033
556 384590832
358 409015711
39 462672218
916 410196922
105 767411012
163 837288492
728 591432336
441 673850117
155 997575941
297 126018071
767 698809393
414 908873729
340 620183654
113 192643704
484 554492173
1000 545078412
264 458290611
387 229271700
941 238083588
869 789740588
798 917206515
573 544605783
75 227197687
931 470778656
10 247502943
9 462745923
26 984389215
954 28105675
270 695292249
243 173702012
7 565948834
329 217471353
565 628053996
151 595625465
932 79215565
67 33616617
423 545629860
37 438021138
24 401174204
854 565428359
745 85172637
901 783933698
367 62694325
286 835450320
766 421551991
523 38282406
468 611480306
742 27968590
729 33266967
90 552787422
263 724951279
617 55670148
278 286737836
541 555632743
497 663238226
796 558426091
787 828742254
932 658517478
498 94650017
418 340584708
535 355851219
370 548272877
628 158503525
683 786191797
900 72329743
817 883010189
642 362794132
371 448692228
822 79869183
745 34366673
917 506819550
254 867062828
652 827471262
246 782880517
11 849547108
623 684588395
748 162828546
492 133384138
274 43468423
332 52686959
729 699121282
442 167707269
904 471997560
361 110319235
139 346917759
812 474127272
254 1320295
742 501232438
440 515668180
942 745930222
693 687331573
252 232115565
340 29423389
373 92502171
478 529322435
518 675286721
392 380384041
959 444834496
983 79460300
204 410038821
189 807914288
26 562262198
890 335305993
850 439604280
930 984646754
332 855154527
759 4714878
734 338923573
765 894862811
954 826469660
898 684056576
813 86984086
819 772754221
261 608466935
369 692542896
801 18912550
779 137061990
312 186503678
134 201279427
942 934899785
136 277295328
235 230970014
657 651320737
678 840655943
520 712164926
530 341840021
488 560822869
279 564151227
780 830809947
202 151236975
478 380025856
290 149877423
128 123263770
220 458264488
743 292230753
376 883411754
509 892363043
128 926132086
159 849460025
679 727733700
439 138051505
207 916069274
41 778634917
939 617522974
321 863833857
529 874667674
427 15742641
407 969322478
140 618285523
672 882754870
328 155495549
945 248906320
506 133915304
78 904130161
382 817133694
150 1543746
371 6382932
783 658324635
121 790396913
674 484354869
900 900519498
137 33053726
702 196874941
973 191124103
235 94855886
750 938021563
324 347794379
465 324976142
377 413784750
439 680133239
906 376693290
312 375750116
343 328947551
862 587661848
727 421732018
948 239611936
825 159218536
923 122048126
186 161914193
669 195227225
28 777020246
865 76531225
709 719602482
98 770842071
740 647985025
776 15186371
224 430934651
901 775512168
818 141463959
542 167242371
871 803591714
114 942269826
518 44646504
829 825675302
361 39080402
796 404229074
918 638060920
509 252101146
97 286039285
267 870356786
440 719144644
261 217902457
470 482628464
82 394777175
976 468044935
582 666911262
405 215371946
2 459501763
736 777277684
37 290867339
698 481447061
841 689365394
960 910331966
464 609155243
496 644315856
69 210774489
486 761863104
538 219871706
401 337602821
431 741382813
738 836184252
751 122203324
783 56799816
341 941205263
225 38795960
87 90183108
281 190127449
168 819193446
260 36283281
45 169060714
57 819188602
657 673260265
320 810644996
272 595936500
135 769838570
777 557136215
186 482321092
440 913795817
766 841169885
237 859520756
700 230601271
230 279909172
588 785689277
74 426752609
213 174436235
724 715035395
6 239268189
872 350305697
737 786779873
972 126753041
56 993431963
464 769760779
978 577717361
283 799262927
784 797695016
712 627433811
200 514356953
878 404548438
749 570439379
472 983816686
326 749726523
491 766070543
948 134343045
463 129697861
656 670547225
325 765313218
253 444857319
940 676237521
296 99776306
319 289211155
506 953639842
631 667698345
170 552323056
504 862038966
486 891636927
44 28760232
413 242251301
880 252086961
330 169039934
172 646244046
723 883755190
533 45786614
155 34084221
617 677803581
296 804439067
740 812124750
681 258480991
560 231708526
755 8489705
739 37984646
73 683417702
593 930513753
292 388953423
54 44690741
392 655768247
563 42102581
62 815739909
770 708600260
603 885646369
818 567642585
111 776257928
817 884883321
379 180009377
651 634816228
945 92012437
63 544784761
29 612217947
464 899737497
658 158680605
845 166695146
107 715929983
950 511610817
504 144613560
874 198885097
997 619243617
373 97357099
351 25562191
880 137939641
85 589274684
85 164200779
646 193461654
393 713786113
360 98068774
595 916792535
2 105460913
556 87234284
158 90874694
622 530314774
785 840961222
73 120375465
848 886492251
426 938311335
15 868880968
775 72573483
424 106839806
551 679234136
503 891448978
460 178907066
830 599496200
952 908250825
412 287858736
317 515761929
496 339636332
928 341540317
753 846612253
601 964706969
956 951113540
183 287031835
535 98689122
549 796886401
199 264670770
511 32921212
792 59179811
771 128325256
759 903859429
471 768174744
923 574541373
885 451402342
415 941387715
143 195320922
568 124476524
986 380208673
903 330653214
34 884739662
778 476768232
240 490800181
464 81708291
806 313107856
514 779166585
477 989277775
496 821826705
153 27243796
498 431219767
588 351831377
905 868975999
403 842451290
401 244812809
590 459600508
939 130649306
578 18003920
980 749568914
3 608036860
459 447223658
233 114503538
387 264327288
523 738176889
351 99871488
132 943023446
946 135354420
215 637599006
592 86326278
319 464200352
748 196919758
286 468259471
889 788412387
81 139570775
664 660633731
372 607407565
541 881690688
260 430893704
787 608414107
578 396390494
67 764666789
44 786625908
44 73937388
705 27792291
799 632678679
94 677969846
803 84354161
835 661469195
837 793451036
130 181218658
520 542530907
453 676733450
300 966792876
353 77200111
530 257807448
298 23822164
282 77412044
530 93203933
157 414601484
684 356985502
486 713518297
719 260699106
776 104893559
42 591982688
303 445836553
171 708020072
28 497884010
968 917512523
693 866326377
455 536238500
391 34900890
314 321117481
751 396952068
985 50628473
232 763400398
596 762080748
464 543557513
517 123045991
252 97564479
307 651415765
728 353030415
279 10826500
155 886352508
374 896505836
449 556668245
192 43421293
689 835251756
573 131585547
976 168991232
410 874471163
264 826877705
250 407249349
865 857376647
284 57312600
721 367375915
446 182996942
321 563386560
396 87326651
187 145810440
436 644504005
311 163541400
918 645406535
890 143978059
518 906251606
655 620130736
178 391006301
547 554663074
142 972784434
576 135647768
551 793017103
733 478159041
919 950992267
876 325296802
883 214382277
170 146059582
165 348833292
503 8076046
789 669003944
927 703341016
592 191869096
535 665530024
437 233798879
766 479005894
634 169659747
592 841057453
357 737980671
674 334469864
822 238597514
57 532614903
808 585633905
455 128170108
527 690273140
779 697807979
945 228305425
644 343434694
627 633699139
936 198188810
580 507804590
431 830195998
790 238953099
784 831331850
32 636310505
748 448832385
218 954827185
385 91360878
811 782426472
869 98525918
592 295359987
343 440270822
428 825831341
726 92604438
363 65514886
294 8449125
143 50010324
934 455966279
636 176595872
197 854899718
595 125872581
268 949229848
866 385972833
623 23355419
578 335902691
757 11762700
708 160911666
285 947286538
170 474639903
869 10967146
332 272909036
197 60991012
101 782760733
204 996740612
154 976988803
499 402136885
261 823952553
616 765652985
387 283710165
767 240886355
930 299815081
108 892809817
246 793984329
487 571313859
967 338098736
76 391151957
975 540416132
17 460643993
500 505432146
694 162419731
796 947581628
607 928186595
960 482701837
401 528983622
857 292443132
869 33595300
77 974970703
125 668611663
335 186373246
705 766533438
756 530430364
301 813624143
992 912257980
478 943800807
776 879519265
26 47475105
555 651899955
690 367927529
905 776617390
336 533558258
64 810771424
390 723667462
390 239877251
257 638032731
739 426670161
692 525335986
548 353879662
402 607813695
376 93254612
724 851754653
847 206738416
908 72024871
909 657953880
334 751873227
730 523223096
194 617612527
935 12445894
800 790755671
221 986433681
442 768164293
315 658167466
834 514904909
684 233264663
126 767338387
238 983609658
8 738551655
669 865175711
739 816325586
315 119811245
440 527692048
403 191902450
461 744303368
254 19183752
887 657918212
12 828041206
396 564742217
21 794465972
450 528773515
440 860776041
480 706122949
282 307721117
365 204278248
505 949230475
578 846733669
820 75774548
26 127890524
302 431297563
612 6220417
161 361232906
561 987344875
631 130284353
337 370852271
597 977556190
306 39214697
868 86808094
803 45237849
875 316158138
768 377918288
326 508332566
517 390461519
278 801706375
134 250865886
457 85297459
890 195619458
77 767561591
450 469211534
934 759397557
506 81135013
28 504087022
474 387104567
638 123774116
118 552028765
408 30510877
653 590317922
880 634557466
380 722446051
712 881215226
178 106304338
377 85795402
76 884621059
82 957187932
680 886076267
18 617044219
493 618746273
658 959821538
440 259184068
567 57269079
85 105943260
559 371134891
20 17773756
23 216132183
498 640753364
135 527965476
169 994999253
941 469067763
240 73621995
998 818163877
32 544507870
467 259954476
350 698564631
382 527915569
767 175328731
230 607160040
110 115744635
209 775423869
998 882012413
139 419920836
817 67316483
74 779845425
640 230017363
204 941129975
457 572805490
864 409874161
744 191801908
740 31488752
133 695371127
712 555993776
69 108975646
488 526896761
707 710347303
498 697475949
562 319662679
462 47852350
133 593677526
407 375134857
616 331197182
604 73516316
401 286501752
652 68560532
407 574532367
528 99947897
512 646265878
445 310357174
317 434487014
324 714741865
559 623039890
929 119317627
225 593586050
753 782420451
626 122100113
489 151944537
229 681648857
865 18843837
721 404840220
152 193687591
222 667691820
825 352370045
142 702673733
361 342438760
713 729269514
64 786280779
286 726254185
817 857537235
50 305601018
65 65922073
978 475969135
775 520369846
35 200958847
62 110002061
376 149966686
939 368509772
159 682948108
709 165826390
73 784709430
188 68695362
293 89875491
696 812109203
692 219842903
84 18544356
805 815661955
582 520278464
540 391114082
822 143812023
560 478581534
877 510169646
583 187531478
124 768106696
814 267360485
747 790537882
908 538387242
757 540915922
804 42904275
65 114829448
317 328626814
921 511306618
787 277071654
999 715909634
959 89008289
922 990994370
709 56842200
10 150826853
219 956182599
820 876491396
960 194765470
273 870092150
665 914979937
510 822609987
563 417596957
978 126909633
821 899540053
973 970974520
228 102121411
710 159788390
104 840863593
257 329285618
670 844850734
207 292475520
701 119184924
680 787521214
668 889968392
803 162595343
691 676324549
755 110439068
313 8625928
212 51842226
241 32560523
374 378396694
465 363883598
175 336802280
539 488508264
508 151519223
438 566149498
552 147457769
17 704791264
362 81311833
995 455469630
305 495907720
562 904011904
728 249741786
619 884909273
81 26061800
730 721709795
161 838081198
854 148809793
447 54250640
852 410064537
468 414317359
301 130686353
673 780664205
255 735689270
879 312466109
622 262563207
492 66346541
814 135576302
332 353076282
326 386746387
262 683632055
141 898651839
82 457089186
478 96505813
451 987159683
610 528128820
567 798432467
733 73557814
510 511000607
370 845331372
121 420073748
86 436515814
787 13862469
19 128572574
591 147126227
379 57632976
262 401897666
510 97798524
593 139511428
192 6863455
957 513523933
664 655840423
697 323491020
575 137480821
253 818514661
687 151813213
669 534567459
754 365443104
727 272025576
657 847082462
137 505497059
464 705318749
670 385183505
200 594707403
373 822457435
152 807755857
74 137807713
935 625834649
983 605284478
655 520880127
732 146062296
848 745074687
366 707471091
802 42329904
778 470678155
172 936316534
737 898881730
378 806477824
843 923799666
147 617131925
679 464022041
633 424174471
419 507829041
747 177616899
322 67233753
61 339697484
229 467071930
125 826786606
723 491082699
962 636815460
692 136951381
195 588906061
410 67486800
995 40685616
688 46447897
549 954179274
163 6560381
43 603057396
317 132918357
698 499959530
307 583333179
783 839420652
168 902186202
849 673035391
322 37779628
988 544171695
160 280069828
548 504864216
725 202543062
757 404300148
267 49214955
685 286277185
568 116250727
734 105276341
132 83635310
589 477614848
882 72232763
731 914608127
241 93080713
865 229370280
40 637756947
870 389378517
777 882583496
798 408466510
398 549666683
134 498537533
278 442840101
73 420217632
766 272178575
424 579385925
588 709714217
396 682769047
552 547602993
631 30357814
162 106951344
932 670971960
190 716245403
900 758136368
764 56459370
550 427702929
333 564817562
852 739237693
716 695743893
209 716560392
502 664397478
689 511867043
27 6408992
632 389371659
993 697575448
103 648413407
127 361201100
195 93592995
860 176809049
102 82032676
57 67020878
125 110666256
465 151750025
64 962529923
535 789707361
710 173206615
277 651909443
131 433498585
208 73212750
339 427088529
377 957731561
81 362585212
658 717774355
620 681379011
862 134852448
737 612074507
281 781550120
70 821477315
907 53444512
83 926015603
968 29470091
487 849459861
746 88871864
212 489117372
962 138128241
871 236843720
875 728219040
798 729454272
719 643184893
222 2924423
68 875569956
698 809277899
277 777276122
224 298676037
872 597744518
339 658765804
706 79926350
108 629978405
753 86623488
437 207259823
470 68173132
966 167114772
56 609825811
882 301926065
254 102164109
991 987447460
492 151809168
302 383485458
271 997995325
706 937941578
949 830375614
170 864633461
566 621083671
597 719789195
155 373638288
783 523606687
757 998475008
974 147210474
716 303798246
466 688512251
220 301401932
123 615038759
426 549502218
229 720446300
507 670587635
939 156980269
464 376715854
247 5726668
93 109936113
123 892883359
443 242022797
228 853844932
2 659000236
93 511761025
153 204917926
973 24973190
226 376838364
449 907071487
368 778284157
56 199689020
130 605548549
901 607957848
665 900315354
900 226633528
602 573177054
299 927530118
144 928988575
509 785489181
782 28917745
95 52464845
485 21379293
173 993625088
985 685216750
272 489599684
957 682890955
161 82417206
17 109214820
341 869005234
612 784249444
709 464431817
849 43312980
140 293125628
758 621772259
289 45142993
243 144886258
597 985841422
595 235780278
89 549542870
315 309208138
502 767574336
85 433667666
777 824402051
830 296937877
73 785013288
806 806502707
52 41443901
361 739310729
59 92710715
539 833806621
15 429080162
780 546822765
792 620911419
576 477672172
759 509224414
11 184812395
655 416783343
238 746977747
328 358381402
972 441159552
519 478134750
415 554970973
7 174211551
253 777892518
358 495721115
304 6365462
513 700784231
976 117534201
390 816306592
605 199081946
507 237901014
445 383489955
7 978871055
335 970807844
954 99073503
40 552457536
52 295292702
357 323417808
891 237149231
101 656255524
669 179732676
336 413242537
747 199057302
193 59848231
516 439644244
52 914043099
115 95184721
191 18781551
311 485000877
386 305832898
946 470381814
956 851112685
716 97692005
983 551841315
19 106931138
748 987624392
9 675648605
492 136828664
287 754804402
255 706195763
909 9614482
654 527916648
779 433522116
606 536409504
106 492786502
541 663423648
471 147818251
661 125489070
262 511705991
832 96185093
235 417916391
651 95125111
227 530903556
23 17008730
885 143249551
22 375355361
504 490321444
465 478724250
264 94862032
40 896476320
465 548736416
978 932541206
716 266157964
995 334905439
763 467109470
191 673385180
992 902569974
631 52388000
569 385651352
757 238812339
449 832568048
766 690708491
184 928889923
921 932511951
924 559744538
927 564318348
761 243886075
5 298763043
208 836402743
456 184256571
723 718382631
479 281859617
336 850624115
406 939268589
423 27475208
5 371171501
210 155395695
16 605534786
614 846506932
758 37530164
988 77125404
230 111257061
578 544576159
292 514116082
890 180718106
978 462495587
651 159545200
842 129365577
741 880151585
730 549628440
813 230256849
915 926247841
605 185898797
157 826562613
514 323325004
26 884503610
252 586453046
538 708036674
325 637605273
496 684702988
18 238103559
455 663397698
243 276793913
733 187930564
837 531279845
199 85310191
883 815225827
892 259337629
497 216795015
889 618267542
496 494127756
563 181217860
934 23142727
296 850156915
862 373056115
24 473268163
860 772233978
910 848510519
258 901532418
416 26034234
203 784699883
142 516953791
110 516179133
76 945917650
532 959026845
96 64202360
83 98906172
230 391560000
853 288580820
917 81701492
454 171831556
716 180694936
806 451209900
497 503153756
777 343954640
514 218007655
982 25087993
392 232295964
773 642408077
482 146508933
103 568523463
257 783513540
38 658260087
221 861671137
927 594487720
738 89717493
392 260508476
521 625214
69 572682653
817 38480973
133 748872496
770 557123446
779 180909925
586 832463648
665 77714728
328 97395415
984 29621995
447 509010837
644 964057952
865 981300110
562 534186041
360 622973659
534 378633772
409 900917971
740 27513412
196 360335709
434 913890940
186 828966835
550 417997120
950 320731727
431 497404162
875 607061717
386 117921447
855 262131193
82 299771890
333 358928865
913 596015075
917 429114586
92 668840725
787 849575574
592 298768415
789 22501942
748 49364784
998 105083297
166 983915625
351 68721630
497 446232193
813 429138491
600 403598256
423 917014356
865 769817177
994 583117016
834 692189862
822 497456469
522 942342212
549 106217530
984 500222890
988 136410445
526 51470401
788 98275866
532 268952929
583 438792702
321 608782023
983 89005013
76 167530502
493 49340032
991 484474681
706 40337198
480 760683826
749 36504123
385 315538669
849 275387654
324 351756958
866 470918738
618 411653739
573 663409777
37 501372734
241 589902558
137 91691734
26 925092176
594 416455857
310 210645551
570 290860662
852 294929142
634 142419434
542 903464452
849 54630354
519 30891439
748 789548746
349 50319900
352 921983629
419 154430544
870 975408425
96 633611122
609 729784955
692 162272755
572 576809642
707 48684049
795 854736190
613 886601080
243 651216718
454 476549699
3 334565892
870 495785641
254 900492759
86 69795982
747 200919095
523 755971564
420 918457367
448 200392432
292 160959461
664 622123804
594 867748126
895 342346531
372 1212483
35 302846590
717 868320132
838 799948157
901 21528588
776 262142344
367 232840928
978 413736211
29 739546890
836 297979396
821 421798753
551 613900585
917 194767790
370 640235082
197 241113835
813 763772067
706 317305559
176 441165466
507 884402383
38 209182328
686 39647578
428 536210283
834 890097521
70 899279169
80 746944856
113 69145878
160 270671523
446 963709376
319 571680870
532 941166904
447 773202331
114 463691203
967 71095954
23 739015770
542 136199643
203 688155953
174 493656446
278 20307435
471 177728150
546 592953700
879 953505467
411 239652283
645 492375310
722 458929717
840 905567979
22 527510561
475 893569605
845 845384302
941 463930491
668 370766928
175 933724417
498 765556777
399 900429571
132 317913621
562 131562490
71 455076390
665 668115682
492 663029258
260 153598148
722 397596731
216 811182313
870 90023180
239 544426083
494 643400172
910 697621795
585 320983052
219 485034147
898 311366623
210 913466154
374 536543659
85 905819902
456 784131336
805 183662716
402 506911907
870 654807319
252 861606249
753 523535341
223 653386948
760 464367587
645 599919568
582 82729261
799 14299461
530 12709195
51 447584834
785 741934686
742 166372604
58 315297060
54 333176087
310 172902147
845 550375614
699 961719955
282 79944001
490 323414995
649 793145597
871 84202453
277 500131021
292 200072825
991 306572199
867 67267833
45 106838728
295 523671175
228 158555019
493 70000258
796 819211342
411 36834347
942 174989706
25 879183367
811 593745550
93 377721890
429 469354829
489 130940709
577 514876344
263 981399991
735 214454711
744 734057033
622 56036230
684 53227029
966 426127065
564 874201880
74 62661624
423 86982163
606 886213085
559 642389255
470 566882227
757 185317137
193 247061243
321 535075736
229 165830364
55 617479163
881 699035166
310 223917600
578 225550791
415 348067515
674 102195178
374 445293352
367 871833466
521 46244685
49 241841383
507 881213619
293 287628713
450 124268480
12 169350698
398 95485862
760 775515698
742 256758308
188 421778365
537 469742814
934 609982975
50 312525470
348 723503320
686 917055858
28 354449789
32 543038434
991 41720187
789 845256669
116 403424356
914 602077147
973 36444303
350 605039319
217 634036579
381 26978040
109 114717114
172 119857365
195 502889580
855 71824419
988 450816956
709 536173189
739 736002416
280 865447120
553 417422293
175 306808122
295 615420310
389 353957780
591 614842151
352 877825539
839 108118814
661 396341962
423 653923536
723 160066678
721 116497636
622 780283237
581 258063056
697 262089122
989 458073709
912 638745659
303 956946927
580 317784569
730 670636368
172 63190103
998 408454817
320 986351625
860 180212008
336 995352855
852 522675397
830 370591297
733 690480292
971 376175370
772 855645971
913 985591413
785 28468278
313 277900496
823 809110764
936 146952568
344 67392893
104 175640693
223 569411521
632 33449325
674 484003975
11 695785411
726 115752106
996 171584147
848 969623063
663 85087456
976 634168438
686 974462363
817 284514072
824 560115830
282 410634223
140 511853640
316 4316306
534 918985240
854 172917131
847 26799625
36 29316988
43 657017914
33 382245685
540 1818666
804 830556378
579 354385332
100 549756553
75 587412743
654 21491121
743 151322890
22 528348944
402 991144459
43 862330287
999 880220229
187 593210800
530 148126707
502 456884882
430 191202362
689 686266392
10 192658959
810 304658552
257 738055397
453 963160275
954 431351591
166 412694161
761 252414670
77 830404481
318 492316272
985 633104269
154 37149048
389 890318923
751 318106686
828 868295110
399 72949956
835 283651085
536 698596273
641 192883200
608 659317649
643 90742318
574 161937127
71 81986025
851 421321417
903 211671756
455 871154058
426 420837189
288 20288590
511 543621658
696 30879711
942 339612149
503 945636090
431 22191108
29 744130774
485 807295687
12 97705880
539 738265415
5 614256381
472 113703805
319 208109761
681 992106742
915 544699848
956 36252953
941 129538158
626 124906294
910 369922846
276 474957116
655 76957107
606 957175806
167 417546270
994 167360532
544 433241070
776 173041346
843 954545828
520 367458576
373 689938288
391 770523180
404 739974461
66 337317414
186 159067143
218 925945040
594 81763945
617 610319661
437 165935595
473 891687321
647 974923609
140 882867189
116 569587202
545 515554017
917 728444401
998 628812494
18 326174217
302 704832401
722 84132384
871 508760826
187 44311809
955 739770422
263 93666123
169 381617428
751 440334520
358 168763930
168 151500972
935 628694033
478 705812395
59 196223120
706 992255808
583 550894494
284 517562385
944 749475748
738 341160098
124 489550133
943 50238901
726 65016
905 720562253
71 102550887
150 853641590
578 322024387
732 865826150
656 66345929
808 649338088
508 831014646
554 555036550
621 859676203
82 562502365
452 970101432
495 963878568
333 317884460
316 618096293
51 106844076
105 520298985
229 7335557
711 56532277
899 40068274
43 473350727
944 976208406
714 646497288
849 242919643
541 742579055
768 483581825
518 978776736
550 459844508
498 13832428
633 555067896
29 663832363
610 560944506
631 857584253
492 130424218
108 335054971
507 700190095
706 397491035
613 772408250
949 49902832
570 307863292
237 31122275
664 52669402
854 968399158
263 197713053
924 47317769
758 480042782
535 628591762
472 629641361
717 38805630
637 616564367
105 178394472
802 566609270
664 251715320
287 933187508
300 557254751
686 403412532
22 951804057
962 866449793
42 662121274
371 856489576
23 437573468
108 870930383
19 443456735
557 126895269
416 21672600
838 862537444
591 823480219
629 850302341
879 993856139
743 550973825
771 569684359
516 122312450
208 880630740
913 525743566
715 165022885
299 613974350
2 95167079
465 342422147
528 219726572
940 595196919
195 504416589
885 901471887
642 191612017
397 928076892
470 879409413
611 715121107
419 437251786
373 143437076
955 534942358
535 782655856
487 966884017
200 119908983
53 43812977
459 365703984
500 956076658
207 908319265
808 688548769
618 221104727
779 583938000
331 445491702
368 251716327
877 917921846
785 258073443
649 312277450
230 128823655
540 372710928
484 774406048
159 457305225
167 166466492
55 338512310
175 109462669
517 372696374
552 60816105
108 40650418
843 741996793
688 62749903
766 139379670
267 114530638
13 711857279
337 489576480
56 657381391
484 297679741
734 516489810
523 32055333
831 880587240
751 196278967
621 382693436
360 232676308
381 949137969
212 772366371
138 166438871
217 45232877
823 303525248
770 648249518
25 80096119
574 713204729
771 172324836
411 95086061
838 316079919
373 905660740
289 176183589
654 887399120
925 545535793
681 801421432
862 740563286
727 922382394
685 437361939
864 159056377
37 44336045
150 632038550
800 907425005
78 726290992
127 365769637
725 634823763
458 386719475
689 391763759
811 306134917
553 279765176
533 967492100
341 889757709
689 644019587
169 136435744
339 157140049
474 608192075
887 259298807
183 751585978
895 902463756
712 737905602
44 601016807
862 512584968
64 431342874
893 239691736
860 138168590
165 545028579
825 66952046
963 91267026
230 568618359
736 106299556
677 613929880
730 642617766
889 794967353
835 147511500
720 525539520
320 681450911
515 204922223
944 492857588
707 136952198
327 622795444
226 953708624
427 5798240
705 459843450
892 655245920
84 14246527
240 396512690
936 47974128
644 61415013
385 112851497
471 242811473
798 792224242
634 86790929
867 228180045
893 897021399
410 592463480
86 124950186
254 382819002
516 122317156
948 326852628
870 580335634
246 43816222
767 22369720
395 642580131
280 883023889
29 508173538
568 389569081
660 523354584
860 845994528
257 135333014
616 876291276
791 49897984
846 552345338
946 700967827
1000 123352143
828 703609224
172 90386729
551 880802831
299 386502087
662 367297699
522 410681495
765 38584909
805 847414422
852 115708843
906 774321737
922 870154429
483 447414951
509 78862268
248 645691636
326 335697060
495 71442050
138 509841587
430 411716364
434 295516829
65 98230811
82 302340177
744 910742260
595 964023506
536 497355200
987 438529272
797 19867737
798 977307300
355 241610219
657 160524466
367 430576683
176 90580778
354 990228770
871 346878936
780 136520573
210 627504244
477 247502728
61 450031917
734 495452405
165 39193533
355 965033919
489 994489975
539 378797657
670 494560724
76 583646594
686 658754765
621 539469316
575 873573896
295 717586751
82 58800221
978 27207232
484 255073755
763 172680455
255 818104473
881 822033932
306 6340805
663 587959272
318 927391427
300 108479324
827 726334566
426 566004960
91 109092159
393 231209576
154 72159824
951 968091867
177 384984335
489 923431825
702 77763378
9 590557287
84 242347322
987 89509579
514 264210872
423 106598228
120 461381932
547 213040608
87 775231562
297 70715068
796 391962270
448 67376280
918 813581397
100 525811306
541 959095375
462 527938627
603 581796410
59 977906925
488 427540780
404 164374323
48 321380395
8 667603453
266 211954389
413 698660156
872 844051739
772 217233171
120 770957188
587 153841283
741 785186406
85 269127193
963 495505491
570 231877359
17 425293959
781 454942568
368 862420912
859 457182555
804 133877241
152 351864357
441 528704920
351 626095354
413 658368453
433 195116287
660 766707354
620 659926675
370 946778623
919 998561371
765 732832354
688 986228683
766 803611146
658 33106661
816 95546695
155 428194821
560 393070475
780 301909901
72 280034028
549 981366152
535 574139010
327 992367665
764 457923575
227 6773249
212 2245527
51 996085598
311 367704602
786 669686961
29 284751061
622 21611927
975 161257928
155 364363455
682 42046679
11 511471527
364 362560684
82 537034518
302 994916590
473 954737153
53 371013098
325 197797240
900 557198455
700 293200863
38 591398829
576 883597849
723 19114430
121 844445206
526 299958555
127 287815013
374 438981387
65 464582282
115 127751109
116 667215735
781 139359606
66 887962781
165 946822862
781 66276343
136 212120985
886 988602203
589 292232638
284 773311663
140 85287363
633 363633595
202 119296895
709 504629151
139 352502117
815 130282743
912 819873365
223 567577435
814 858717955
792 943868375
450 742566749
898 529269711
405 839272803
919 333580011
683 751730466
272 112046386
636 683359662
33 547145404
926 94278496
408 231946222
822 21568907
355 686004321
343 88035252
103 701596334
919 26610601
841 313765375
929 909268434
707 367432839
513 446522283
306 993118676
836 10114126
815 638618690
496 481445193
45 716655011
608 608512047
709 548014486
421 360555815
440 464499389
167 68622639
527 913348434
939 744582761
303 602400358
335 24380283
783 106370230
428 671772781
926 47733500
951 22187427
465 154979528
673 688465864
504 67240562
825 748165039
241 850630533
533 799296190
636 383463232
962 797811233
871 28496387
351 570070445
520 904284970
270 728529861
876 689838519
486 515227693
99 273431140
789 783969891
848 929815604
740 999655506
722 942920729
341 186835092
148 608905429
506 275025002
807 550169450
339 785946878
528 439914077
345 420823544
386 968584763
629 760623428
718 706506791
451 280471978
352 926212973
516 198921808
394 369578293
147 34337752
934 478013997
323 861555011
842 686430271
154 796495098
200 573028473
905 335394184
697 256499993
523 584751929
750 348219908
552 633034332
667 267728489
369 571170550
705 716946979
242 232549044
546 895300013
431 523150048
685 978426365
240 960777651
40 825988663
58 637136599
984 541645831
546 216994500
998 812339440
857 931497522
215 513375396
799 755197209
5 38850450
247 151203068
258 858746046
827 4012368
835 615555679
142 62198766
922 815138411
789 317427897
854 591330104
458 466717971
934 271324075
103 83476990
150 375503123
186 515978677
927 936208201
605 592140330
84 598212807
133 12956859
993 822884851
688 13103220
392 827631696
317 69575941
358 11177478
352 606764981
41 124143887
716 250220311
793 142760229
847 69097279
252 529078230
182 276813610
591 120264385
127 599244473
813 739765265
697 100125754
134 646550531
701 97138563
400 547102209
856 577980195
807 536653275
77 146008193
788 627793738
970 107442620
684 293163251
482 291496383
730 602575296
866 933288729
465 829596389
838 130175583
232 554194991
56 678952558
399 575103642
82 636650204
143 406721122
999 115300332
585 381804217
699 36413191
543 885659601
655 511107927
688 472486941
247 312825420
569 764709718
696 326435620
866 914705887
258 381206180
798 597095820
48 604243631
342 138978640
40 975287065
117 718849544
517 54725743
901 405254566
417 529480951
495 340333608
933 58204082
869 444923126
35 906500032
526 935644558
301 390518036
329 61922309
794 240487539
475 53109103
67 48606934
901 850024722
574 158041507
195 570356033
158 75013180
262 672428470
464 939172251
164 839711831
698 433989793
939 961923578
306 745647468
772 40058697
282 37286273
507 918973365
772 706353103
70 196250185
604 553164260
544 515935799
290 770250659
846 591374508
357 603253673
599 237006852
449 186519169
95 11250333
37 5241674
602 28282972
376 833304927
560 474779947
173 178476715
545 700419531
95 889815373
386 633315428
514 280034801
365 291401635
351 726375605
226 540944577
370 947737595
657 118329171
933 95004624
446 403898595
180 204304152
837 563811596
338 574040494
779 901318653
277 649618096
928 42850334
290 923976193
734 555128808
679 747142099
315 871462971
580 404480561
514 321885835
574 97109631
529 148474977
610 148578983
231 693035516
772 330716624
422 479179125
5 487216311
650 924602753
562 677329863
962 47961503
694 44327997
16 456416770
733 443006498
605 332159950
683 285067055
992 905218111
269 822012016
209 884215610
377 247817934
712 376396298
68 82752809
97 574530566
821 315648787
401 584230242
518 715896866
377 217556016
855 894605858
512 763598316
773 699068745
384 614957385
586 73547579
779 299893542
694 414678507
786 291261471
189 21574507
836 31795707
308 528135417
333 271844524
267 461353819
388 380892077
824 708318626
365 783072619
760 555632051
237 21455382
36 56662246
178 685276444
505 115439658
451 775392648
675 290117967
699 459799457
585 799404264
292 133481551
212 129291428
135 588483908
552 913129967
355 904362084
620 450766080
129 285970789
630 125877106
722 217116782
369 586353251
146 518474475
348 986193392
200 588688061
377 556782526
602 475686913
409 826074149
181 862662099
895 896362043
630 98888146
807 586526151
5 268442854
767 143970845
347 681708735
682 933038455
168 338348636
89 20916519
873 974865779
408 247320247
426 134098089
609 635632572
899 272667233
579 5672315
902 650880853
600 49523894
259 24342444
220 109095671
662 146839150
174 598131404
402 935154588
357 756253423
19 153452732
12 486426730
973 339115858
994 901794438
174 19399713
424 727207172
76 990131193
788 802038921
436 445410353
298 985114385
769 171709028
511 47324163
220 560676581
194 295183502
76 481332516
48 108155625
614 66836539
893 121574480
448 416301734
217 623897143
692 470429257
630 26393710
429 682983425
869 725093775
43 772833518
844 203926264
435 116481324
476 576289190
72 823381475
76 41999909
702 283627316
68 725766960
376 933795792
923 712492470
240 229351128
340 773017305
673 65348002
839 970013953
211 258413680
261 917994858
810 908007644
671 233748257
263 520633976
954 954051909
122 340009688
481 658779378
397 550723968
183 348937267
305 238250803
10 985686358
632 307639613
602 103685651
351 8089604
19 915164872
89 695586880
719 410050646
905 593178982
104 569716721
103 748435310
369 527518515
170 433805388
162 66895777
395 755358551
2 704956741
696 961546359
148 558291784
761 871582714
436 823297672
448 628432489
860 879195680
554 787978348
253 1344589
650 564834653
825 980479896
690 243493938
149 66119424
805 688480881
41 160290737
583 600268943
470 114367104
88 925217930
629 724352343
99 74174272
827 451719534
181 370364742
887 523123698
753 344013304
35 214711093
783 564834723
493 278910857
150 470073294
671 768653759
52 658827286
868 80493311
34 371529200
327 16412749
940 94898200
100 881573372
824 532222523
831 610826308
185 650728677
666 276194069
357 6868647
251 393685840
552 324749251
726 971508606
703 419383723
453 658560898
648 890853580
804 604868709
89 802249430
485 205416664
99 943498457
204 912625306
547 332259236
575 133693094
814 910929214
194 71361673
998 373713624
201 73584814
579 38370696
487 66060671
684 173800400
105 7387972
263 654523781
627 534476211
652 900059705
724 144299597
342 759498349
251 430679063
978 744299250
573 132322631
760 435991497
898 353492774
517 324035646
328 921455263
148 360561498
337 11132733
635 340494717
979 479570412
716 544144331
45 568485391
810 426376555
915 63308877
463 429101229
103 185785198
874 621404937
341 49179501
10 714967514
127 828452471
460 325170443
609 250090673
27 65140244
304 352776194
523 576222506
484 970428642
48 846453332
82 123895115
802 835034452
641 802642699
909 224978748
59 356144736
107 787290233
578 322642278
483 309090024
655 791953743
674 430055585
244 512299757
288 379601187
971 104881262
374 64825347
320 74511815
951 720765942
641 674190378
606 825125918
135 415150596
830 309575227
431 338953042
749 511359819
932 742154410
222 775540699
56 936665988
427 623744128
570 71050336
2 274911301
495 597307433
318 831796023
860 700952117
9 138405056
928 5902324
584 415049289
990 956604706
608 331966245
170 300285069
298 136111996
516 918973113
343 979473119
774 919103674
325 346304230
581 532286158
580 337687387
916 82684164
165 280834137
723 53939778
66 785458142
115 455394735
194 963462876
307 432572698
575 388148783
414 829533863
430 135753183
833 503063548
452 447570562
172 81986377
943 478438890
632 346419951
18 854501054
535 308170279
774 313159945
673 74462502
901 187668860
408 605779877
33 852386371
784 899922379
574 92854830
523 496742490
120 883322034
142 225102243
901 912658123
973 783085216
363 105863037
47 16755096
540 575453488
816 127705444
269 401598858
921 78340666
389 433805821
703 382188303
881 66164459
711 268194768
171 823199982
273 228660396
370 558601749
646 698805927
215 544642494
471 125016008
705 555242954
873 699954749
451 38877647
783 81544801
304 660399994
823 74859067
755 795310084
64 724380053
257 32914392
314 870812991
147 141425512
162 256069360
813 74472393
343 274131972
206 550194717
721 262498321
859 150267072
416 194718034
366 672137865
982 781843182
73 793352783
248 219232489
609 76369840
356 824323546
647 51215287
532 258783627
572 939706347
52 424165397
935 865332900
502 446355274
767 594938143
96 475164010
475 333593022
455 545191542
173 179058974
154 421309351
645 921865112
677 715479128
981 503424611
19 777630865
118 533995730
904 433996571
817 23748176
311 167102869
81 118844520
248 630793865
447 667261221
126 856314387
537 904415463
232 214396863
358 898845317
587 891982704
533 474217205
28 526422191
862 360687288
749 750719949
361 302256773
822 388165900
700 415120365
93 342786826
935 367993700
871 748655481
923 111665327
994 270289553
301 61208712
267 302752541
17 283901555
23 867901653
989 77571002
357 58259352
612 645821666
857 32026242
972 665552004
191 74626009
583 937411074
343 547329013
940 624791027
559 38614526
821 730652931
863 953614729
769 415333837
851 558333595
659 284160153
761 8683791
130 419137796
666 906419290
343 742904586
401 684099505
466 626793799
642 466039074
813 109364468
648 656960037
36 945186336
318 44202824
796 500321548
413 126677935
50 808406870
797 287502632
199 231201160
852 24861469
259 969143559
859 899280604
267 224517888
732 419055382
50 713981685
952 330647127
312 34739012
747 719616663
637 937785252
253 720911288
752 171806952
635 564233878
363 250404862
743 66907502
623 800308169
629 822845479
203 625484993
707 65074192
199 193115615
62 274257901
236 456697129
596 19406823
705 818940029
33 668435314
214 546924391
712 36656842
655 1589763
446 393839642
24 841333493
950 632053294
153 194143494
28 124232137
714 110847772
564 51930504
586 360044014
704 96185627
157 935844067
182 921544969
981 368136105
223 120297367
204 266362659
159 18881606
655 481400225
509 177868751
439 185387085
847 238819836
656 130633858
42 617050485
573 82131378
10 748781088
682 255450736
851 702919935
48 645707376
487 647405797
352 220723530
624 433911588
78 149352221
329 170324175
526 530019520
67 716191515
508 653569425
380 797884065
502 814932063
951 115894120
884 437224848
313 917302069
954 462589586
986 62664442
958 385800809
714 761085759
889 700343552
784 654439720
173 109254901
849 635751006
370 298570687
313 658642493
447 106734896
194 475190145
111 922930897
403 161216783
204 101740914
709 699140807
496 348860910
869 601413378
659 667594039
682 164637702
382 946520098
426 266229882
583 752123634
596 76456965
832 727875638
890 332164
232 843026525
403 954598657
854 946086227
175 76611351
311 443686889
345 15424337
655 370558612
877 429242768
23 599513564
655 365902300
491 469219287
41 356683114
608 897466756
170 624846233
403 898527540
884 423742185
754 627475541
262 111198107
868 86945452
142 956033584
819 64304095
451 912354209
940 406533102
924 684540956
476 527526103
345 667315094
706 576281121
811 600669174
182 189153307
23 927257726
685 270034976
438 587069895
319 607273142
951 369656969
855 158842861
749 284780202
392 328024085
533 285453550
115 845372946
772 605493877
979 265972510
133 33645956
484 390005265
310 980601421
600 522031368
798 48125034
42 720947658
225 234845834
995 790359731
151 274602795
289 584612287
450 329204734
784 195331051
973 457978253
266 486048847
690 156678185
29 386310484
826 292518893
586 966392434
534 529678485
150 738569573
770 47808901
811 195626330
114 612255831
925 133573966
542 88370006
582 273671729
179 954158589
647 309038303
663 220850755
156 766194301
457 967402920
906 320153612
642 565280995
877 635670037
353 998381015
476 528865137
546 335126275
335 508658345
284 335441833
972 82062611
49 730559041
325 775526569
531 143574977
698 390820541
420 125400865
336 477562853
443 412322842
58 959124072
908 559314168
815 150740475
964 18321690
704 272843871
717 643728366
931 920528699
612 123359773
498 506099919
599 985768669
115 322413983
358 998477746
604 470329316
134 987556864
833 784270433
841 725006124
61 21233327
465 897451954
36 134432476
919 208429053
303 323697684
22 406880109
997 829687030
947 111619424
10 315195292
537 165695830
914 552869922
728 440456535
941 421219961
314 572078428
269 136450215
825 15243261
387 237797347
101 108862364
464 229641077
673 310176672
923 381245149
283 963821992
956 571498010
494 351373642
854 461338440
82 553455587
107 609448181
133 128843625
370 143737614
827 790154296
290 832494948
351 215350084
391 558654484
995 937002704
249 361477135
669 722773020
723 406731684
227 764094587
351 945933945
915 278192545
13 101400401
828 997227201
643 635098229
527 636303869
959 106381439
843 988381911
352 888319049
216 870245466
652 29985339
50 362458776
949 477725048
987 921725653
311 439749405
802 742336650
421 144493808
778 975196806
602 858690883
408 553116826
459 325370779
724 280069826
794 529836131
294 53208001
247 638657534
109 456064825
898 299451411
938 146743879
934 163748128
90 813352582
412 914518777
37 894808167
925 213934294
942 805453584
772 356589628
894 22745900
774 985850510
680 717807437
80 826218331
641 124086828
978 917319589
522 69068144
145 917517565
307 767312641
895 313038879
792 45484310
690 143788654
621 679218531
626 91554390
153 494137809
464 931514723
808 614640285
718 272567283
668 719525520
143 477609527
316 112502089
503 36986234
791 64834801
644 863265052
714 709567535
724 787702860
516 972348062
767 407628939
310 631166201
873 64993767
274 760793991
21 736781532
95 727390270
290 499634601
616 634223639
411 421999132
984 495335976
355 30403929
691 259695045
472 741695187
215 393966207
180 603390334
906 420971969
982 444254793
962 253240299
235 716213254
788 169699429
463 749173344
853 890394280
643 947536515
723 790239756
274 303598560
836 731334952
610 99956939
595 461772232
970 49849562
475 269263591
605 402924120
527 147468570
963 703254559
430 3222400
59 381297063
273 218073215
592 350924351
240 452732801
259 565647712
518 942877231
826 569804636
468 648979649
655 834149504
532 24874802
128 935399226
515 470019059
586 871861942
554 895254781
338 540464517
626 882076117
837 867782506
958 920355417
53 842028627
393 909483335
990 513184793
893 245387232
821 22673163
233 527353667
914 431798551
341 691412777
194 817126644
18 825940299
642 147672531
440 208828073
644 770857222
495 495574153
787 32685726
376 398659623
725 657371705
926 136584205
699 474578397
761 378490028
132 841961958
988 408769530
826 238855303
216 521593241
179 497283022
138 707312801
903 382102294
73 872377788
831 4572955
534 8726767
570 382743509
690 288520342
700 923488001
829 650683519
536 869324140
306 781905094
547 884070116
408 925898627
633 535619456
597 725266850
964 153769003
36 748704361
326 919392296
444 700962754
23 498006516
50 278878758
403 562935690
70 136979004
574 37058403
159 368896499
408 732851300
29 675486680
100 733815438
640 920994501
450 778681548
562 646090808
63 211860273
516 515752719
79 345289560
330 128858710
752 527829486
927 225881633
376 831047027
619 663299433
475 220072049
457 787347483
212 478785617
754 707907599
371 679760597
390 440880430
900 873705390
904 640820244
366 648898349
59 786526822
810 623192384
14 115385873
19 111082882
223 875939418
629 859369443
620 10197988
329 685840271
219 162977827
456 332137615
578 507335526
280 11096548
570 995769372
639 79394939
255 462202192
421 22769870
483 721785224
194 888453718
640 446668856
355 753076193
258 568728584
437 575222729
615 992858846
253 162253621
701 501657187
838 126286557
370 816034955
134 60576644
643 642601656
88 636553956
921 461848803
159 596770570
16 732453569
596 414186759
364 927177534
711 82453312
999 613231966
58 915526662
295 226723094
33 656561268
300 89915178
792 395195280
102 33971609
555 660403791
882 39039666
509 857350082
404 557669179
505 279856193
400 932930861
122 474902488
88 836542077
844 657802167
830 768081222
552 120646143
273 714173284
387 865447351
682 654772989
380 522457930
789 685261862
506 934993687
840 697602828
119 584634534
59 18918114
709 313756590
637 855301900
761 849011073
447 399034590
632 365626153
748 562549724
818 482220426
671 91349910
937 822875648
863 406160777
560 99068855
906 720008502
925 712305722
243 919778198
690 604658218
149 831830306
13 796149260
457 76450487
995 99202272
729 529783131
911 120997884
222 657274811
341 806372260
985 664536471
48 740555612
703 18321391
487 122167886
221 677765655
128 886499143
220 990059615
233 904763737
983 68353139
673 539106670
2 471870590
730 499825898
256 760844544
786 941791680
399 28293801
564 593579374
731 25861425
486 412614166
974 615288295
567 437491200
769 117689838
230 99052640
777 556387430
945 359842599
615 185729497
344 80241956
183 467215153
364 187464654
920 23324649
587 618655196
362 225737012
431 559478279
87 716841326
889 12870039
609 585015411
938 3539200
605 749126126
540 995018515
436 931236149
645 187824792
518 89145740
119 24468088
286 377124646
820 694610626
552 373281671
44 358131176
393 66260636
335 74599644
468 950758985
274 27529012
741 927698878
372 610013708
627 347968167
705 67456522
190 502617570
991 534156001
866 364305409
5 521388071
979 929033340
876 996219542
289 718080166
273 600127961
314 862968613
764 859076695
684 246282411
646 881647130
142 455295071
896 860858709
348 632829803
85 787564655
119 28217597
999 635859693
30 259741237
436 170196590
244 143423454
895 980157084
860 851593897
679 894732046
87 259184988
659 678899285
832 689078195
249 348588367
14 90886475
91 919054039
829 608051378
627 319045283
330 253477263
263 115840300
141 245983194
939 556523311
496 814006724
600 18521608
567 749847115
879 45766823
138 466364404
857 366931922
382 899797367
816 928195698
229 169484379
536 726876171
407 690743677
249 548682920
873 68967052
495 52060996
724 563435768
119 467732413
74 694904161
943 664480157
339 250834343
408 435730888
730 90667705
887 388178794
85 518715659
19 988024721
561 925799387
463 353514221
960 109255174
927 32005103
441 573285699
252 204597213
630 843134228
314 575437067
979 608757903
179 161688651
183 117534049
994 239819271
58 990948967
636 605451738
973 953387808
404 88734810
142 961529042
165 492075129
198 737933856
362 459986155
111 870116628
225 446781619
814 474565642
888 884248699
58 664939118
224 785821241
55 411805786
234 504654480
598 162649822
789 777600418
154 682095662
348 463571799
388 774624141
807 320920247
244 989428570
729 338861414
700 342158092
395 324924361
955 74035998
692 901710945
757 536407544
411 892079388
835 761652621
83 804209695
9 38502346
719 515837655
99 975734340
796 930442067
657 639044818
54 340969421
429 993846968
455 983227174
591 115099768
812 961900115
927 163414823
51 378536411
552 93705977
18 483352267
835 204365547
221 53790779
526 197907531
80 899696472
566 433349593
329 52911293
37 144097183
495 598909818
718 625529697
102 77199895
410 930257014
973 56320836
153 416212418
848 849926061
292 910270684
892 826624492
734 649932529
764 659179232
807 359040002
48 541888928
260 607942948
796 497130961
837 648820673
825 489584485
765 571469345
584 359193893
733 18888979
602 702195925
762 198317285
66 41785566
113 992758073
229 769649543
392 141642500
591 927224286
123 488349156
2 207288161
815 442820867
751 834982864
498 146042183
560 562121511
868 72321311
509 200997556
458 457685079
926 56839015
305 852729294
255 57308743
407 224471964
447 974431833
476 609488454
815 296262385
178 788680258
206 70616021
798 630411329
911 239998270
138 275576102
715 422838674
829 974287664
899 315197080
428 15222764
296 516092139
520 539401177
324 41026700
904 800610333
970 788950653
314 824774115
177 170813987
480 72790145
113 442937966
591 303473186
29 979773149
76 378448643
289 914833948
680 82034654
406 14876412
176 888485343
69 194446961
637 345960708
640 675950110
653 782822036
76 268800651
725 180352478
588 90750620
785 776873034
567 793438358
691 962735032
655 44242087
659 752831106
203 725111320
925 998742360
361 60050718
744 368373075
194 67292261
239 957341077
899 647499203
334 562183349
312 554861863
695 395172493
628 426446351
417 100863742
480 130699486
777 233928539
483 886191649
72 406836230
432 226362997
386 24729562
304 937671580
831 369896904
638 863734768
824 429013278
254 443472542
634 184576511
531 590186110
295 78507964
187 452877141
709 918566430
865 998074258
418 644141682
658 217107934
176 916315207
770 225628017
927 232682975
988 310903400
907 207293984
116 913644605
105 53634514
870 319409043
643 652511847
776 196692548
661 520769657
914 190179823
942 573117976
435 950190533
269 644460363
98 492419556
525 93893843
943 510079883
965 848659266
194 24796986
453 484033733
254 933173207
969 885381222
963 889952401
37 406481871
886 87356569
174 302236664
375 597707662
768 751709316
398 60035990
399 716368863
735 575511861
778 118412422
636 758618415
446 759725099
848 256211978
465 893877789
500 95362444
352 494760014
365 939697346
813 485087196
928 199962058
884 764964239
599 604268436
118 108467512
714 908203228
44 150984717
888 541038367
806 795588266
462 679969993
243 338547067
819 806458079
548 22600652
292 695959694
933 686966099
904 1808416
436 677287872
57 329446771
245 810226138
88 779544737
89 995629783
2 999182434
965 686905257
921 364413287
191 593348763
350 337601152
469 736594571
449 937692651
517 171121512
235 2656485
920 935958262
289 240820524
784 732597536
586 40613890
207 145025155
800 834348672
421 836244761
401 37137359
712 719498802
44 119003536
205 979389376
402 536775960
448 88397705
572 862590171
70 949358651
566 230038660
6 124890267
660 624557412
517 755791700
626 695798016
200 630817793
623 456498538
985 102620831
683 452905245
628 945843780
946 610981113
671 22146261
108 992750112
873 957131896
63 794907752
392 611988331
613 511553454
778 281021789
457 170583812
286 284654201
47 558140214
65 479562023
658 681226757
844 245728439
262 751475286
295 71663000
799 131236555
719 361268993
891 566783229
952 642745457
323 616729987
420 387806369
338 603006070
735 470389081
858 194303048
853 940811494
782 105452490
382 800015246
418 460323975
714 75395715
42 849577352
351 28587739
956 53153560
802 566384072
747 151182452
132 734740913
857 190372818
435 453858401
7 14553351
494 879725006
802 585224499
54 945658672
846 114426378
421 433131497
103 784309293
461 334340033
126 510190473
362 341833267
556 278392072
828 832092109
826 179489055
7 213996436
896 293485131
334 114514169
806 108922080
647 37563176
61 776050118
549 21395730
297 147286906
287 831287702
138 356555782
927 405103458
327 792006477
374 975699526
194 164742994
160 681926856
224 673587094
102 1893473
139 127499428
766 50128514
218 834946914
206 200929708
939 368540401
233 995658379
68 975406470
414 887719019
782 130833531
961 197016840
470 364210699
105 84268374
393 130394800
33 829816191
576 297576629
786 839241596
24 138777815
7 221503379
953 159420962
898 147139589
313 363142334
807 439267045
264 671147512
549 118781327
803 646380085
612 461774482
748 553922713
513 9922640
541 843628079
518 131999433
283 562672518
161 592079788
316 131374968
714 552992727
133 362576343
165 410723377
155 179552204
657 96839909
960 931676112
631 82258983
700 457553658
630 869384643
944 117110101
547 438453587
971 80353058
483 116389880
836 400486983
504 426605896
934 80210737
401 30193617
42 870299198
354 723131257
338 768093764
950 724685197
487 404110730
592 265126112
977 344714306
675 347010427
812 654767088
995 83323653
862 623484787
836 767149539
37 739061632
750 394710576
414 855684505
141 292229736
547 221408573
792 79526004
444 462638097
504 126317174
452 476448298
829 608803317
314 572823205
797 411935098
154 984623757
855 909885449
962 912920408
45 470464035
295 212918408
270 541868052
114 644739486
714 969246578
86 666056838
346 532900641
20 325460171
877 637245775
320 604337321
116 656591823
131 826809848
143 333388665
744 848569068
213 215759338
919 786962193
797 471405955
469 370560482
602 966903649
509 723737152
498 367465600
911 521197436
431 969949984
305 674099903
146 79855589
684 766592604
836 743271743
244 726364733
719 781730247
529 320683153
13 965163565
672 741989537
197 711664811
893 886843047
967 787836018
862 77915965
428 87019925
841 17807528
852 815520257
954 142658449
165 806881328
211 974623990
536 966810208
42 265423032
187 774330154
48 52444387
523 431306916
11 34777271
143 654972804
177 1642763
3 63455816
32 495784824
16 309042143
253 4126412
613 410586400
693 370160344
52 950073071
555 306592121
260 574462038
822 269379373
295 923743674
777 69972484
88 699330520
131 678924796
576 549958515
447 360646312
25 981774255
494 58588282
210 234365312
645 70152036
674 394102942
450 215687407
448 550094287
549 122140534
98 470994500
53 69364888
361 23613469
823 68838199
536 936773423
659 113221039
959 88757996
147 17606593
267 234075065
812 254714345
258 770255350
404 685357368
450 589145008
187 532378335
15 377055818
848 247551158
848 108025951
190 410042180
413 454503705
414 715709394
863 374488095
74 97988321
671 197459705
367 252986747
617 278989904
671 903603137
576 590365700
535 802282794
543 403897618
130 661453929
343 673462978
558 711831924
284 187600830
673 498263764
520 920086325
493 196010285
549 734893892
322 158061009
127 107107475
915 352492727
110 977482324
909 263508728
975 510111587
302 847223159
117 445750583
317 55943818
583 171806960
52 86629810
477 866950931
518 358850456
817 550628979
262 115679270
964 845169890
962 452060657
700 993566066
430 84027991
779 347893752
30 979145082
919 357731864
495 888190623
98 145166162
620 885022272
69 249794544
742 735147068
356 201211851
224 222127898
183 832817438
735 549578000
140 732695134
38 254828019
327 538736586
652 963316867
69 517304506
641 107528763
166 978894934
598 541065900
148 849549
26 710211391
235 634074926
553 197835975
716 806787005
956 891320892
548 416209541
881 507375667
286 578849265
242 118272486
480 623587092
27 152499572
164 845377396
614 752496019
390 430574830
630 649954249
112 250730445
215 923752602
702 125787920
451 657706071
936 219851398
293 316628499
