848 370419392
405 93104498
409 16758695
482 444109607
557 444429390
850 474852950
503 581100967
123 347332004
871 197207894
27 978900389
383 107851882
629 191350537
678 442445703
445 903601597
993 927740168
883 439435648
152 953231494
487 663928592
73 23676801
60 662605944
223 610475216
897 350470110
523 761060042
612 221542819
459 428003299
628 166389134
865 1714451
5 378314919
446 21909813
67 911385966
426 831219929
126 978218310
29 200253172
692 673307055
862 623259654
362 290077446
708 957995651
328 554086549
233 204741308
244 709093645
973 985089994
882 445450246
927 186120874
26 200216210
796 888645231
158 278556603
825 926196954
788 533513539
766 298923047
35 917825331
535 21876106
717 313175075
847 432522342
103 996187867
775 289002726
11 331632173
712 692723675
568 598309508
440 660020569
310 664845365
723 94575315
237 606410565
431 506356209
740 41065982
352 945337502
190 132856210
731 9629326
147 522589034
214 374891830
744 828602109
529 435856404
521 299009219
475 237765826
524 263661510
147 812234192
328 740099838
171 493866196
938 719886868
219 708737210
995 100579860
634 858770321
45 765319385
494 860480185
925 592539045
159 789767280
130 341545793
13 345366291
156 37256913
971 995146259
706 134240218
411 763594615
627 492785872
532 945159479
56 256087694
799 245130996
886 41170121
261 404296506
900 919025011
977 419165240
513 151264763
788 339437695
596 905717166
546 90878041
309 114529676
494 553607264
952 14065811
374 433187243
985 151956596
720 141612405
613 722364103
278 325741187
992 116291050
608 659039313
376 731120618
609 498836412
184 600765402
101 369410354
104 894819405
232 279874702
555 144634157
174 808389027
309 225754234
219 887678514
798 263744002
915 5343515
538 489103582
432 339780189
472 697867175
914 915392099
544 560266220
972 751903967
75 535992534
301 413720394
607 742002863
473 437999794
502 825979091
416 465964744
163 114161785
964 480423028
302 612473430
885 188336682
574 827952900
983 917886342
850 415542025
525 823282958
878 258398061
131 458414078
163 318929057
688 572743558
981 144463968
807 754719941
271 107508143
812 904833631
326 576239873
726 307867043
574 328782070
952 577526328
307 674102526
36 130575501
261 850980197
400 304341175
190 842420
985 136338510
585 94779088
9 283650854
127 461245577
436 124717037
114 589476097
526 509706412
325 79176450
304 227693385
632 510522117
855 146773483
241 669775694
388 731892795
562 885235282
221 105762386
529 873876689
821 119480845
541 164876243
406 690577475
468 294916923
505 26011400
116 48333746
505 89149796
480 102933000
102 495397212
31 703975109
285 43826691
31 138408402
791 307641978
945 290235319
966 380083780
461 568294006
568 801659914
455 440888915
871 494520690
287 60851997
444 192145214
667 970351954
752 609666542
846 533897734
919 643627810
783 105589123
728 74685565
129 236372332
52 9075663
498 367845662
95 69240816
172 687638582
739 843719005
243 572071887
811 39188984
954 770269537
992 957229629
662 308730025
569 335486616
994 492457747
181 148285875
438 22278063
281 281608358
852 146646561
48 175631193
71 999027183
667 475500558
1000 417685664
812 409551892
599 597500671
931 454700426
300 242318150
679 616299291
915 819016556
518 81424834
737 801714104
468 511196409
268 32785171
256 916210022
142 650301844
593 987598467
202 981615783
939 379989237
965 617461891
970 459302834
567 315576766
66 694393690
68 768531753
882 948648494
167 934474190
956 653223527
34 942737903
381 791110533
324 66492065
566 521663317
351 318496313
992 167744836
388 92899327
386 166033764
434 748072691
39 310195990
378 892235892
385 579742562
804 229727412
223 986503755
792 434504674
53 623127224
653 110499470
745 878601844
711 58647647
337 87800362
405 892600083
766 319041586
653 767017798
942 911401986
84 336664679
837 65781314
467 759680582
857 559711489
654 151227656
438 398054059
77 625588053
884 118356167
533 902551307
312 306751948
989 49889434
978 718146850
35 43003206
605 879067444
962 46105179
856 164599252
356 745482573
903 56694627
243 793539327
359 328351860
826 852754121
435 946285798
958 203828488
343 13796755
366 956265689
62 896152742
215 709005167
689 554692758
422 634356628
531 33890189
819 75489580
984 408235228
231 446558912
149 202803050
505 933577054
908 40968192
900 772889153
283 429075633
682 116673655
56 134619156
722 47115462
924 414812476
534 850989731
736 478871803
660 655173107
454 332234468
281 730886556
144 61190042
476 709690743
955 288275956
252 936602349
277 356904466
273 667356119
185 711689721
345 41384418
954 733689823
291 664890747
216 56436489
463 447385617
461 89301874
573 553414602
687 445708893
102 463133156
781 53002872
718 209429947
383 146024504
247 761518541
65 691905913
432 447193618
565 413396521
155 586529334
236 591512329
300 893509640
530 568085552
757 560221962
178 612126558
29 670127223
406 67267294
4 324018454
149 67500322
393 117749757
929 267391818
513 249844278
690 111084572
379 960179361
711 787393646
217 273078207
910 317665314
75 103226128
303 193363879
299 483499205
300 136057538
67 339587712
720 110417735
679 950736139
89 228788361
705 59093729
369 51275819
955 785758681
742 960720742
50 504624763
200 949173825
65 82092849
8 117112950
553 871709184
155 77570855
603 516431868
629 381612796
799 832522176
426 312489948
478 828790772
217 552013306
741 637452171
981 332297522
388 695868784
110 471530335
570 252004948
347 580027533
143 59402397
792 958037479
950 473775927
819 101784083
534 903455989
934 25974766
328 163679185
204 503971772
884 376823424
521 532217782
83 277982881
375 662294678
437 92579103
718 938232097
968 727230974
904 137147901
492 172564591
12 904118263
526 738528647
131 107646186
644 627569112
281 373995010
850 841773518
907 450006159
680 172584699
287 232256427
425 70858822
486 570625893
694 766174407
306 222019867
951 491816589
173 621002159
70 916955841
920 322330488
294 950535079
457 812797863
805 818655749
782 18223098
652 598589993
105 468563915
549 552991181
501 742505376
533 253733832
357 82398379
166 117211870
100 856047913
468 44224434
349 494444018
173 48701897
403 181377186
209 859874722
377 615906898
880 139669545
289 43513224
289 515263225
207 992896176
490 261030788
575 53958647
797 756519669
256 33796398
907 125008485
79 355271611
892 934881411
197 545045001
486 868374837
121 316120890
153 999636248
803 610653338
484 864923279
804 71285006
110 36533710
792 872015529
903 956686249
568 891520143
708 493143817
590 428127437
296 228455221
877 988053411
67 537409419
942 649751369
121 978378401
528 234702305
772 154195311
707 324243469
412 572231384
959 787064678
276 310176926
1000 673075631
712 63372172
324 718780583
802 103241391
46 465926191
389 293022258
544 80353800
828 439472058
577 577862100
613 633095118
342 676456437
951 659771024
928 971985202
721 243325696
835 268307689
7 46261006
745 52835028
113 577695257
481 701320861
260 792291870
86 898329003
934 170672877
980 581859368
253 184991426
272 593122626
968 690859288
171 420952717
900 249277662
52 219091746
453 27156744
335 263446795
269 109709790
298 425197534
743 904075058
324 955039091
36 332298995
880 170083043
800 594593198
853 235990624
854 510723827
972 783049481
299 25980923
437 312110796
974 635186342
10 632372688
978 10844835
964 339486359
984 648487642
688 733497661
44 10315214
688 111387630
219 56086795
162 58017749
933 988384004
789 140934692
74 446089148
215 809447238
393 245152021
676 880918803
689 332966543
531 271087952
630 874849537
938 708147995
762 19317413
72 704538073
145 685921963
35 271748474
95 432161155
314 966573861
139 616926799
554 849859021
423 280376970
604 30970127
797 598711962
792 464576729
527 763316956
89 95379516
498 221501013
960 280318458
199 463270365
544 267098212
562 50411112
622 365753886
782 363370935
303 140475992
858 590337061
45 564524932
847 947663147
795 150785457
208 659232910
916 273346770
773 120726166
21 260594456
719 740047898
42 337709440
597 101729182
608 266786860
102 599369761
772 968259417
578 720858052
773 557508716
543 391313135
146 125221819
256 801500897
848 399740568
552 313130902
358 533337336
643 98671252
923 108318454
463 276920869
830 286221354
660 213043731
888 329655272
601 705692853
617 130433823
4 270336634
750 912181011
756 820725167
322 891881665
304 72763357
694 670778549
986 437401978
840 126588397
860 634317453
339 606804838
81 73304472
721 821598665
648 290937248
224 194089178
39 379342855
476 203181655
309 52198039
906 868686065
321 837375776
261 491237257
245 103806891
471 238076009
934 361102063
435 9310896
835 461449385
761 951172808
399 657655143
63 870882812
70 208488248
554 138386696
871 965699370
581 302900657
226 963987939
594 628674684
137 848178697
949 618199349
758 587786289
907 764375085
725 131688234
867 233187678
223 419626057
589 416742704
142 682910497
46 180760373
260 982251396
670 655157145
404 588046217
400 114928638
122 829432715
578 599190666
605 335812142
334 838160416
530 493483335
592 797603633
326 502752617
647 69602396
443 60875801
920 51596065
505 163281293
136 861313350
420 55530104
43 299073092
294 621743110
754 36490078
885 910523707
707 10812764
217 719359960
257 36843394
9 190666299
514 113701382
20 227942414
269 507402972
621 361824419
835 99106896
814 910347356
7 986258237
775 660700557
223 917140109
902 352799646
733 788633472
610 208057533
291 87456859
359 730610063
184 464926029
242 674070006
565 970519887
572 201817042
866 264826021
703 686764679
696 826459688
727 339418411
977 671544243
264 782751239
820 383801708
888 65698789
512 834822630
192 519821736
80 820727217
986 703118658
229 752081824
348 356432362
871 706880922
815 505058200
911 98585813
520 126744130
68 117399995
396 29421021
906 238371582
627 991085440
239 961083630
988 398377978
531 152615096
307 354543060
903 962606516
393 518710493
145 9768345
99 95621902
299 46087826
42 76769455
872 840531772
946 918350211
63 64615053
393 917141923
425 71870932
574 96966171
392 445517153
508 901512116
425 142350172
137 678792385
346 4207
177 994760577
527 655635004
911 548458630
814 168000225
476 8706459
288 771846775
695 221780975
485 383194575
486 769441972
911 807668776
777 745903516
760 423461277
786 33424866
767 24264728
102 430406435
98 993179945
698 415433934
864 713636345
368 362744855
978 347285876
806 109692017
477 809363743
503 787131767
792 896455958
938 338845357
667 680108596
416 481115756
730 416848062
292 734330867
35 22405957
125 53710483
768 287593441
642 244001774
423 406534634
23 792409376
48 927689964
806 476478407
61 620833337
938 492256858
423 643439076
778 850964779
684 197788209
54 143874959
456 323739086
801 661275233
601 79490409
541 832146429
830 54279332
74 766469892
48 174062682
704 994824691
993 954231826
578 648955352
208 890760363
699 406578544
952 825125482
947 809993557
879 370869739
152 337784916
350 543536523
629 612357616
659 775804982
233 778954381
153 732655277
717 305667434
42 967358233
797 667656203
692 392312607
574 257264138
871 52526888
880 461648601
88 878891603
518 612600880
951 95479778
442 740579615
946 665849559
422 77321037
969 984878840
573 435095912
601 921168296
631 940927437
108 860146901
361 237174575
92 145970727
473 241888300
675 60962901
869 515562699
356 752231345
30 629768896
808 334024774
92 497539779
111 92126517
430 591661387
551 377308353
743 432848915
985 888216598
96 78059551
889 496920718
32 275380538
819 860139899
946 177919964
928 140467929
541 62476252
114 178889337
432 117593895
449 852224154
116 471031386
444 418305491
660 706490259
995 29104089
267 58670471
292 556975244
547 387833478
378 297846009
713 496347006
819 688747105
979 678707454
339 224374439
309 495996824
280 922772314
336 307758623
701 184136590
971 84888083
30 454992136
387 2184903
555 251191400
804 926186846
577 279463511
280 222615475
610 403598766
573 97986996
105 579909359
692 872697273
171 19312134
757 838988441
290 732639907
719 315463305
471 816114730
399 977657648
543 243758523
908 496431961
492 243770675
122 866867490
940 532185706
935 392963883
32 568383080
677 346175029
825 342298461
335 545015447
371 453724193
539 105156051
644 769679581
412 425282665
689 782618571
42 694591173
707 792915547
655 98250636
283 326722639
290 170512192
304 850759208
957 583674556
448 786813637
386 56261537
398 878790980
999 609250032
826 954504933
245 4171579
264 769811156
645 49129978
714 369326665
566 913614433
866 15455396
799 298619307
521 889765075
801 2611010
706 63625107
642 814950707
217 544456444
503 414671356
796 535306466
645 108906917
181 537677121
387 497197356
446 28366363
588 978670343
742 104317415
184 662749494
852 146246511
448 836741177
607 30646783
42 286195922
173 782794024
297 639287270
227 629053491
701 224586337
475 34694183
549 200261955
337 309806736
394 171794106
620 544626241
37 817270065
374 429626472
852 277746889
104 950702844
980 603824353
84 762221703
271 347981281
331 38580833
6 939611878
345 311742826
363 721293906
735 582158972
431 126525786
533 661896593
371 766772445
856 501373720
531 937623963
812 436046433
484 696938616
956 43378076
427 367104092
569 601264088
387 484124556
231 605660013
320 23880070
344 853725085
642 369967054
879 523357603
984 87763399
579 415385422
697 957430777
790 107705962
537 204136975
616 954429466
838 924796653
441 57694227
469 607552699
214 444251765
530 174239066
485 341050259
593 124329490
503 428025013
139 620650088
607 131180145
98 261133643
694 739434279
386 742899680
721 134963871
379 331413401
407 6975520
426 13501511
885 361281179
9 393881402
906 880058762
212 124920382
9 626394047
88 962988614
94 628382262
767 829397473
553 783091667
956 697639267
435 811112774
811 486679666
116 717761231
756 32985857
535 438356150
224 427342256
338 878438372
969 15682147
9 438988651
321 370424487
787 490454663
345 782896812
220 578790396
837 48717827
916 33853290
718 349338034
692 658509122
626 815997427
673 456197410
300 165536396
947 421065739
836 527490192
8 263913037
521 320244774
895 507596743
507 810103662
721 302501383
633 782559152
708 472394561
402 470601143
26 551707068
316 508339775
463 940034204
618 532116269
361 127247122
739 94792188
169 627450153
129 635035062
48 963873209
567 66557436
753 999285144
630 215659076
695 267883591
811 85874854
246 756509810
177 249123021
498 339052352
519 959534836
63 91124579
626 250279075
802 27262388
99 645893439
59 324883805
956 833094299
582 870034944
999 302845672
273 811640424
505 891733247
300 984497656
128 809764089
61 396910842
25 529830880
501 96953166
495 19579099
324 808089674
736 728624610
186 258591046
211 71963248
520 598204922
176 226082846
53 663561327
431 128778152
259 181005389
997 687401217
358 988150400
809 522888667
177 508196236
895 216523354
646 142807205
621 882500723
429 886629569
985 877437757
456 694538505
554 5723985
879 700648025
335 20866147
500 210784527
855 980076113
302 249047669
725 121998767
240 519857540
268 64048688
708 649398657
413 72155677
728 511744292
109 158083456
674 899734601
970 711706596
198 955076187
604 313938540
102 353250153
118 689758375
230 591478511
226 152800814
939 214824279
826 71831500
659 940702180
759 715882285
308 729662881
329 981207442
562 353546225
618 540970301
414 256381423
13 649436612
646 34382002
139 652956706
272 290322000
385 566160488
376 289090718
916 918011803
225 710052786
763 8612228
893 86307645
10 585304532
971 136987506
724 754908055
785 173653516
672 854535131
979 48040952
673 216274647
349 88488178
279 632832414
89 596065227
50 178183175
35 144328446
903 219877565
291 207756108
755 417163292
541 555211515
676 952965429
536 109403524
911 239306696
682 30124472
743 482976558
545 942796159
887 912106904
750 508116067
763 820827534
415 168389192
810 295491547
151 89595514
640 29665587
295 498833347
338 839959371
593 699658519
854 686094146
38 907987372
115 234387077
171 45748805
480 363571312
89 456960886
162 456085886
278 391045997
58 680026390
435 61471473
304 861925002
402 252150834
429 553017218
122 419072614
182 129528349
912 169015896
201 259577985
935 142243752
86 138884511
539 825246272
347 627653085
784 121275758
882 509833940
649 692036143
728 803997778
470 427742551
774 704287689
121 777090292
323 13421634
590 696495835
261 260202827
434 303271247
430 671096953
946 776480920
553 57713292
496 666749441
690 125013558
337 980617239
671 359611876
246 72496040
967 612198663
845 665564574
656 998037448
637 435967178
501 228021508
790 184883990
322 231248053
249 867655718
264 33266224
988 127074820
701 56253366
759 728529513
292 582777216
340 531665975
277 821369373
996 230420706
935 610595797
118 260344712
397 816671651
240 903683757
253 828347291
844 604659281
873 455309413
178 819237979
606 547342873
33 311492453
681 624722681
602 420794135
551 120733518
879 959499688
477 57895221
728 855013231
922 102917728
770 238118894
793 946825114
207 135299991
308 775183704
910 222245059
925 44981609
645 352237746
248 610053789
136 114713939
463 729261411
793 549344601
869 597577917
920 546369926
357 822546709
94 45107129
557 100557842
681 431379551
174 565724948
95 767355476
389 69978950
864 643345778
663 394499561
790 44606547
649 168560820
591 924273481
111 708937586
957 134589505
590 739575489
94 121629178
32 282476196
404 643470999
426 24504852
413 246106815
758 787618486
205 179203342
671 93600453
113 785680797
222 70829907
726 236671832
726 227877597
760 754762861
615 662601850
488 650491542
764 965423324
764 8943831
784 637103301
125 69256076
443 112775147
628 845894732
215 105734334
555 913004346
888 510968070
440 588241406
188 533668975
86 818563695
958 363571942
98 175225055
577 347816443
140 271404071
433 3078614
7 753360061
638 213332737
356 780627061
143 80139655
636 96643649
751 219577090
388 600976861
676 635369753
906 67360738
397 72197087
924 288535348
826 24432904
43 912204559
985 53627801
647 701200395
779 7332552
53 442088418
391 23220689
143 330641880
708 798307585
247 565897820
886 197951470
968 714105036
59 455352718
694 753120199
169 391703596
205 343389275
653 105155631
706 421520411
341 706911037
270 64456067
499 632714119
130 32032092
448 140911697
71 475848155
849 719504183
214 142335097
924 792124531
791 35190709
376 53794065
331 698640241
527 19216985
25 506847191
288 514879945
746 857445375
873 174134579
991 775029952
736 354598972
435 566427332
260 438425174
839 994898119
623 592191438
72 958163564
497 349260597
527 891080651
849 910643379
246 291162432
607 634935854
414 820963766
302 429556721
423 66676347
188 621896255
867 240351782
904 676215090
104 121708283
441 329778893
420 936788028
606 348146797
75 345415479
296 800531048
99 845788251
910 662189093
453 933709033
73 525744043
785 171808130
819 460111915
89 872864606
976 925004993
616 161724853
253 969371334
876 351651399
847 476548142
415 164828421
677 421281840
254 898685953
8 58609482
101 935313863
616 71649601
316 79200039
484 42069050
773 720893786
294 207431936
805 111013778
807 742761339
390 986466422
258 78224173
960 84030690
280 391896118
29 757323038
989 295119615
443 437669040
318 578501373
539 680556513
97 915785731
948 6767455
976 723191836
587 96581225
373 120342676
837 82367125
444 120897266
171 98661386
78 641285626
24 186293716
822 746489323
122 901748989
311 16610911
956 646447837
218 940505079
540 222861258
940 18899868
394 821038549
145 537028382
319 746091855
529 359434323
135 225186028
806 94199588
224 965331577
506 995003413
874 302626281
301 367372191
526 512156696
508 535273244
570 219722029
483 95284029
381 81850895
992 505188239
857 189708589
162 995412418
97 619118572
603 790871751
304 227970325
841 671687261
619 365545356
255 866056587
586 290991880
87 564405204
349 323523832
708 586008145
442 487865000
701 26770099
745 311755137
352 940498619
744 203930255
142 456362996
431 770802004
697 508564265
113 764069951
801 322638274
67 444513764
987 678075257
896 74577199
742 165521124
336 163787421
319 770340197
210 355386337
798 104503720
295 569683469
487 564849952
400 274655349
700 824318935
995 932932232
410 611489994
947 606530979
179 897582050
939 146775270
308 384311024
422 710171355
450 513968652
930 415201894
519 95170886
694 804026764
827 900164055
286 633555258
795 242312975
391 95765677
289 714280738
98 837064286
764 533472365
644 434452873
155 76324432
164 108040484
995 224025246
637 335246771
530 30456899
291 275221100
557 598434721
786 767629928
818 249799564
58 274206382
656 111019616
359 598185285
853 619956022
728 889605456
321 594932059
777 292744282
679 742684273
689 200734214
605 694195000
792 246422288
197 530507937
680 932903245
403 446515654
352 660355651
178 136928023
386 781648329
983 239454409
784 279241212
802 416482363
584 224118457
625 248763031
1000 867301232
986 117047584
833 838824781
737 303779949
136 821942039
663 143125738
854 6181141
762 321434817
42 290098071
900 296949552
216 148663571
734 248780172
59 789842769
940 192925257
992 251407225
301 233547587
990 633202125
84 83172241
504 355319264
569 152938966
568 662590843
659 1746654
603 188029774
293 829062198
861 70299539
879 863037095
867 796386537
342 844000944
921 372689469
49 484373237
896 85401977
203 928437897
974 858290804
463 22456763
386 37843101
384 164760256
832 391873990
455 322425937
174 273388794
40 160911939
189 753618223
258 928802662
231 677109228
328 981724035
62 281071939
222 354701904
814 937738254
355 135503307
418 620331608
862 356379982
979 815666132
694 303387688
845 922105897
536 268758163
99 658076049
612 965922251
592 480716339
331 496164316
725 465028351
543 124093210
970 967940053
747 935963238
810 825793177
594 75109542
641 229508062
28 238818850
366 635428809
366 125212141
395 162801293
647 121858868
565 98992195
572 392516509
513 456511962
890 36681573
294 100307911
130 634816858
954 810276607
478 436515318
171 492576021
839 222789721
230 850569193
460 665586527
780 244406209
664 891249610
738 822184596
444 436417483
473 903720937
848 325665222
322 98162822
472 71252217
750 52563760
564 560980599
904 984390455
496 257579974
358 107233026
366 120127309
584 119806780
892 258683640
180 791909928
8 315200724
442 710363207
418 58124108
663 297326039
335 722567100
482 845520247
391 259080142
133 783479641
234 659376209
592 184868505
410 526206227
854 443972582
484 928766281
976 654326255
389 658636179
929 379517309
277 833022992
457 804063360
204 378099801
499 118648531
575 307559676
877 670254543
375 759850020
464 42988448
507 965023942
199 237475566
88 481090463
754 448468674
272 512177919
521 880623993
748 73155865
295 32602076
793 106648714
515 477980807
890 274159857
533 402495886
996 248040167
991 456438211
166 501013354
276 481877922
557 621931059
58 886343245
188 553278808
635 354648901
135 600541158
831 314809156
236 734785157
119 670464035
421 415414383
285 220499584
960 215149946
393 624199811
960 70139224
18 421080362
612 552003137
451 69687187
183 124521181
555 590821968
143 840635173
873 216489212
827 811836937
142 55626268
888 548422200
912 336315579
607 815503242
418 452259933
630 132369392
480 679119702
48 42659556
109 963043935
745 793055385
357 467994968
683 46233796
499 745282352
354 856675637
53 960178567
595 987828874
591 911861264
227 632069924
343 63314729
412 879489008
414 736342405
651 169140660
370 237335716
780 869126792
708 794535502
814 737323436
399 412882559
961 232119464
323 331230742
957 360132485
48 106817354
884 621714412
552 902484114
292 997740491
53 702262940
142 766341948
13 163099990
791 998818792
757 997617762
153 215864353
324 143697503
536 106724461
592 193530515
551 892594209
519 506726858
482 201984332
899 581656584
349 112975875
750 116866674
146 762392204
602 454737348
629 22949482
915 397409415
393 527019062
904 146345962
165 491581835
969 163856538
550 838290452
898 327102777
16 679476847
940 768617308
24 927535764
453 203894708
956 942220165
603 551971765
450 773703083
246 466795443
933 187968027
469 102120716
978 818063446
861 531752422
375 922669639
225 75703929
517 393955964
752 869887337
117 521256681
873 876015918
871 87978182
651 588796345
36 349577375
230 486905176
959 346181027
121 264244480
494 509563234
332 134905137
191 888795357
147 388133080
802 264352284
823 563269557
991 999017648
507 18494681
463 925894966
440 890928308
231 651025972
635 817407176
402 25918465
397 231013685
867 334367802
995 217695051
27 69991823
842 847334196
43 503825715
928 345206395
302 398390159
423 304743083
628 782657623
10 294520482
805 85562700
185 656179284
621 380244678
680 369441267
969 236199394
993 820027290
25 468878951
976 260764699
678 572556133
82 282753280
244 678882706
657 193759130
648 433334173
140 971330243
469 137794661
455 20667779
496 451392066
907 33697321
195 331651017
848 44354918
71 175439839
193 803702615
545 648494327
776 852489100
382 353254989
24 382901814
840 480831806
516 84109962
268 367925164
736 179990134
703 834632691
199 184938573
817 792662406
629 941721333
39 998060503
721 142492755
129 791421067
896 381013610
499 689096813
95 875245159
926 229601639
709 48983600
311 857467882
676 292968701
12 428252577
329 600285460
462 13495964
309 724059698
910 930360698
43 838060366
237 877099051
399 914214269
758 789243846
26 178562737
238 8823203
670 893355111
33 292864166
868 925728258
872 618451845
418 83889982
889 459537323
911 668631459
857 429063250
98 886603839
173 463864848
401 221805020
435 567342552
338 469487212
652 509006277
8 219627066
807 26525507
763 706949073
952 432341090
667 97467891
160 744161668
524 781658118
395 430729535
734 691134345
839 109684804
168 97528883
648 770810028
953 937153423
871 885229391
75 196413307
833 71601604
312 358782123
744 899941944
687 98194138
990 548646728
42 746914966
125 199730859
95 484982018
786 454478981
300 972034395
261 271492429
578 896184322
291 630298949
870 922269250
243 56907383
318 210193042
716 220047655
924 771224187
164 137166393
710 57000774
768 19569007
294 926159981
724 379030036
466 825293892
731 851368070
403 768487845
600 333399240
681 874574266
691 699254738
568 846520787
12 459338992
495 33482563
650 597825553
902 12375145
437 612027977
932 398056203
355 662133455
543 861133918
344 865688031
214 202844349
431 10308942
597 920789853
938 306295376
220 185890884
239 130393802
750 829797859
238 544384879
657 894607116
57 225098569
173 333194798
877 610030919
459 126501898
855 844328588
14 442954420
614 406685711
574 363085719
128 823841707
321 973259237
478 287608976
639 777826580
517 358345397
302 959932732
320 306122764
622 184415631
35 21064803
485 866153760
738 122387003
571 443304541
968 153900669
169 275634389
934 300555588
560 557462613
899 185821484
971 136404252
479 323864416
361 16311606
102 265667049
470 17141569
364 153681373
460 896711047
773 1346080
971 828636100
844 652659426
486 248831567
484 468327758
173 887701083
504 126251973
595 774978567
723 795821593
417 804222106
486 145505780
179 27174723
795 54762231
653 620479304
785 508462371
514 364446673
547 153756666
521 70032883
874 131958276
166 57830637
822 167268255
553 621196383
148 477504061
19 28603473
1000 227572037
713 427902291
112 374172185
556 287621757
931 26489796
17 374099581
931 923472212
301 382589464
30 849927298
362 292319236
779 578701588
865 333207656
604 134451838
448 820990103
176 506914013
669 104789081
576 10678386
593 771216622
936 958136474
110 726483094
944 251699405
305 612795257
900 482629388
469 998824731
273 843470853
448 377726179
809 824920882
873 453956222
103 763877419
739 231435669
219 142531434
530 254781202
193 656863612
823 951880058
291 463752395
395 200658059
582 135299404
723 318453360
462 880902502
537 56355407
634 292263867
478 330040808
676 335023419
218 98268697
365 691049557
745 483387583
717 38718915
860 531386247
421 835630878
362 440867095
210 752576813
132 427125866
381 33835468
704 367041337
785 344519077
934 366678366
363 70079079
414 690360675
743 452095223
714 424880091
478 440770882
648 366997562
897 201333528
355 487230236
397 202403774
265 39714124
608 62284400
78 454889056
733 594365244
478 170235372
953 226885592
370 446541058
598 181310561
946 345608759
510 549977673
438 952598627
151 414120283
851 699534378
927 744241133
578 620680225
905 462582550
562 989185955
273 251951990
285 626875993
737 790947662
594 582381869
10 939055746
849 100233715
629 361791948
558 305514187
792 458230955
633 189995365
502 739287508
326 297495270
584 157964753
421 459994399
714 723796035
610 686628864
238 688309175
933 940914673
101 971111978
123 933077047
351 438604639
927 179082763
924 158753936
670 879404249
385 154331584
371 429477971
297 776433225
382 123191102
522 163207003
370 395341211
975 980929263
635 245382031
114 895201308
181 583886505
629 846846812
439 173753855
225 91810202
438 932858327
884 556667549
916 271737455
380 688680573
507 254758296
858 89477196
559 968713900
486 609625598
204 66741774
161 705901671
580 966163711
638 136305099
981 94785726
445 43568652
196 250094520
277 120697765
774 269875211
505 297755115
525 95470344
662 338725243
173 542189164
95 832691975
607 280039154
470 398030802
232 661275821
10 818696002
337 158432643
403 513116806
757 136811002
978 313829725
712 889953375
441 659467581
916 497289253
384 873998781
665 57772166
194 443635466
852 17566963
303 14647773
413 420867931
174 40447293
16 982685448
34 580671862
148 782658714
801 237371974
810 917270078
287 408085403
213 610170150
819 979945492
65 703493206
953 214807526
480 260381758
600 117011861
201 411239594
71 860489056
241 906979288
741 934550009
1000 199793514
602 969050773
822 188738524
746 556348433
114 673744043
147 409856460
239 439349576
94 963528487
212 132261226
207 448588296
445 111228252
212 120588614
686 794252825
328 218324618
918 749303643
819 820715385
677 530449635
384 113024889
545 974087719
831 31529463
824 770303481
588 782597830
392 210840680
928 88438879
868 169499112
932 611411802
515 171170566
914 389108074
126 454515333
837 835408502
276 769053868
431 73810230
196 851559672
415 560791402
189 940228290
9 913269419
954 350248710
489 907183022
278 922596235
541 217138119
298 921627681
817 986335679
340 840505272
615 452245152
690 573923692
789 18553817
828 106929817
409 320130215
916 446545607
67 555919768
689 23973611
542 674637873
633 314325045
182 970673831
133 585258582
441 380380837
428 484752088
641 973457513
516 239159881
268 630633401
835 86165326
507 31697586
345 935582529
507 642296101
160 574585985
34 803170134
307 437473498
546 640323490
533 225596464
95 348286329
580 767001910
136 595545691
211 444609811
514 269919762
506 8479481
139 966466498
222 990831347
758 733650741
608 33154910
144 132767008
173 815504338
503 249926436
953 266896373
240 809378463
190 146972809
188 457517175
172 508974916
175 440948285
186 792693164
908 6671900
771 522732784
328 423654458
442 735109252
460 110933433
682 876061931
303 460656362
377 485893358
534 255796102
923 605088919
772 665512718
448 947481491
815 948698178
749 481628715
280 884063409
22 444980238
435 178203422
715 524259343
637 840975049
85 780373141
532 361162143
596 969086164
597 143976685
478 69721998
314 42794507
851 740592604
420 97383685
183 129857366
221 88302495
760 921766676
755 600129920
185 181200478
403 775904065
888 119679696
346 658266622
803 591409345
82 865871299
304 46061085
449 106122446
800 201620003
830 515478844
715 92414092
74 727322318
987 540273852
643 38669878
12 62124184
774 60694563
844 222639870
966 702197311
688 277066232
53 701027455
967 843256094
148 541270291
762 301618313
491 622409301
264 103032441
618 850685436
932 410993403
620 959403299
29 906357261
655 404760238
249 523694572
408 14696464
287 970302781
38 968398674
532 918645945
111 75956931
925 531053716
128 403403027
402 936682295
416 185129168
133 190154037
995 520800298
700 155187021
963 644051462
727 78504516
468 845871914
203 331410945
96 32465602
541 58463986
416 868599233
437 914848229
602 726698969
632 650437069
715 821592890
66 83945992
156 828645131
797 476060509
747 397741091
143 371155070
960 516740544
431 433053980
857 451258605
730 122352385
438 208179451
789 119695090
290 427864553
928 432049131
554 130818430
504 998365867
473 381218110
17 124974246
455 951567188
198 384683991
787 666204552
378 474570217
882 423357380
243 361483061
823 223776347
272 142848699
435 977098583
598 871109425
803 137101341
603 494670205
26 934304329
698 352078059
679 289049548
915 446036566
191 692806973
990 800841764
675 211042410
348 194362859
406 224156070
285 978624371
913 985783797
747 525600913
162 164040829
306 185833338
579 523516580
464 124881254
430 33182283
567 829067452
58 841618941
147 500874704
209 505435645
148 143277129
87 374739788
203 252250004
583 256846666
333 314884072
821 346681702
167 171435842
936 588805793
523 1040351
47 40459863
481 906096886
88 79227966
306 463351209
651 944948583
293 109903604
434 545088190
333 837305291
39 544202830
634 201412977
334 659176886
11 834475183
810 229540040
92 326189677
724 348005176
775 833475580
113 568100922
755 550426091
748 763370061
427 360125778
835 215821378
669 84850631
528 876256536
152 860014514
77 466614070
96 469481275
610 638181271
144 207100301
832 110944743
304 805383798
509 848819961
109 433165989
260 197368949
518 146627621
998 66102223
386 29654759
105 463472916
497 94373802
761 963028624
5 256660591
701 952747957
308 979336666
822 360448234
755 945903005
912 162509362
775 64504204
732 687400016
52 447870164
876 48492652
773 397877796
804 509206849
545 341771926
379 9690805
905 708091429
624 802716161
481 697317413
109 300078107
458 998511973
622 779298045
902 308364978
994 315542913
158 804469384
607 449464447
550 35249042
385 630392964
493 312619124
570 219503360
138 997276698
171 46472365
696 218789701
253 725945438
350 487783783
482 949756613
476 908534102
193 493315196
239 587532720
459 557445854
330 974487540
949 845502927
936 345437741
88 842483457
168 32914522
517 495450949
851 514529980
189 79212674
392 441457619
374 636830504
192 414382337
445 117201321
408 142025834
432 726391771
987 895663976
980 282601710
547 286862015
879 51688215
764 50630123
541 843609849
210 273995669
2 150559745
845 247826406
973 620000655
457 730902536
23 447481836
685 22248972
770 246417947
977 518614465
165 932425044
148 368848553
457 764001962
124 59189134
107 92714403
801 72956137
890 358960143
301 519207126
121 23381040
836 794211755
883 813992928
301 262728121
188 416728170
512 586452182
754 315073650
240 49808973
570 296573263
40 80362110
736 429320252
907 758376856
947 466451686
568 111863933
788 686798219
467 348460584
614 608765930
187 437703555
423 46040815
540 524228119
842 549138502
164 12904435
28 830099754
796 244136950
246 463988564
483 518245085
961 12906213
612 117480310
700 454236315
722 953711568
764 389276262
952 31049151
371 977762019
753 254904652
138 829331443
572 395435625
372 589598668
156 52094655
878 520097769
81 327395511
698 783706232
843 668501120
764 494711653
595 887581437
733 632685373
596 191754878
306 701852270
427 17401177
233 306468421
533 92581075
473 223597318
303 383976269
119 855620711
124 748960653
221 97201339
832 473221333
365 545511240
335 411328899
203 232277279
799 697107250
277 82182601
389 201285949
921 697504637
314 956244627
790 342238082
782 697158138
849 984681929
161 72764665
150 371139369
103 74070695
975 9905414
526 712855319
224 433910280
516 38913813
196 354207711
968 821482432
588 812721627
878 411662688
972 946160559
193 341797242
129 442627567
886 288559786
433 142126507
861 968603186
829 39181485
100 907253229
303 61000320
185 362549671
136 750999371
475 929759780
879 73775250
906 619454324
259 952887891
884 729262316
354 638890953
507 765874902
512 885808980
74 475148395
572 971552058
390 107299432
211 49339503
189 378923249
72 696184692
86 127023989
912 780018935
751 491195872
296 766601294
865 879377032
372 16935811
582 256303686
700 38779319
9 851190195
301 158460829
701 491122045
960 90166975
425 567156679
13 775215339
403 57369594
736 76815862
890 839308414
4 336192014
271 402997661
75 50437847
620 821394228
138 28692557
310 71639587
544 755503298
748 61184864
648 456853848
162 30055595
684 79531772
192 807425077
296 545985696
370 181142820
475 891537304
523 622739394
7 23009091
56 455328517
334 10067551
501 838718038
417 276241056
261 664893717
972 341820043
136 857322663
85 752409164
172 43489909
11 527100551
484 894699531
455 364021972
586 659487126
379 853135754
845 733830429
409 79777963
816 150949601
491 367159976
314 885712520
414 742704224
692 309776052
290 502814315
929 250236147
693 622444280
623 790068598
690 294197543
630 179044389
509 950998866
290 363659357
551 572065596
136 956373596
245 980038655
509 90583041
841 871512864
622 6903657
149 100036482
945 236743698
369 431207140
165 507199921
105 63206210
155 129520055
50 191598387
852 671050860
715 838180524
873 1466324
737 623554670
836 167808536
791 410860002
978 374265359
237 76894451
101 600709390
81 25274461
786 85538938
551 545554247
352 66932795
599 768687557
369 44998426
716 914750603
84 45628810
672 595590625
910 559094606
863 237767311
9 390172697
500 196650461
562 44357198
563 563835872
485 27900346
802 163150917
667 622873362
650 300262102
536 75165800
973 163233679
694 184966212
484 875529026
589 149291776
578 596375667
357 299757491
919 741923520
925 701219713
302 698168120
840 551629850
394 736042660
246 20940658
157 236838519
993 10824771
763 112918501
856 883453225
133 310197524
124 417571164
91 654826447
354 979313269
922 651790434
961 45600482
671 160805675
654 182692607
564 933916436
870 648516170
560 238835175
464 986401037
537 940916155
901 282558598
960 3766851
468 534304398
396 520603055
778 352869929
263 510242424
659 867811702
213 172959507
206 124102871
652 509605305
424 976603319
611 608978563
757 27201228
140 375682301
904 413990269
327 637919473
381 56291924
932 962045284
328 612597439
174 908240060
948 278647403
922 724048799
161 134249231
429 387330923
543 913130982
536 1414766
203 588683094
444 809042235
220 228285493
188 748894060
601 32208756
74 713234460
771 225331851
