719 481575935
33 261821076
869 75906181
972 923071925
175 669058492
695 378133830
400 332092780
611 30535383
280 588975634
305 947648135
658 322627881
66 289396356
48 213182911
582 841607875
712 365959301
167 598424743
498 138217858
317 694080105
660 730606777
273 554115732
777 80134455
404 71802217
800 767432724
851 136676535
73 225425752
588 736433659
870 919297965
319 505341311
937 657791173
537 54108510
121 589549658
376 29807316
741 895767848
35 892674465
150 413010456
451 294086103
983 100077201
122 13916809
605 767978124
418 103084121
833 577721450
898 494354002
22 552990807
391 323460953
944 251993023
248 317041705
351 341829836
17 768421196
566 629661888
243 644833721
472 817047882
286 440961481
191 862029009
846 931598971
38 175641983
955 37746386
437 447932767
439 466156400
661 127743259
99 587118435
447 272773507
352 106383128
108 757785425
401 485262378
473 313354555
467 148790840
514 125071959
472 848257834
895 557214193
146 7597922
794 277172133
539 665169094
651 785879869
24 534379727
115 273099266
816 434231815
43 634657223
293 325444610
355 938921495
783 486863822
829 175773560
836 226544197
876 857044531
52 478118558
166 265984862
724 506995230
63 919208626
828 86968030
330 245696328
629 749601987
48 358082586
74 309383349
218 482814466
574 463572938
549 948946935
132 364730721
322 661859345
861 651084347
351 930625884
201 384789438
432 825524377
205 897407735
544 716210311
275 921213012
563 15427654
279 38089452
646 164729266
706 217175065
187 71575227
591 277394339
749 150752638
240 201017665
731 658220905
156 47181456
422 960700201
884 681349248
568 664933234
844 853798903
389 61685366
892 887951014
230 365253434
797 203495516
917 153958034
822 556693013
766 298744187
360 832474572
291 345772833
20 401912545
359 11453628
566 360860290
464 805953902
645 319487326
44 23316154
310 288209873
502 52582406
757 407009775
657 784240632
68 816006915
114 521768466
602 462131757
670 314596010
869 674450329
698 50314432
509 798141878
259 550943023
630 370802304
766 389239904
366 62745964
376 686058181
214 430791043
664 478484373
437 183587805
42 717469193
455 110517898
239 864491268
971 562213689
846 246681346
788 350808207
326 902571810
66 723308649
533 234045274
383 433061566
559 709740226
124 629886313
344 435331105
811 10741526
829 259266501
556 174285475
151 904777399
65 217091318
519 706830164
166 374680476
844 747695210
39 276252712
577 514042797
242 724452221
868 86862021
976 249076443
432 839209599
239 946983373
287 628729471
972 52485376
306 757308379
556 838915941
343 681145200
351 26488349
943 801790854
666 639140693
882 739194979
731 168648186
677 364728703
20 299895731
45 277708232
546 259347245
281 521898357
448 106668207
313 619938656
484 277081070
125 770615586
388 484104270
35 389051408
431 465237824
830 297517550
379 579426762
801 16789591
411 458222483
24 914029829
147 597516920
245 74984142
346 396195902
102 332441993
759 545823121
492 705327740
670 794476509
975 576253
830 96703044
593 104818667
402 906963590
529 781744674
10 257060883
840 521093940
241 606466092
722 699027332
474 220973345
438 85677690
406 794900918
380 763935318
209 620344381
284 640208499
662 394321994
971 947687931
445 220667453
56 56237332
916 743243395
486 84525743
720 181291556
349 202541426
981 983776890
433 294125718
764 819781820
657 779062491
466 914364326
903 587897320
610 275082369
934 806256159
322 785986893
838 480568650
894 173925023
221 220918829
139 270235843
4 140067332
855 91041559
704 644171156
42 98497541
50 461750952
174 373201208
813 929168325
281 608147263
800 804617271
161 867228220
68 877190972
828 96801720
127 884673345
534 65533080
51 844839748
504 690821154
647 877703116
136 717361774
404 698194032
763 426012961
251 900447807
557 313207645
789 831438524
508 500410040
231 216761363
570 523809817
530 580240184
542 438487258
837 689311987
108 237406385
132 662077094
9 717383886
796 908454443
385 721030784
949 96275497
204 434796864
575 679643736
794 71945079
291 201399758
207 92922487
146 57611841
94 471893536
366 513681573
971 980672237
228 479092747
31 549355403
814 320955228
319 126292758
901 98398052
641 252707834
4 139906702
489 863694565
741 527664300
939 384004748
623 404572907
894 707447468
612 361214007
395 131960465
516 68344007
582 135354029
925 269003877
759 552376561
24 120406712
871 232808583
571 737164058
112 477384378
766 968354540
997 708655002
87 115985080
793 333959946
347 342716809
543 622873337
161 90909406
195 400825860
435 118073831
970 218331928
964 354027832
923 66739227
949 828309038
112 69187342
17 6146553
692 150477434
83 233052036
498 725208561
204 121179179
907 375089844
940 933565420
368 931462470
822 90560119
84 604689811
215 130335031
906 83091423
710 169296838
247 900213717
199 998627659
225 952297460
987 165558192
731 415976994
683 112924546
871 196834064
807 469940649
734 723845422
797 90496669
462 448658623
503 376846279
15 20707149
266 241698616
212 332746649
70 65612587
705 810404077
195 140634866
764 449791681
980 812340074
162 779662686
179 49913291
837 368916724
71 898338892
622 282107904
627 524422792
711 829460763
189 250317189
743 805896718
104 626841244
683 58786952
660 369575912
622 623151395
125 379306823
456 127496466
600 877063306
642 714624545
934 4545301
442 803853882
797 939782863
475 877410827
161 23160609
913 191021788
980 622159423
375 392756061
597 757643440
230 231546898
213 191201966
455 495217432
264 996994145
13 932072129
923 102208751
29 665976901
341 99469532
324 77220586
323 765069352
19 726290738
875 484016743
313 714721329
513 64656973
913 464828032
365 421381171
498 426312670
930 437112254
867 721850646
116 739927715
703 36350650
883 211669702
147 897654890
986 603090523
23 546680768
841 682537832
687 600545315
641 480786753
781 714808888
529 155899252
973 677730373
975 66369651
383 788293813
275 221838108
12 701988487
782 893968498
735 367847982
472 986867394
703 13772480
43 784881085
106 324296844
728 205961172
640 607648222
57 195437437
121 393739837
567 564424864
725 394208030
993 718279426
847 71855830
187 58278716
31 445616805
94 351819355
721 680739661
396 254072118
756 514563446
171 762804027
254 659970697
742 141873969
601 345957270
508 778574905
624 948789404
901 912413635
389 490933990
226 952630886
709 420141140
115 155888180
770 437885890
953 512699995
47 284230486
656 559075723
878 607019592
88 54945349
170 42081629
373 39098817
512 980546375
220 728640428
431 538610322
641 916886508
24 516752211
983 831869564
688 603921394
665 404028370
636 883888837
835 252875458
262 494034788
764 189710403
578 156922471
920 600519880
682 55627654
708 217093559
882 816109721
40 840781192
524 251465014
975 25027555
408 488190552
634 864300713
503 168752549
229 83711662
905 849559675
617 760574087
601 854037325
378 550926464
825 672459692
891 666058300
670 784776867
115 172113284
394 66138327
615 706127465
670 360659283
669 771204839
926 562007944
948 316437015
724 85310760
571 450007803
47 705426303
218 276960341
978 4077070
778 685719273
570 982602565
44 51328589
71 140809758
400 249740554
494 177830906
107 83183446
102 67227451
497 34544061
923 400431298
874 110079605
970 77475742
180 583620168
598 620981663
976 920164649
390 410881566
635 406911902
548 788666733
988 966281310
390 108499220
520 479106883
498 37297905
226 21089822
733 745726214
603 52917180
539 743700443
676 262756702
896 450790765
114 898012958
95 470775756
920 408033996
76 279388233
924 23816259
602 655860418
774 534103165
311 513395895
190 9491734
34 84578090
320 930680131
997 933878183
312 850450289
686 462740924
556 344936776
481 801693296
342 428957056
231 761592830
938 695557978
563 43229941
633 794800098
568 947535239
418 718997140
232 613976701
985 64469322
284 630659247
212 907128769
470 793778463
732 231380338
397 332950649
675 997786223
58 188652269
928 413282387
952 138529966
482 685451059
48 389233439
345 368844775
944 314322566
748 204278069
41 778284786
241 635477941
478 659819094
859 18104650
368 913000347
591 58768053
388 104113915
490 381763302
947 318588510
971 446528487
309 122907519
825 9592642
168 399073906
915 934654787
507 361732694
875 594577072
45 442862950
449 918900385
284 948131050
419 401273983
997 350509043
282 516250659
618 744426647
151 838069117
413 506764120
525 977358623
185 56713749
296 806317267
548 809948199
878 893447245
217 513137539
97 360759505
660 728691716
427 204498371
690 449389630
803 471114737
703 2079182
357 592987054
805 32278810
228 172520801
766 818771273
100 117311175
644 629252743
685 583995862
251 87873255
463 320079183
365 637438537
861 92854140
85 9832556
476 24514111
198 49355260
7 17899099
943 916018321
745 252674814
341 328663644
73 663941219
670 458230670
843 141444340
49 350702734
156 431268865
516 282292040
864 775381082
329 651498766
649 2198363
398 764426517
632 524339202
384 863656851
224 364935048
212 64081349
550 951397554
122 370833049
56 76979528
386 815536219
550 444407933
63 749770637
655 31601388
247 49725951
417 337720851
77 611402607
629 856391293
426 591264417
223 921230634
880 517094199
285 425464282
646 263150607
379 146062453
189 144015838
826 724802813
176 851055610
146 719999418
484 392540738
766 929014582
695 577733537
457 273689935
609 65129730
620 377892009
60 44748128
821 676470228
306 740594325
395 495905404
586 526363909
762 747862973
634 649812350
721 487721437
362 113787860
482 906118399
835 616281
850 514568561
855 777285819
669 829593252
503 916065681
867 14907877
618 947457783
426 289583820
796 354010075
284 528058481
903 290595100
285 91533619
402 715986847
694 416567981
278 786716058
655 946471025
919 365277090
999 26437629
773 110493124
653 881955702
372 604159004
709 156633863
615 905547549
301 994216626
855 416409055
813 123450373
588 21193194
875 852095170
198 480991785
573 103663499
6 383721114
911 877106376
908 18661131
726 956484777
521 59843994
868 330328023
501 89042527
896 702145957
40 295164571
93 734235960
841 919720675
872 642183194
70 978849973
655 389683969
745 356810644
754 370232068
991 696622903
626 783466801
336 777058832
931 39496968
602 737489110
27 253649960
779 95314013
914 144213143
825 860716167
958 774345682
384 166503684
604 257894406
264 31009087
799 538283360
291 811135558
987 984185236
755 143022561
464 705472152
436 10776685
477 252239950
33 813996968
375 558995111
792 628839991
875 689667184
192 457392717
986 659219911
856 132182621
535 315066985
454 695432807
991 504601572
727 448358849
101 216721056
877 342167180
200 659467875
946 350711459
19 864073280
514 686152797
848 527479866
203 854768135
559 274584458
112 566527938
705 902302904
457 78079092
57 722866224
225 490404848
387 1300609
878 496281528
483 51044693
517 619271988
904 203753462
311 131799936
356 306226105
120 713908869
571 801209322
152 709249197
962 322198762
451 654959286
900 169589915
327 666766981
386 906184977
272 713369836
465 353338346
506 661526998
220 834539609
310 613585023
984 638946174
57 600310536
668 814288437
920 961803559
249 115511693
252 292554212
939 500687903
655 667137634
317 639443089
351 815048510
378 94115736
403 37817605
278 246041377
481 121585386
245 42256296
860 526781250
274 578392582
921 406731124
711 901822612
692 460230490
718 73072521
696 721110249
110 345375192
731 793581271
545 802915417
41 39144287
433 998064518
548 851690642
341 495882417
454 668441261
494 95018239
807 161201953
71 324315953
352 841528169
117 22395243
676 565834966
438 335882987
133 397069428
669 640792374
222 148836208
647 869685709
901 752959455
886 174432920
748 612455052
651 326185360
277 673066739
271 849325054
634 38086113
724 135271476
78 614695953
237 671904048
354 683672468
333 547822224
791 375742794
199 661848847
359 900836852
82 125864504
243 24276789
173 275475656
294 25483017
907 74681231
676 54321956
566 460752127
411 434173817
908 787908684
844 775661773
701 520401292
998 925274909
287 491630849
696 988716403
989 613806850
965 440592697
161 236472883
187 116683872
64 113700266
806 108099406
888 642460161
416 766834665
175 105199451
386 391190283
22 811667191
797 616802143
78 314657123
389 553226646
617 766012631
489 368223390
685 565171480
92 860710838
801 849780308
778 851783471
802 615441967
661 739515071
586 584577806
355 875889169
306 480005466
725 631939555
641 654717838
672 576375670
356 656430369
40 178169141
317 551573930
340 52264678
248 305232162
545 987062077
462 791518759
613 788174968
387 505163021
668 932136407
497 482106176
905 88476364
556 479983341
623 44468200
27 440334343
541 710252384
964 910132559
681 5677476
657 364244629
167 249950383
63 128196126
775 294777942
752 39542171
85 118327007
179 703921538
45 289600508
768 574360222
482 427989047
597 271056098
826 864748821
602 48948732
396 460413305
616 656536635
222 166561609
425 368863825
788 21280279
361 816339130
185 148724748
524 436180836
491 444357062
321 764460836
442 51227074
769 604968327
596 353455257
293 121839270
266 361904259
929 49726262
278 108332583
270 345097863
229 861132676
329 661185647
694 789052156
797 298241031
581 773781776
308 278257315
975 52528104
302 321806685
199 780883844
709 956781317
571 965486340
672 387362420
416 453737981
248 896114839
646 813183849
427 270390779
411 8520536
52 986197980
729 62568918
292 352139888
776 556641331
903 6757675
979 926710304
521 959246427
592 216590744
28 444712719
470 484120474
276 330334446
96 393807552
691 328989482
513 127453228
212 509308766
92 795874990
857 209956431
324 160013330
648 667148629
434 635891049
849 183605007
459 101209330
441 465347985
806 15377608
260 198987379
66 507675097
293 351736592
764 278610329
758 514413791
97 145006127
81 46879140
685 418107706
226 273927146
228 926744163
372 396538580
735 2869057
344 884412510
8 797888735
585 829463222
971 219736498
110 420797924
845 382673360
553 763889111
887 102197891
408 148981910
146 406837106
927 124139303
134 726395624
181 498589344
414 666911735
74 682178609
956 333900598
225 848910053
45 512081946
677 717111444
147 10640277
597 667552479
844 786387411
268 21372730
417 386953262
255 425766766
331 427022287
813 847226027
949 393507383
878 112806903
977 90708456
252 24702872
446 488360386
543 570987812
348 819318156
223 645279451
344 543561041
142 705751023
449 170801310
759 726704180
578 602661412
998 877078398
791 76043157
784 39910948
416 798917572
774 707786478
286 704590472
583 91637956
534 680547919
155 127500580
985 781507077
501 291743921
871 745732292
630 508124236
686 226293678
742 878837478
54 575831749
399 301527302
635 384183212
132 478719531
639 534023143
387 101966326
924 119834844
858 871852911
775 661776110
60 64623601
545 154028733
237 266327377
7 198752115
538 279634423
551 642426768
467 819022433
237 593681664
390 26611250
503 104091980
740 187575670
266 591870493
669 698937424
296 167818088
956 227494172
777 430229068
218 146658717
624 708328897
753 425870413
93 937034606
876 45487920
588 414627632
923 913456733
130 69461463
760 28456570
983 182501584
720 75947289
616 61450899
127 896823271
298 497576488
753 14916753
53 526790624
904 64117544
747 415830509
956 851062766
535 740847022
643 934959324
782 626705881
699 455475046
29 815938407
871 682553092
239 25681880
530 482962480
753 395954980
273 177198258
907 418428906
703 697381429
908 13232762
791 704915187
695 720586327
979 920907678
874 693386362
331 829179462
284 870204534
2 362609952
953 686086044
417 511087675
782 270102213
600 30012839
273 15816256
24 710701299
821 934743278
221 169340873
329 325036362
873 265389230
120 668335606
668 752827505
719 849065936
787 39062491
114 19077799
630 69810333
443 701575604
945 945042968
624 526802964
784 32653535
663 683680463
804 932124981
660 177754955
38 904586236
991 24854191
363 846053929
390 600303619
279 143109873
64 924649458
80 101868473
746 921237398
225 66716250
230 90093999
338 348913208
927 951977867
675 560779535
977 438498961
48 519818300
595 488302509
92 544006050
143 188633705
637 287748337
271 140785666
117 231718989
424 609521720
139 876939993
909 618921361
869 847905626
289 874518676
605 300589692
422 71636479
993 585679796
554 988528675
925 503880362
603 247606274
442 904892731
34 325583995
758 786319261
674 376565089
728 373014841
519 278560500
267 73131396
975 158187930
390 908699140
149 68450580
678 944302060
644 668802552
786 847364672
723 515134649
409 288641229
11 223959271
966 303860250
558 407226315
733 608019178
780 209272529
245 253672205
740 72593251
425 440235013
401 317617270
389 369089799
99 689351965
830 6333747
940 152553834
492 926549994
884 192259880
969 781406087
639 699191747
907 907687657
492 2871137
897 22411152
889 781298137
138 763849596
663 302653174
289 767022876
146 211717799
495 570593887
389 769508783
405 175239878
292 475243133
713 170482906
799 387625238
585 524052872
643 992130055
440 557834437
528 132598182
746 260904360
457 926227686
542 286480987
776 805416238
354 33175771
826 743731442
111 274687988
312 796752062
810 5721495
626 744275410
893 431103463
968 112864720
787 381405634
195 34447174
385 752578804
471 604708699
425 583536582
460 227517513
543 500142099
612 577207568
959 148005116
46 272411428
886 101839771
529 657330438
363 361642051
119 48182733
852 859458980
160 491734569
423 202146661
11 25443172
821 252617521
3 58470124
115 714735645
481 826175589
763 867541150
590 577421495
384 598332593
413 840791441
894 532335859
448 539437496
501 730213412
761 186733509
932 602177476
114 154011765
594 409802449
690 539987771
35 636519733
305 692858657
675 100217540
453 759762601
783 696091738
646 205280312
633 997555755
415 207285775
346 356664323
309 927076948
848 383190855
142 81019075
647 424362798
128 759143980
467 614403793
535 57271650
484 532696933
970 271680657
9 99737020
644 194427816
424 311064162
193 804074260
883 14247748
197 733769378
315 566959088
226 865836944
836 87482483
846 266577635
123 612846823
94 809664134
924 288310215
632 547360812
714 131138577
563 360487419
466 50257198
882 424196461
199 58286193
761 389144931
626 54124657
510 19690265
591 978094753
215 867704757
760 67478784
50 576931159
27 214903134
348 399643478
777 304861329
326 947866672
259 641124345
174 161230851
651 708719308
795 995099715
476 58698929
670 206320564
491 957892198
282 599620128
617 780056737
765 741943273
811 714737071
254 908955028
219 942892320
504 83797502
836 729514325
637 566063024
491 861776723
16 35833039
731 487149204
759 138658946
998 135512077
353 879620346
681 133032407
805 252435686
558 685437156
599 473359367
502 873453128
126 82009347
71 829249600
359 435091674
236 939454414
31 457914600
408 969600581
630 175606030
18 655285753
632 773935723
234 951563369
15 795982500
876 557724193
69 34051341
396 168467323
815 89808534
137 972979860
610 76512705
666 138077506
170 13462137
752 556196099
190 956403875
700 210659537
290 767266342
850 756818071
266 774858867
118 48615895
187 227511198
376 80371675
331 770649011
699 733706237
361 206511547
556 844192032
314 411680623
147 815750513
772 926375504
971 688289047
901 258238823
179 267261465
886 508322844
128 207752841
323 988493019
489 674784036
634 223547410
78 281830499
340 8769330
809 173388376
758 596610455
918 950971814
208 590039436
320 705837710
984 346684633
620 735264153
488 420093569
991 330997281
784 481341419
551 281946835
602 697009367
36 966901093
815 271506100
180 849793682
598 252028523
993 587233361
943 512948382
614 878189065
378 979938189
505 928612113
879 420938348
376 106517611
21 480903675
736 544942839
171 107157297
360 816448381
481 364662211
432 405177118
84 392230801
123 11086165
739 338075981
964 85416433
226 434302080
743 566678988
733 436082111
764 298039479
802 261360946
760 597396073
62 778543364
397 159128452
858 302934159
865 79270020
393 797937452
810 100958778
295 345314716
616 495273399
38 924723302
246 695492318
465 977078508
615 684797476
377 275104921
703 194013371
706 485069795
570 438222192
818 827358088
89 370619434
490 269661445
542 638863728
184 516160784
626 275536373
125 123287962
98 774162362
281 77037116
752 811549606
753 894216627
582 507713904
250 22267833
631 105161129
741 659917807
806 479764126
538 513642323
167 137734802
397 441129541
742 231391721
90 375768044
856 778771997
429 47016836
824 348618313
68 714168729
869 533392709
240 329749382
661 751310030
745 193949096
604 805114472
894 823070055
595 709994449
527 481957160
429 173658640
945 853732929
542 312774094
268 102180441
576 20779138
693 272184201
257 647238019
293 494924864
616 391532215
734 176594727
93 133209076
308 467367455
925 603015088
978 916579221
407 423846900
360 25859565
106 109783360
17 930014445
307 668293397
888 584250608
514 498127687
500 935348218
909 587789436
655 245676242
304 603545947
323 399124163
829 278853463
779 29605804
915 92422387
692 954853896
437 620123773
892 610868166
522 454740937
227 656775527
408 275183623
112 220424012
946 130567344
504 392766102
718 675798550
195 68070187
529 238748082
282 352277499
716 656637123
176 658098308
281 192810093
146 354116146
820 268352215
480 169916269
966 416180711
866 414014009
904 8901152
739 816784308
480 157645457
504 145986106
60 69324790
673 159833346
821 169791692
746 311609426
439 8553627
274 558192073
918 967466139
944 648911692
166 430051331
697 305949185
493 169875352
567 133405532
880 299962871
750 827761847
531 585671901
359 524385819
473 85054847
905 956135781
862 712143173
65 198385004
591 346328767
746 550258356
46 119260395
140 227029898
810 932719544
423 108161567
601 612631732
390 90783632
925 508158927
852 197197888
845 620038347
25 564066018
856 394033482
647 42974505
931 897635733
168 325974637
929 592899258
543 566395576
17 603689037
819 402860972
874 989539114
230 723075844
614 385501497
744 518100695
426 978688162
285 239188366
889 316875857
272 332415402
740 144274167
850 779076674
759 56335591
567 662674999
97 344829209
224 532705516
850 247705361
393 228035396
775 896002679
21 805422613
405 664030727
319 190435972
31 159155705
703 461943074
574 23746248
872 458107902
746 343568098
846 476340412
946 14446692
549 400225679
430 232133470
799 14690461
698 46058105
280 553547638
633 6596003
189 417929845
483 881147556
126 168224043
690 725341873
419 925746134
547 264465226
853 865782283
976 705241237
892 496870241
51 653575257
920 73578983
37 487589794
3 51415205
115 735786871
734 194261159
977 970001103
181 256388693
386 840052722
265 537365172
210 322234406
933 61991447
977 765605903
288 740185031
194 706005971
299 248919984
61 257681568
635 73705070
57 338102549
142 990046834
940 508616875
484 52598955
44 428083545
21 395403890
603 834314232
928 489590111
492 229243851
272 817473149
531 902432077
971 358771992
479 181334542
240 811054802
551 131759071
76 679778346
265 129836774
866 153768752
82 124454800
412 838601290
913 762237783
358 622071796
271 240704848
526 646944551
749 622370414
333 424440216
814 44432427
551 953733415
843 905523333
583 309002537
61 121654155
505 593067661
666 335488225
527 728600225
242 79700111
590 677970967
310 911528536
814 976715255
700 619309787
621 196997529
608 93140640
50 99950215
136 441380725
545 634639657
110 610006480
29 873816692
969 950469949
985 134673109
209 890265646
170 449663889
167 787942290
94 23753868
516 550968575
696 485827185
814 308729926
185 877646789
611 440351974
379 16790109
152 751513469
360 13736687
197 501303704
962 474978848
169 763244016
659 456310420
350 349013231
258 531465015
376 767977543
776 341205270
68 703589900
774 32028139
766 797671253
187 201972345
617 722480552
458 131507243
382 866218869
84 753421236
61 983266549
654 612737685
715 711252691
740 128245390
458 18973350
336 90353665
640 525550698
848 798900730
933 83404570
109 447191865
508 713085068
363 884080440
565 917576677
181 758876103
573 725913112
421 293351653
258 253618527
525 748208896
682 534466383
218 839745691
373 153757195
150 733145548
806 655558530
982 664194190
472 396169111
212 860340475
953 872404587
312 588992819
437 971759979
383 113284957
305 36625660
181 836295439
145 191815279
89 731791704
842 859815195
722 66276917
79 324001565
588 51683594
980 960123103
205 263745616
567 506378592
215 50268813
664 51562160
864 27107155
841 44231102
780 286168343
935 321089523
565 398794191
769 178643590
585 491544755
582 259370038
803 234352695
286 312867010
402 27282891
65 882605315
636 15418783
206 345932802
13 334119652
568 588299841
159 825611035
130 471443424
218 78691613
48 134903808
329 141344015
923 215552622
740 271313073
219 109702289
901 554791961
936 512373472
181 41139909
70 952009309
64 155194601
374 175320410
192 477722930
235 197163370
95 862634391
559 92494832
541 322750612
507 930667853
982 331299633
5 13185875
444 819566374
390 155638770
257 192117516
569 843753586
894 945547354
706 137701216
344 400091485
670 572344775
712 629506619
222 201403067
240 500651338
537 356000018
425 475348510
516 293965712
184 763331147
147 87075184
242 406445622
97 844084465
57 142692843
655 487015173
934 392818070
89 741250103
359 20431494
950 136492094
637 898707223
740 647911407
794 836459392
78 634060962
503 50996065
612 865753474
436 691331280
304 956454731
910 663885485
673 185319061
230 416077628
90 338613428
312 761702305
771 908925453
629 448789975
130 990783707
965 335242896
213 655526994
980 844470715
342 595888378
191 477469289
297 389446623
123 835898418
453 34556919
476 482413450
161 984015557
433 860248529
928 70386851
585 492291988
248 66926071
34 338218462
926 450340774
928 282789775
694 691589360
90 131274353
680 251882636
88 184284782
617 315818153
760 236486922
743 974330988
243 763580504
649 214196065
742 919364825
180 829297732
821 404729797
508 219162351
534 363999055
122 247479084
570 279386731
541 947754367
5 886718885
634 798892484
856 254697078
292 205493204
574 733698921
440 86780690
735 624578043
652 642113449
477 757586046
685 201156996
474 694418342
798 616464113
645 361556628
896 291245099
371 279167459
430 168380001
152 930768444
245 442938334
758 27666116
934 514302950
920 617504978
787 533045302
917 11136998
895 179260910
387 292637388
310 43416900
563 134669684
960 960023797
836 208065537
3 129147152
409 134111949
701 469817643
741 858775388
360 695813520
590 817999643
710 593689745
884 376420426
9 532465104
104 93589442
814 417112502
529 975560412
221 148648828
925 97053286
456 229361635
257 918058394
826 144667715
54 119977110
524 44218420
221 527706134
785 998545619
892 768826690
169 575593796
609 706753105
406 8713777
205 488889309
616 757419495
390 147776860
875 650993213
271 717760108
428 50938573
439 480154168
695 486281033
594 66857059
584 12881939
287 671009723
75 687876328
278 95658773
575 75150580
723 332050018
257 419452020
149 25040848
566 662621732
753 6171609
74 711854687
985 605654699
520 41476137
146 280774212
361 190749108
367 624790286
106 177852422
394 31842332
94 419412991
129 332107680
412 401358596
97 525683983
926 829164491
817 328552698
395 393826337
48 604527798
152 901897599
489 653033246
573 638083697
638 919763620
986 406629596
806 398847824
912 824027268
507 24521716
204 200054492
829 418388845
671 137689696
174 722948211
788 324995362
271 749410914
944 81408048
856 226154553
707 50482865
521 41479821
7 979945147
671 296374004
289 38593134
930 71470160
825 642048017
211 671281974
374 172525464
83 3459335
370 768998889
701 468830563
789 581829242
842 223410700
403 288963709
157 880918345
204 365882554
440 317906205
85 91671732
833 852275755
143 94765257
769 821080654
141 835389208
245 415173335
934 980596474
969 538906349
176 351691698
124 135794846
631 469054662
498 69631040
159 121087494
968 464512924
622 850226194
447 547278888
771 912619574
389 386801806
474 23669756
47 751895095
110 528999455
634 104546261
410 440840154
398 679016059
929 694909413
840 903210241
438 707372790
97 406433666
565 971861739
241 136085689
357 725938703
71 277415422
427 604274174
219 601292790
778 337953928
76 983802821
9 93087620
17 370763646
385 415409057
599 143359956
836 707777059
863 244897541
656 857230548
727 46636994
602 668103950
497 788236544
882 731038391
328 589662841
228 836861993
706 750211844
652 875333286
768 295434238
805 37204072
471 321782913
259 960628785
962 890346582
894 755510991
531 447385890
539 485555972
644 828129614
906 139147258
285 199532487
901 5766149
307 42740598
439 146496372
226 629828031
350 232584377
713 89281674
332 417434881
469 19806747
957 515609437
60 908518584
269 646447154
372 693515829
943 995655748
587 812368213
740 366233104
866 955557572
914 997150365
316 984086294
259 976601708
257 217963175
299 452831070
322 752270571
343 135751295
348 355660305
603 267851168
971 408630982
789 157601012
934 722944664
859 702589075
364 930701910
950 11599911
880 397296596
519 19301198
594 361072176
918 839837979
252 335623561
374 852576228
398 136594007
714 780470524
687 530301086
459 380239923
504 934472881
397 817871103
570 321125528
62 437582244
705 677586968
800 687320168
367 384932453
316 560892748
158 572315287
969 530869587
831 572210246
797 239867564
701 752023179
654 874230128
449 374263125
988 977302816
223 80384200
724 867576126
652 6954317
957 55049627
696 372988541
952 472930419
42 150159756
219 960057403
86 603641278
817 159714435
387 694664226
229 139433075
230 600222129
981 522358644
723 394197055
701 108730330
58 420956886
422 67552186
260 460468884
814 685380002
772 665036167
396 539946253
517 237328018
810 185671987
236 642461521
816 533600492
439 598778604
953 928393398
918 213971444
997 8371045
259 39623095
749 592032357
634 608390870
664 376538359
917 362111923
745 884094380
495 547616727
28 42477452
881 176174218
707 69255078
615 702679228
273 913255235
663 335879783
495 26909432
310 355341839
112 152737197
913 719989155
686 9544933
531 984710349
128 167907526
6 841113338
471 714981939
785 757440936
890 385628541
512 294332046
300 256700324
587 234716018
868 824269306
617 331969639
402 686012380
539 223401123
468 262976843
736 150614695
684 250958440
193 243652414
173 317058232
861 770743894
469 679281310
288 95332023
633 954843066
531 987451665
671 401774422
447 723095931
937 403955198
80 135071383
152 506725603
583 30348592
684 427946465
705 555832440
83 22598383
967 677385340
237 739178117
414 189728594
757 883293405
64 107051991
980 241510605
377 706858454
142 812824199
30 203460204
225 39428073
714 691940782
345 569162211
675 707840853
706 345727857
999 308369173
110 478161737
774 557646474
411 623058824
384 861323575
912 441884682
207 470223966
468 490893606
924 905308134
906 147566202
251 194286507
90 852211244
550 142799402
324 46354598
610 215238807
202 868435063
454 305015630
779 275601875
127 687867821
834 522994111
350 820090315
521 832013546
36 172509966
635 363645333
246 99018689
67 721331308
220 659440063
932 234189410
667 585526724
474 372962446
550 445184269
299 129691543
389 518473520
596 657786473
565 565332057
144 329099989
532 944985325
122 616958824
512 771103436
999 861217284
960 391623163
757 978594131
481 624201802
368 427566882
28 464402337
523 467071881
583 280478875
91 800415084
647 44003319
105 541634378
292 138340086
375 984222057
666 490785981
166 432625087
601 674157167
419 305762708
752 249167254
591 596805535
909 644681068
574 594494044
600 904281511
837 194141722
38 499341893
527 874338554
197 33915272
966 296047561
609 771202362
315 950485093
973 152419141
470 455610336
873 273393605
562 202263915
475 595679
432 640172033
928 541024206
463 835699125
692 978564067
148 996217338
581 912889000
386 890272846
701 604442980
343 391277495
65 110684595
744 177223639
206 32387675
528 874678147
160 704121086
55 99743916
559 786154679
488 318685661
999 505919073
636 807882851
476 232739730
110 228235539
67 537788718
654 975105696
294 982780142
926 235593636
523 675136508
798 497625844
228 809547661
972 145589124
671 928588964
462 489104362
15 479658769
318 154774789
262 460480622
858 665101796
130 881738324
757 846884199
634 341234685
845 98808991
207 447846532
272 120066806
945 784601773
892 704300169
616 489971851
158 734430300
203 35143073
878 785287216
764 965819663
540 464282133
884 823667448
60 181439046
844 146780990
686 645110347
894 917736780
392 298138518
36 468154775
217 314607153
912 675045847
213 309127963
707 677027023
890 844555001
982 711092536
516 342733143
881 778716746
513 360619500
660 430221035
615 355637146
667 806231985
379 669753794
646 424326701
733 92359195
897 662992952
686 579028438
841 603907835
264 843031014
442 413078454
649 362406424
125 905882643
986 381190154
198 544283222
373 901985974
639 53250891
119 79195595
479 32357168
309 844054727
358 292203912
401 582527256
723 690816881
448 746773753
945 121059259
303 530122367
769 879271214
263 23403367
351 459624939
779 271016168
367 622247883
656 443643697
746 346551782
256 335129346
404 964315869
474 619888321
486 964571855
279 259617051
331 991781667
946 156393247
982 698461715
10 791318925
883 236927698
498 740392387
446 27265689
541 88787589
633 333657305
216 369826390
631 724930295
604 207472085
402 938568485
576 154879130
583 997381457
131 693910342
311 784670713
201 608694000
645 893388486
259 861166799
495 67577124
778 81866285
641 292368820
154 385541037
738 526998108
606 34987136
543 626951166
765 984539203
536 810803437
462 550176182
321 738811905
85 798601443
907 492210970
969 220428668
844 517773491
710 85920012
482 720940972
964 801017967
624 968855438
756 330801127
900 794331379
704 977993759
126 325096412
214 78247672
890 540392832
921 824720348
921 475936234
322 701349125
710 918452473
828 188431261
833 620553332
815 537924503
186 261294506
80 391366059
917 64149482
858 89093256
549 820598460
183 820528758
295 8282301
12 222659683
214 451999253
622 108793288
78 38118975
223 412581779
966 959657565
750 609884346
410 366544381
714 285714130
392 506350381
495 895272059
366 917487109
35 78180211
192 247503520
529 832129837
226 34265679
760 931850026
741 236727209
338 588856722
47 42561774
74 312991518
952 558337231
83 866982251
506 408584729
640 710339776
576 515087256
33 762298358
32 968141908
145 991554990
420 444355860
191 89188996
442 739371048
462 171922260
832 188287875
311 313566284
475 521139823
643 944428726
7 43572130
523 331345042
740 11944185
163 484216427
469 696870543
971 264250550
930 852451945
382 327883696
185 890669605
203 735268921
480 789834132
574 143106281
63 475758847
72 910367801
191 19274845
539 59078194
198 75012246
159 13395664
885 618417457
870 951123985
129 508554250
343 420491903
296 831225468
460 682966271
995 15263706
359 450658781
830 148344508
594 589589428
24 173425001
306 676393835
39 82143757
125 406511142
34 608329098
419 620089007
659 929156751
624 857209717
653 909917856
621 365527590
307 490143479
113 805651001
146 475037398
773 917507418
966 381629782
271 478634291
71 520370960
774 198290125
291 973093457
351 126797471
442 916750732
800 215279406
345 370910588
531 739595986
11 253411974
629 178868775
966 657305447
8 359003214
111 105718961
979 812780528
819 372929494
907 662388965
208 334113884
752 211151681
401 764838007
57 564672689
478 740788961
608 472139274
624 155014707
691 478415765
706 751541000
947 243969886
329 382210041
164 857380448
464 561471782
41 253670998
385 574867581
792 171696599
311 855778420
169 679670592
407 314991018
204 144715261
407 735515314
169 178939306
85 713299446
786 471648809
993 839500127
286 828554739
169 143838143
732 568196735
681 57494154
951 821758854
57 680595785
306 383244057
936 238654667
953 648385267
830 902233021
457 529936450
302 51067853
996 510850065
564 927574308
918 187801874
230 247178805
243 613259054
797 120837312
463 43700670
209 13986846
580 130230114
888 311798279
585 75555484
164 711231894
676 5750128
999 844743012
363 747058319
461 922452924
979 210880689
296 434241960
735 455389584
503 337445529
988 671095947
354 664144243
118 14906865
15 107908433
342 285945524
895 66792515
805 476651101
386 752881304
511 583139481
37 684481762
223 585234752
545 766508099
884 453091404
113 233735869
733 468110328
719 326615213
298 485906462
815 139573983
491 603133489
263 210734046
405 638447424
871 144610807
62 523527227
716 14267911
782 565660708
826 384099278
583 568116491
43 950991129
365 991010490
643 334963207
418 769060150
798 171909613
758 546679967
784 463207551
49 114105098
212 623899823
434 32291599
936 91063595
380 303587880
504 520277254
819 456040253
725 394857675
620 431328940
732 567097121
993 501225995
543 593771528
388 568118613
197 68048348
147 392380589
765 690870182
801 952171585
618 70256109
385 979487103
233 93152798
925 17753591
547 197006763
903 834520035
956 803374534
616 133035855
176 827079734
818 778971779
214 236891809
285 256478512
138 965153349
594 602944908
197 815072271
256 102110349
571 7290337
330 726143674
503 57587788
591 553143622
468 209848541
426 435755711
335 849743765
890 722727980
804 972202786
218 798365739
723 939189850
465 107053764
514 296359743
911 780827685
413 301050702
322 577823889
481 224165401
385 645254275
36 265047435
97 757889124
827 61679703
684 516010529
538 971280832
790 249488176
220 243990656
150 467808167
849 207935785
668 93964666
618 296984358
228 802044299
135 768799813
536 990502214
886 406973608
421 81618828
56 817464465
445 313694635
806 535411921
880 233061442
105 250129315
401 256773169
859 513485102
935 795837792
539 333128900
535 444324513
959 2557587
846 903468895
99 814228168
882 563891348
655 436641711
455 323607857
505 579538725
308 653940364
31 124762393
119 469586914
81 18329258
335 119454712
833 287972511
592 896955903
525 165173881
15 516398053
27 488329717
690 286608229
487 87249656
977 88468088
590 324514199
569 498678604
754 212215635
531 99514902
930 796862421
903 671622389
520 109152079
916 682024003
237 750560330
880 42061466
893 617285075
18 490337576
565 999064597
38 647517344
148 459771303
475 533266347
494 665515677
317 863043366
892 934741829
606 442159236
946 397748921
789 654275918
569 191254053
966 225562852
554 372981561
836 775602758
738 159133217
553 415171388
949 757100303
976 556500994
220 825862382
216 673516714
381 797472779
138 564974548
273 451289070
523 763839641
323 875204536
731 242687434
621 598075570
303 332005490
310 173285027
496 364876460
302 60660365
891 105441187
807 700536475
961 524315041
151 124634695
744 228058771
763 652811117
691 870696623
522 3912096
547 9130647
627 237717928
117 968722242
824 81108351
169 194303388
60 903193272
865 158295025
696 583277918
455 33315705
509 903734680
659 880062099
206 441944030
503 406469490
949 422237250
985 453886025
142 712819763
344 524973855
244 545525241
692 829896020
328 288451904
951 940264821
942 767744390
61 417961370
249 298688172
974 50990520
509 56076432
769 229661991
950 680098949
94 9214283
850 459965057
250 64356063
821 977805762
105 358894409
346 582284968
831 73955826
369 658589378
325 754642205
608 41920042
539 886033227
814 377175339
921 791449987
775 127343914
83 709660973
720 546074878
346 905619827
359 465748173
200 91223928
245 125054212
71 134329574
800 279002246
479 289605980
906 680619323
471 676283907
14 609023660
566 350588965
929 7520326
467 103413245
185 99527401
904 991884004
431 106139125
252 617098969
847 961403330
730 163237220
29 292365832
394 868131529
754 894875787
892 470715255
929 637779486
210 399924786
449 662300726
98 843308102
577 578391156
149 323951685
536 826471442
778 953854483
266 941890790
472 995838666
513 15934328
164 149702082
595 45979624
43 87218850
367 317246271
309 126082061
254 920136104
339 955993346
970 46100816
513 380701243
963 551080366
679 519281422
829 36721026
683 188539959
555 393984328
517 146440603
327 27856116
900 900307126
478 597590811
411 60042807
300 647232350
861 575616532
961 530348605
463 548803403
359 66071018
789 219958236
876 262028637
112 732611064
275 992374349
97 326800945
464 5873873
798 153108297
94 18148397
15 146891098
68 456528917
823 515995558
897 839706584
201 607635953
736 135136126
977 831033758
581 858184468
613 588149689
818 993973851
413 788177611
753 910420618
987 388044336
661 4950104
25 602684200
402 324640137
14 799974610
513 96198826
913 705122013
601 506335720
520 431679119
868 665490991
402 558448361
344 425451775
82 955810680
754 569414685
385 21862421
514 667518343
794 412862577
488 988640676
563 695233594
31 14230935
353 121312691
62 282570543
710 63729131
705 443949549
350 551806473
243 464298449
394 42440024
803 902032473
517 302307857
758 263677977
54 882580073
849 10813978
233 636851139
622 430605081
844 971280335
350 445726479
693 353264146
884 848523506
258 358038459
26 76719147
943 974997280
890 410474424
477 208314983
999 216683843
28 933255796
301 381457463
160 48105995
434 563656448
174 540299030
54 324572749
454 652942006
62 137534997
732 229135962
24 933252011
302 249418616
35 741040266
200 105231574
185 635282922
634 459669620
52 786223318
651 507453010
118 120969327
285 107650895
31 363655514
422 56486657
231 11013308
581 964571203
971 179425932
56 85574850
538 641509140
621 339876901
841 157191330
809 854314616
923 519095012
217 534656964
999 577551130
679 976010477
475 749765200
631 74557768
128 914720770
122 277278634
320 463252020
496 136695518
720 186410960
223 781779045
484 850353763
374 266799496
765 248872398
754 80551640
505 195943511
991 671411180
75 184966992
241 605330018
418 426751644
223 316244119
858 432177400
332 604440227
356 125997212
800 832640282
856 618230964
774 215856784
975 424689001
370 804468051
450 719595756
59 217861246
866 903992312
478 470099285
396 336261425
532 176886477
958 12228786
686 24747984
718 163987151
197 271526570
573 944679342
703 324746101
507 790265347
643 140178684
6 81990598
304 953040834
691 265259777
109 341390337
111 208594016
472 40542218
386 54802742
580 34936680
794 314830348
710 913337775
975 55415531
288 808568527
125 296560417
373 240599298
96 637289961
693 323172038
271 146542717
273 852569644
342 40392893
174 164556546
242 183221566
469 141961260
832 895760463
96 19581837
953 131208515
873 264899582
553 206865583
832 495567440
458 4399490
215 574032582
859 930063859
563 814103216
902 347722804
555 717565472
109 664627116
384 672055623
64 930508170
709 140196387
333 989315841
68 663957022
558 796088505
147 244598258
751 806015530
154 644128883
537 178857530
68 351444355
628 240736584
119 684704236
44 22334970
623 185505405
296 12205666
879 842245277
264 183206979
351 696622690
326 188219647
459 110525691
949 991007370
313 627965243
315 793946047
969 991555520
221 422304953
875 943870124
318 870538440
878 913842659
322 752550730
441 51676643
581 274720662
825 98245494
181 537937654
119 356662383
916 90985105
902 32387911
776 376921441
261 402038244
909 373158181
320 66510388
422 700216649
350 494951598
548 942413716
74 542799578
463 364788903
40 944446172
263 41873907
427 821190609
515 755484029
593 326734615
230 217427778
616 587782192
701 956965665
391 939294122
117 70437653
377 756601199
332 478733295
750 577949308
361 949695173
740 592070595
903 644140135
377 904484131
460 594934258
366 833042850
950 970272038
222 108203489
943 315190751
447 83249793
515 952707898
923 984595431
222 40050996
121 506405723
553 107035702
782 91996344
372 303560890
393 670176007
653 347329299
602 48276448
328 406580033
626 523976431
832 659769418
867 435784825
142 119258786
675 23248600
715 494926169
706 802028522
666 185363865
658 726079640
49 292252003
632 118175993
460 569471880
708 674252595
173 581525903
508 61369590
767 274562170
726 180231229
228 55893034
688 729446117
542 717560116
708 703164606
286 533660408
493 477253268
505 141434311
813 527283319
556 676651236
448 434830248
829 85178729
568 308904533
311 629044637
391 417258033
154 601568110
287 893154916
183 847267063
104 931098842
973 471036404
392 539897953
107 793894355
43 612222578
592 77590947
523 177494575
351 166677720
153 334759833
526 572733334
33 40584639
710 421029079
281 708568919
315 346382807
905 198951439
12 92347819
903 270173828
569 609092822
763 834945956
982 172580688
823 537837071
727 504825672
260 218635896
484 951857863
627 987927667
338 939142956
71 391861855
459 426741167
21 55525912
679 983880015
159 528429701
942 126045871
70 163034514
383 778583233
429 760585965
806 135665919
671 400235079
374 62202732
314 683073444
386 510669379
519 258649330
958 102254416
769 521516190
184 833557081
578 558673830
691 357288243
893 459084972
328 689312440
194 87081420
607 985507846
474 149505332
538 65006879
320 346812629
668 844993032
235 914114410
535 291057300
535 588334761
261 911354211
7 278959040
173 223641175
464 67812119
523 896070212
141 519254616
408 32535654
767 100283475
996 639634985
287 903213041
145 364087893
876 879673318
103 155947727
8 752131143
515 26819703
770 63054683
950 178878015
205 946052689
597 382154895
855 323674431
646 14907639
654 847902811
225 275642131
978 85580699
84 276832352
697 576707643
781 643853097
195 166537801
2 559356804
368 677164463
956 33407093
15 440792117
547 807084006
721 136673024
695 772116252
601 541542953
479 477039083
186 794575411
519 752889028
552 988654993
249 34182580
930 74956318
340 774860571
88 940025676
49 59844730
309 483758761
330 485033522
9 5478697
410 504002947
592 859758298
792 282087480
849 391013059
774 966994866
141 202167245
426 520330101
157 266693858
119 3716014
910 153140886
688 489127015
96 37689951
220 728367134
883 637536118
414 210033918
960 18818723
142 427561696
503 689169510
335 592305452
241 131465345
92 500614884
38 777282750
528 86369870
447 454022862
442 72821177
14 186617880
462 940320492
758 424584488
245 516387036
134 752238400
281 217748587
153 675002526
515 150609053
670 105953301
574 879212414
248 527365654
916 438458228
512 672881409
562 67774449
360 834911267
184 766626976
415 619039871
844 457013946
148 894347825
514 12574693
205 652404148
55 295677545
348 175973927
664 865760249
948 463291365
844 897494198
369 452224854
714 672656980
991 704937303
209 323341675
167 40180585
172 595279210
481 312136919
618 424743644
295 987044523
339 760738736
915 478044433
399 343633400
84 380445293
816 343042365
491 442821300
467 740197802
967 424883990
567 152655822
250 961559268
889 604048519
814 258589949
582 991821497
849 478734284
512 773096459
518 101397197
471 627067205
284 349647694
417 640204858
945 104168530
628 244967389
996 698596477
875 425697940
7 544913317
244 551857621
184 238357285
244 121784435
818 451326330
25 384341021
771 707305779
13 115793643
167 495354653
19 863386412
519 34406700
833 642209818
449 554586322
16 279889652
547 606834292
987 747640040
852 995514074
451 771703233
656 798328025
32 334021830
754 114061757
863 668404461
951 416628933
881 284133873
565 30162
350 540755101
88 402392252
119 705161205
624 998094243
537 177484984
882 481004662
952 700146855
670 464785998
928 883771381
65 462375064
107 43288277
46 38979917
965 727756942
578 980357472
988 980339237
561 857442874
384 815579106
708 415236656
3 204542539
61 936198393
367 886364001
475 979190742
541 800894910
442 140010820
272 275563048
625 777921360
259 683818468
331 658219235
544 202356733
768 750333551
324 434836093
254 328007004
798 721480190
652 409641246
273 515596625
403 935496004
431 982762884
375 65625084
857 850552750
325 932195681
830 137503388
659 148433314
918 740149102
921 102939139
488 411802868
210 465520758
40 250727718
473 970455439
880 13406342
850 264524657
247 625153357
910 782529909
628 418278062
277 813883814
694 501271713
15 420474665
115 458233368
520 50455102
700 143937033
322 45928989
791 373919581
923 348962230
419 331594843
195 446462863
694 46008047
481 29787457
424 447083921
669 177627119
801 746256965
626 208028754
465 957869785
25 821216880
85 549188889
894 571663483
707 839113230
161 592421864
939 370549068
477 167365710
304 653716785
604 85124490
536 462056546
231 714285655
839 345944010
430 925814766
943 770873124
941 28677872
457 861014026
738 160248113
916 316064295
843 181187361
306 104837652
591 875338063
281 470045982
289 155835508
428 78354566
366 649737792
65 70232624
988 35327508
371 564637898
649 439647262
352 873336722
90 537777117
368 629709781
637 84957978
196 97870473
787 755888934
32 578314152
699 461738152
229 52475555
358 526837461
235 300528203
319 798787655
335 718905728
954 739964229
526 121119740
991 535761605
875 60282932
435 745407979
589 207515085
652 616845640
942 239134743
984 348761022
861 911456787
279 610735139
990 288647420
304 976537172
243 383973094
478 644869581
688 289036535
670 677547405
858 623942969
962 149765815
904 95688927
91 733820099
483 130654478
289 281034200
109 720026014
728 616543523
321 664464390
109 344667238
42 283326660
53 383091526
545 118342855
139 15747340
729 765546095
313 714343788
190 819629164
182 299005319
562 243405637
855 831639793
251 939307930
476 658372893
105 844694412
805 312912189
832 71165754
645 316549217
125 809536631
196 294880806
566 119811396
837 231781707
900 742023165
570 879245089
865 111334335
634 955618044
908 755479654
258 38023323
175 761672165
721 877580947
683 60873982
279 67632180
49 372681243
274 420281017
839 394671400
292 588562672
38 125653224
957 339340667
724 641121442
613 474336158
237 718014292
702 771376590
106 607868332
532 318385649
633 98755233
298 967917548
592 382079613
924 994974221
809 622361953
959 550657538
740 820176096
672 783358913
911 27829297
50 371427165
849 589968655
420 487914224
605 779296196
826 440078211
284 41404180
255 142000774
407 2752343
850 237149468
347 30896479
820 683145745
672 184164357
88 964848222
263 33815631
443 658000768
611 329774876
120 105078411
962 641834031
7 144861569
143 801459491
599 573005682
417 597967931
11 52152606
944 943050308
328 335845794
827 375056908
479 227923160
471 715114164
610 864167691
91 415035276
921 33224302
820 14438213
347 884339459
28 458760471
408 970447652
938 991819321
209 140399147
465 724376357
578 123885298
324 176903296
851 582130908
919 103278928
920 612582664
177 44645851
940 85292526
967 462103044
217 648506192
446 199345518
665 103750185
717 277129188
705 900722692
634 365882017
47 100036428
353 605388194
87 604409391
924 912891281
528 971221715
797 993032116
926 201365428
441 16368111
918 251302464
799 578720346
978 571848836
470 85221207
956 153912120
775 789338306
144 306269302
943 205235255
603 645837330
408 350452525
687 121043120
610 769861337
948 547529846
564 343409412
819 35141429
512 252445612
833 921115749
267 531063885
592 708574068
184 965010889
107 317472268
567 996117178
667 288998384
967 37263452
849 707301817
129 197914780
872 453299648
95 727352414
615 585170516
572 365669251
627 596036283
467 274742661
126 453573828
656 203471766
102 105707512
952 684182284
778 695998588
457 752962653
475 439663836
408 103763187
75 823280316
162 693176946
895 166897552
605 239000116
335 341318621
42 574362529
218 765860
382 171445186
852 190207873
95 379117409
970 915747386
704 400860018
783 853525615
610 118056597
365 975240824
853 366324002
804 76257640
603 812531818
157 881262309
101 932304722
298 605619444
891 258243782
521 902683412
172 466109587
996 818210048
801 41041217
703 979879122
983 763532974
583 233372139
309 543321039
163 549853901
396 459852560
927 319355203
249 664293741
677 791324846
744 30599659
168 26206153
716 861917044
518 139575288
581 13629795
195 366986829
970 83834342
332 969495356
49 38688132
198 667160571
364 816066403
639 939765616
985 667186366
793 295538854
784 355464677
982 806605634
592 378579
840 954121512
557 662055137
415 751191717
957 987812420
394 218726326
698 280721455
713 590625382
193 793479386
361 798085733
670 144821013
144 560517791
489 541329681
379 364406059
872 119197287
614 73130933
545 368650110
666 146318650
820 256479992
397 269210704
315 178162435
928 943053203
192 500344555
128 749215856
78 159703331
647 415623951
116 459268814
187 54487343
930 277940418
344 759448532
819 821538421
486 659938966
988 369006883
203 428260064
298 221082428
506 827819613
258 322672083
552 200506583
151 936225943
713 598737223
300 573605150
861 500079805
331 545049880
816 970535747
418 608378540
916 675193623
496 26832568
915 384957519
4 831900023
258 550557157
867 456358802
314 480580841
131 265915795
790 87983129
108 981998952
675 225458458
570 897278059
646 84387866
643 104807175
19 549192700
487 48046629
241 657978912
118 566217857
325 700050337
17 413524095
201 718426186
845 557516149
26 790832187
644 439679110
387 925992003
726 402833980
328 542126189
963 150856714
248 43905159
13 669965014
328 750694647
970 939083792
638 891454619
650 188920601
662 126476188
693 227732131
684 162293525
393 662407768
393 399239387
999 387229074
191 929914440
86 878393436
516 73652912
228 469289686
308 223088657
268 667120569
937 742545186
785 779098417
161 112444178
216 585703008
47 978872939
419 578232504
238 307054167
641 519747774
702 254762341
226 240559197
43 483645324
507 943709597
911 83448622
847 346765269
478 50398788
991 801699410
27 315854841
315 342419400
590 59375369
376 111295004
993 444427969
23 67043697
960 314948539
991 17232425
595 737761633
512 819716766
622 651781424
309 859212333
220 220876500
500 564367418
622 854974354
404 544033113
181 364436485
430 924006835
344 655127610
767 655535597
511 617471871
732 916259344
780 20631286
973 3635909
609 918585768
970 306041452
965 452134842
964 716924472
545 671276155
543 421525134
261 102683631
471 503773399
935 942460777
940 629156604
193 184309800
42 912915359
558 182073442
88 804515618
278 414585660
496 529598379
93 401384030
232 668367833
932 489419807
560 345614603
936 920408287
618 559678373
730 549725692
873 312437760
41 338248969
146 480964194
450 547223304
628 61322375
206 226612151
1000 823794545
142 716628241
950 593578637
747 589955439
590 179163159
958 989227928
524 918285593
389 132413438
450 621247671
318 733314523
51 381658849
358 209230847
620 773179888
36 243403840
444 29758032
688 522079632
725 649790381
136 16715985
141 79276075
540 231025901
419 45788857
923 86030683
676 652134851
331 871775273
741 951397413
69 754089820
87 113292196
859 912959995
478 870796269
990 316929076
178 407240520
325 111917393
304 298526467
997 957945079
735 834575198
270 844192489
695 96289363
171 783988603
134 91858391
684 233794055
640 323036917
652 182764365
408 284612557
8 74289123
711 423525971
71 958908936
133 13949343
715 145281163
903 836004352
406 730447187
615 715923234
789 461711439
703 548684576
126 696544351
72 178670570
526 844221985
203 897167153
921 375864709
506 994144977
808 790744016
554 829837437
537 549923519
189 724059450
708 153536883
330 564616686
978 54040604
752 116864888
902 330332122
355 461402445
645 716943739
878 398337139
564 17995281
860 577238208
641 830537066
719 358401257
994 907426129
56 400891112
587 340879378
141 871316329
687 481083686
700 521635679
614 928182530
117 124565796
455 790015506
236 144068282
269 924641950
810 991542217
892 750449756
491 36118097
742 269850734
769 48428681
288 280974701
241 489768418
766 462010556
573 953648494
355 807162407
227 69740775
254 795936891
376 898490906
203 949165212
470 221745263
369 505275892
381 96181689
938 944842651
162 568886247
692 954534329
370 327328235
301 651569224
454 174929597
972 170076821
143 265139579
239 655431339
287 903696587
632 33395825
274 490528827
960 984364750
279 463437349
381 783254519
927 552125795
579 827695919
474 535642613
885 769419181
143 70242522
91 541556129
182 781759656
364 21050752
43 766287305
913 390601106
200 137123558
323 710138291
713 748638932
463 500669145
368 986057687
468 868121467
265 307346563
871 784107111
673 103655034
163 937598674
306 40006807
995 940145260
916 662253837
648 950570024
155 517971322
41 627442697
698 181036224
325 618031900
563 864625310
684 825359889
632 64836715
549 765090182
269 580534628
789 949133091
599 542603122
890 679677132
215 867183058
710 372781227
475 720651690
122 696288747
793 480382195
104 435299050
139 57690584
279 194887505
159 739679808
291 886525476
147 117360736
177 939173639
631 925850043
802 736187604
180 780140426
757 165587012
440 652224985
587 929749807
59 889100605
986 39623076
97 667453566
958 74330545
967 32458779
417 580232652
327 401283554
989 829128062
739 779343301
873 38083131
82 755152228
759 122853247
365 808712435
683 26739445
318 1898175
864 591303967
175 459913244
572 832895165
983 72888862
249 476937204
13 369474754
358 966881268
682 426968463
600 83644610
45 567369034
666 703566316
713 630028718
801 69566934
109 344886605
416 980562271
723 566892655
418 47211258
739 4691013
179 18274121
335 570464702
882 836518956
320 455418153
326 129288784
944 48234707
166 472278380
7 58790528
828 626191013
402 729043576
411 549899823
753 487009257
367 601444765
18 758255940
746 416649137
524 960092177
629 397671038
93 46860332
313 908244780
397 974477897
922 356018804
605 33362074
222 905870095
645 377266898
301 239651123
184 976006873
588 206138894
977 948635081
44 665190249
364 102782863
876 983637877
492 448305522
328 109417692
499 406755341
253 869511949
554 739929047
930 73666505
571 864666095
59 328624199
516 162827463
291 302850991
366 648859368
582 767503723
519 247100953
191 730202832
599 485758125
541 309483334
962 65660387
204 750133942
235 163494084
151 984743779
664 239963324
964 320288574
379 270212575
165 543339479
648 188040252
39 224772008
108 651024227
237 261775247
953 106705109
234 225877128
943 180291719
876 13887098
975 511947561
393 201718952
94 659226439
952 32077733
659 281779544
571 507781143
60 882677631
999 483591558
901 941384680
118 876399006
52 117711118
201 218139762
422 717034950
567 329399385
529 703648775
122 648950646
293 854616062
759 678917868
125 66519505
292 226530208
511 90774337
589 683297340
684 48131686
224 108190468
827 286899600
298 724771113
135 834909067
771 91336804
77 553992094
128 79333399
417 815501197
698 463476771
338 262249668
329 169742317
619 444916083
843 3178447
530 349641074
703 112313014
468 537504863
597 150151253
71 517293735
409 140871995
791 393039404
576 836674744
799 64537453
944 203404452
505 534490510
509 596905149
296 655908313
816 539177920
169 616622156
60 117358085
220 421597697
215 180327436
566 746620793
959 488027447
304 442897719
979 710631489
960 532457343
407 383985540
615 311166083
35 240594673
910 859320713
791 919052721
30 820344128
982 243426828
332 137794749
58 666247161
581 406535836
365 435320035
82 745925129
958 854931906
730 435864763
690 835165144
718 108948197
454 837313864
680 990442337
68 217693007
25 953606323
880 635226737
373 491955886
80 232898131
173 30961084
784 90652771
902 560692937
482 633109036
322 124414362
624 570000621
845 989796488
676 38865198
826 387977728
510 407873668
156 280375732
710 366446326
843 9174853
477 311090330
15 977677118
287 921158999
541 141037764
788 709229283
229 959684083
17 275654179
408 585800157
533 30874259
629 620251913
223 562482428
51 553106966
556 405705798
967 656653681
51 663888084
791 899083939
515 484137546
596 499514213
394 554980918
934 481952580
316 369657360
145 674921635
862 671246275
687 671817725
690 249564725
829 428984714
550 916521886
294 437188746
799 985624686
769 881427750
58 380848517
233 757691908
43 33665804
739 26428745
97 451203118
324 311428162
224 277691900
30 258376746
326 42627830
648 44991859
665 325661427
804 141371488
835 799651787
76 334477106
848 109841239
835 374463059
926 121381516
562 882204265
932 521637525
567 128888375
312 84978064
241 243926513
792 567363712
276 608844038
138 767463169
168 571109751
215 520930500
929 45135151
748 997262479
394 62732782
79 13814585
319 83241910
312 140861969
134 827123323
475 921368543
426 452929547
21 711686752
412 38476113
349 161212789
851 471994729
290 24212058
301 225748021
907 773173664
382 316638544
729 133174216
877 772553636
945 76749951
838 148907419
791 145398386
549 791842373
695 649519359
316 801797057
845 486454288
804 753729838
180 606375776
424 360087420
601 85219352
763 148335093
399 79952667
679 90204069
520 573768139
802 956531033
210 386892157
674 839153619
755 494559627
341 945943610
998 359836380
255 113779212
228 338994099
310 96041798
854 488812006
843 186968744
569 80886871
948 217242919
754 118165340
265 985233731
673 674563163
929 500193737
946 177701360
306 813405018
158 444478336
557 418748705
897 952441679
755 698710133
116 552075634
926 126272503
350 606148811
810 341995674
857 100566787
611 141790570
798 88273509
229 859422760
261 997793743
213 541197866
428 518492044
215 369212443
42 820035684
308 154250356
809 392720393
729 276250186
598 946134628
897 542835340
876 39129385
159 652213220
300 765647232
928 848723447
856 69366313
378 3762484
897 800350219
421 175014371
533 136687850
533 567123863
690 754348253
682 70143308
688 293717606
217 498100186
347 589437901
751 42938136
215 937227275
628 591171580
890 689352739
296 156405712
840 469181833
717 770558249
975 112340443
306 20033720
162 646019528
900 182785825
493 267198204
74 610583775
2 104469554
636 721913341
750 228026961
927 186719475
389 599345372
533 806951132
409 682058432
387 137470888
211 752992972
