629 363556489
548 919456609
571 377559304
489 33795657
386 84401556
685 162840151
967 198603460
462 259166533
816 98551492
63 182389405
268 406201205
935 100478269
480 559879198
869 713586965
54 51314088
801 366022484
827 495492093
85 52238504
831 764106282
145 106560680
289 912542601
478 691386404
488 718156210
851 869041977
371 983857500
591 854838467
562 362656316
547 423328860
787 378541479
517 864236594
917 605263129
666 500947590
432 70710469
31 515898554
971 501988307
542 827973998
19 313569318
956 705070136
93 966250475
608 587946125
332 782079720
46 707530400
863 289381365
105 464477036
233 501303923
206 470110204
728 896988164
625 178584003
675 615707778
535 149693301
598 121914085
645 361088067
197 3120019
326 35025755
969 911587950
377 966380448
356 952977702
326 742044598
586 267372367
422 644506239
733 853055449
779 986283978
824 476456324
839 12420559
224 843317706
581 51352745
359 57378082
247 577418089
440 560308355
509 492148907
991 15544088
170 81538892
155 666508605
816 50398707
156 133446769
971 812865736
26 84791942
132 112639169
992 318996452
295 549619258
463 702766107
157 227217602
557 148129764
757 105372568
840 718823166
586 280785123
103 639157502
363 189389490
470 314608531
142 231398861
86 351823783
787 88098445
895 865854939
720 725718202
374 818233262
48 6413566
628 203566324
129 588623481
940 588860958
484 459325159
540 973600686
564 655944653
468 160332687
818 32277934
384 94899670
53 476000705
68 354317198
687 129585601
300 300187320
623 807730621
162 648209576
679 890343132
702 173477678
593 710895345
259 606821058
329 649301788
597 656329138
636 228558661
933 565308888
969 42728318
708 946606146
538 476539087
864 594394716
108 76596894
396 622986277
543 975955280
46 284645780
732 656026848
493 177794111
683 817170384
72 819910367
352 913830984
285 798978034
530 788846925
996 499025511
339 469562988
552 794042439
889 843035582
775 679905272
821 933727095
698 172546209
308 469627178
697 118282894
664 130943528
830 686092651
421 661768575
547 917400209
918 307049735
454 572410407
917 818724436
663 470822929
56 66847850
165 890932829
738 116340381
555 14084761
184 842268648
850 547520480
456 937641615
125 822035860
464 715335773
997 363235694
719 81844879
800 761293853
124 182423273
253 238286952
523 308798561
53 83996787
181 263111245
851 435713068
16 493476681
868 255487912
326 807742929
679 167472187
207 704767089
421 92681073
753 741215416
382 769350692
379 713167172
420 818614324
161 119425776
561 496850342
61 643299606
350 615490965
207 339738245
112 633381206
717 908449679
688 481191216
196 76457480
102 173740877
745 440175342
10 336179494
822 128524377
35 586388509
526 1648931
174 24147873
381 723961397
485 294464459
829 339243949
306 76868206
19 741271242
171 260181444
609 6520890
590 140467713
489 767286998
755 852492516
458 510986837
142 664114947
481 432065286
428 115716150
519 909336588
596 994657831
31 105268042
218 873686383
591 752957589
737 766673035
810 133038802
984 57983501
547 10041161
964 822558078
972 428238332
958 124717932
436 1753606
652 565985051
756 11470078
574 481655465
741 691942779
521 31518948
385 545305227
304 907284302
980 648747208
608 727381307
251 147120039
663 710042055
484 456063540
285 243492789
469 362011433
969 385168416
522 80714536
724 741922759
170 75842336
115 448389438
48 377917190
767 588154333
482 106599477
8 905805000
833 405918858
591 603998445
834 657676724
179 853080061
905 304985793
348 934911937
243 237653269
666 339937298
329 204713414
676 51921294
237 545542067
352 229641237
311 819137513
602 385371944
351 860917938
435 724336635
754 801661328
342 428932659
681 487966200
392 367143681
105 8985586
200 231091146
804 438751308
64 286860419
231 635195449
399 859133813
679 32992469
832 443852061
587 377459855
314 533827909
421 446664079
842 578464449
494 302613503
480 818651076
228 156266193
151 834883934
607 74357024
998 9034549
979 861943665
426 15369536
460 96488152
724 206376662
186 382656974
270 541640695
387 123061007
790 465700638
15 845507404
196 119259431
973 651313031
292 634805206
933 91028521
757 846174124
614 996398104
638 115075013
54 493865752
986 412489071
188 659864792
786 457908923
666 937973904
878 24807743
674 413287901
517 781408877
108 678638008
176 121425317
869 927295346
937 92333354
398 337154871
670 132525442
82 134826596
176 473975980
686 90601476
685 622523024
700 975382641
516 998760297
289 757185113
195 102286397
547 78596355
692 520170244
432 759459935
988 71409855
410 812445077
960 894178657
991 603326138
712 139286078
228 362204447
221 748048865
786 858585427
349 146487052
188 775458573
806 50282741
988 734350161
66 376286490
901 294407885
994 600246764
881 453101478
488 63484432
400 89140487
504 60823988
137 262573934
370 78916647
857 6652428
274 17787868
824 777197239
635 651491675
914 424966710
100 145767683
481 298313240
795 81873965
540 563952845
349 821808881
211 627480247
177 147342408
808 962089774
250 862123205
475 647767444
819 192449610
503 61020678
590 32462147
881 31693250
896 8736830
641 630464389
829 498415384
408 403483937
987 340623864
75 5841424
713 163881305
195 401060509
485 159934189
407 598232790
498 571272077
67 937446518
954 31292254
853 326155901
251 733838573
804 45658649
751 501231061
928 831712827
120 361246667
375 773767706
107 843734482
738 754717781
811 846326052
959 435342882
810 679657384
342 560997066
637 464813923
35 707741862
562 222921685
143 803261190
235 502183910
499 637428069
74 226929527
70 688609860
559 885437740
558 285159939
45 381047181
89 377895840
303 465591372
361 539924855
441 408493808
860 92721153
680 995253177
22 760385038
811 666539073
906 801905652
539 639783282
608 171711965
188 158520321
454 859175365
926 298924416
849 79384751
244 790013593
261 934795989
798 70582615
72 125543328
295 462977594
554 38625261
638 35386206
250 755410038
219 748844519
545 76825545
870 742900616
820 243824709
338 968192726
224 38062122
715 909807474
754 87585678
172 766951400
794 652069369
873 694094279
713 67706861
755 27403685
585 240243425
107 590079888
535 224046983
96 843987511
496 486273901
976 382964490
716 486791029
328 520970716
654 438817538
809 334991438
682 163472124
805 318609508
624 511973975
981 554833947
829 376073193
32 119905810
60 250528700
158 728183536
757 476845266
578 827259009
728 159795113
845 136341083
632 86483258
834 6600289
923 483631384
403 723747134
82 979295020
961 869207879
5 246911030
379 619956359
531 36922667
888 481531774
255 14932997
73 439742974
72 915175693
512 901104215
530 703481550
569 185813621
245 531612364
712 685396290
215 564436359
580 451921021
517 111841151
608 934087972
208 91740139
150 78778391
725 836153439
442 406015946
718 47317520
732 420743719
755 370204425
30 483855288
398 783605374
900 445382226
605 345796016
727 200486763
962 766658492
766 641786894
529 65222089
990 288148230
810 228218176
839 182767666
676 137584295
319 262510370
113 932961779
932 786219954
482 38409761
97 10839744
809 39676009
631 33536002
971 130102100
360 592327038
196 526038838
263 79379779
192 777380703
263 57643573
497 789829814
129 595770183
508 833596056
831 882845437
300 118685021
732 317967674
711 157466517
30 347529486
861 381555207
715 111594772
173 57185344
477 425856304
762 223395296
221 842096936
800 780776568
291 693789997
513 966961818
411 71551802
450 659441742
133 916246495
468 743520316
868 731189684
825 45450851
369 879962811
772 733412371
284 757802465
359 205168765
663 168585569
581 287378763
72 813204584
414 206773424
507 245786196
854 241165519
324 473225431
221 45473496
753 768114416
560 690458647
411 495431362
440 147263722
861 160315822
923 943338654
965 626669299
682 47303079
892 414602209
850 730516974
702 506168150
642 888751363
841 659893763
960 578091398
34 798540740
330 54092217
559 277773222
856 488081553
941 965165647
873 444938677
493 517477882
534 614168319
5 491487157
84 143649041
386 851973403
29 120482033
174 462908862
495 201979875
117 14888933
206 675666638
227 181783197
902 406544779
715 613141737
538 939690883
440 208652859
631 798113758
507 478873808
321 672286957
244 279865772
808 933945812
693 354541198
837 569625160
969 325206088
809 677004141
434 171684852
746 71185444
910 861478710
367 98415202
220 127604197
858 817274101
327 185914879
891 518119980
868 347852688
634 384775181
2 517815097
550 130691108
781 183271411
861 660396700
148 461808013
211 238691248
253 184159572
916 645556953
716 131948657
978 85146374
748 512624770
899 434311526
583 653191467
416 167233129
198 917532795
144 455609969
530 831675924
723 652677771
534 379234261
326 332327910
852 471675924
802 639269146
244 648655063
816 137286255
707 288195397
109 749741771
263 506549001
928 381544504
329 288496056
421 202436893
312 308797010
408 461627164
950 803302097
396 107690246
254 639460861
68 148407052
831 373599015
750 773673112
422 929127784
813 899289417
800 187779219
501 271680770
926 217263040
88 3359273
842 730550440
616 9914677
538 466159934
55 962861016
995 307014020
586 847065978
51 338116827
698 197362989
422 663761597
174 695260049
116 63929258
641 418660131
806 321707949
130 674822170
332 356719424
545 634298641
565 556963329
686 802116493
98 692291794
378 713876149
881 390756317
333 966781358
724 554929747
46 653413958
242 111445286
257 900703112
164 270897623
452 306362849
910 131077123
294 236854075
397 296772808
684 600641005
63 160698774
64 211143371
425 595144988
480 743053427
708 557872535
288 686595822
557 662622812
377 726685068
483 119668669
321 654984050
899 442495459
449 19182458
208 387010821
624 409854932
330 51304563
54 28724217
504 83755638
450 968056630
377 391339167
753 946974047
306 226992165
746 255489088
317 728592881
254 640596870
929 797221965
975 8431272
590 900915497
706 673493895
719 183112908
594 372560756
599 703353644
733 908898214
666 129312077
447 296754024
977 17655525
788 550645808
393 362850234
429 35719179
605 160317950
127 165324953
447 969665443
211 902214110
125 579816346
541 54705492
993 75267499
101 904680636
680 236431347
840 927904971
960 57396929
854 776475079
704 944786013
534 898981123
525 77778390
146 418714863
226 464700231
137 149673438
985 543329164
731 1233383
672 603005087
91 412532190
647 182880639
245 606895152
625 437216299
443 955501242
93 462637231
73 168403653
233 66248329
535 427734694
271 794347293
37 458349528
441 235330371
105 39920486
154 513426782
810 186372249
353 459067942
502 89113662
498 164421005
511 281361632
550 35080292
501 36714260
623 189089875
230 413330080
582 65662891
59 546037574
702 3703314
454 572730310
963 976361937
755 331777929
697 451152989
140 616839359
505 981071842
506 818032131
818 304471980
185 719641229
693 705088728
625 1079321
113 67377691
508 544121807
411 532461743
232 29533172
292 441261637
468 143439411
652 869530324
143 164732210
44 748136732
434 495297284
70 452426793
419 391410763
138 633836418
367 5682401
164 575365111
912 752459714
292 958635544
850 200104503
908 550714205
365 502006441
763 338157623
415 660371391
165 858714348
260 110377555
612 136228126
245 989292737
722 558607359
298 542021331
725 603140143
986 752849767
405 333457112
839 46741016
298 879635940
216 973182904
814 987726586
580 476061936
344 762995779
665 283966252
778 493327823
556 22086588
243 36284250
156 567231413
488 926301682
929 866669740
340 396321719
757 256409989
258 183776533
104 424725690
536 225236957
330 283204656
531 90379586
977 794727403
869 90380565
501 312605711
795 130064244
791 87940540
449 436932197
182 78637001
487 381719410
778 895614767
714 619720700
593 900308283
468 414017147
64 652969949
171 193531433
821 359351504
150 594389515
506 211718981
361 6450506
680 216223611
956 739402526
508 198028056
166 23342659
480 19207530
770 25541118
721 361686948
337 301017905
478 891613182
173 802963542
456 178939314
675 825617791
883 761263486
346 306223009
667 606459882
776 21870640
522 901767467
102 651438490
950 184520644
791 812849617
809 531584952
54 152418138
175 600776993
936 217382251
495 26760438
957 212528652
658 720410791
521 595524798
166 531855643
188 357310115
568 447278681
317 821053513
844 101353476
895 115237160
267 296997313
691 366838193
373 692990121
570 139128151
483 718838401
542 233975050
353 787545542
654 155663
957 249373941
811 330762196
615 14168846
130 456961347
944 828156854
867 183539172
18 551574435
371 968344721
871 633056994
163 73069620
715 419321228
863 830936629
571 160720831
146 917650617
434 552836441
177 994548567
918 102042048
580 805876682
144 162084538
658 922923447
915 254585793
164 223110613
969 170992664
463 184622690
717 609115390
645 267495033
315 104755727
105 374343810
40 658900357
393 806520440
919 95685968
396 260696991
389 817679436
290 495283608
629 233924834
216 139930193
934 765299594
303 850321600
902 608598778
667 857829296
299 430032408
585 671170974
104 418538723
178 322958714
438 935143507
565 679176579
849 504672489
841 18132965
114 413013120
118 188872988
113 764965480
71 526295571
570 684799694
444 150059867
387 135109207
358 709322366
222 813512882
916 266830423
165 397422225
576 525013557
591 660695172
931 206346320
897 715809406
26 584153565
459 881292935
703 397589246
894 607852197
960 98103201
98 738752596
198 993988750
564 318964342
486 682737563
283 974129350
335 728092023
448 580042469
601 861916340
546 992979163
158 103028899
634 50732979
658 253999496
129 918387946
948 749234774
177 87150176
438 11624621
567 38846635
359 544918927
895 395073025
694 296854934
759 897101839
518 377024133
990 731127289
338 548064071
725 7431745
677 822681245
775 264589280
108 2092395
435 201796017
970 14999752
258 431163250
643 501693030
981 58802092
527 847343362
38 364241000
510 644455027
68 180449853
153 147571218
551 898412117
122 117211670
229 785495348
304 444540611
80 116250014
348 563886622
264 45959725
772 224426844
796 6641897
759 125714157
83 502102104
941 981172509
924 333030873
12 487157621
604 468432550
39 119404042
854 835535349
576 142313575
656 918381390
66 529967277
213 459302604
88 918262552
664 643135286
899 141605188
251 650395486
823 978785225
990 800483216
132 46707418
465 6456131
515 411678044
611 719117263
966 409283669
488 166899184
86 677106025
620 304116875
786 160012808
438 801517881
566 70824598
46 519160498
863 284677720
559 926601273
466 463354336
574 39350875
163 716620119
853 842141256
672 254150238
419 349136342
578 401742724
879 681977473
714 777144001
902 62165353
671 250194551
92 254942026
555 439756504
234 841964236
833 232215065
704 640649366
385 243310933
724 499449176
644 934811790
39 990973598
241 406293577
190 977867847
926 483267171
897 64959927
76 248080628
553 189596253
475 631770059
253 967745612
6 617905689
321 314558851
574 666661686
311 913274885
975 319217551
532 867714621
852 559483528
338 665706896
524 988992552
728 117788090
568 778563561
341 37604839
858 742041232
595 790939854
4 38904378
312 817361736
128 860362025
357 97881292
563 396455771
708 49341386
275 113950248
305 246153090
206 596806672
703 254053364
764 815900849
870 636289743
624 885630192
646 220817915
955 850810948
428 489433922
659 164182992
292 917941671
93 692533493
212 898978775
81 988263074
55 283962306
969 390008062
719 232329545
601 8475946
921 996357138
977 285992104
435 689146999
517 491053980
392 833435382
323 521566955
320 941261546
395 214235453
341 351774917
812 677463727
209 12559675
193 309239904
915 99734490
370 644102297
531 632123588
25 875496538
375 880948309
261 73707117
530 301913796
865 9501618
602 783636874
71 243492559
96 374774806
865 660841404
57 279008043
186 268601773
571 239987376
401 334279647
980 422412480
74 241188591
307 129301714
93 993598319
46 395197356
360 189552902
888 999005855
259 92580954
790 403830541
779 317394237
770 942115267
412 442663469
983 887090662
437 796673129
99 152037746
917 210059444
607 379421717
764 508320374
457 15995498
641 97182062
980 68891506
832 689539102
295 677112542
306 211906716
366 536142503
56 534433307
421 242274218
277 631733823
173 101684450
601 377727540
34 874161958
485 932479032
574 771291805
309 91590799
580 246370754
260 95185338
596 769912365
31 784297154
238 341115448
670 141141114
980 486032469
210 14386934
659 55683770
406 21367935
462 980315564
180 84950054
284 621802397
691 511537002
55 710398582
80 968570405
167 577607468
266 65280722
79 675614770
587 626413958
418 657922372
293 841444549
423 204629629
703 690535004
21 722191200
773 138424649
109 330614017
611 128088540
146 101211371
865 324230152
550 93206349
515 122486967
84 568982354
474 725102186
225 555239274
202 573123577
672 398612343
335 428399678
357 183319160
451 783835627
421 971595947
194 240408662
4 395731356
55 163592387
224 38106869
12 561183410
703 60941961
824 63890065
514 791910005
442 590958427
931 389097227
109 904653699
338 882694001
170 661048109
174 834913072
186 680827081
75 325882845
947 932319341
498 500231394
786 271726949
287 826114733
421 12898595
828 409725310
918 640760036
687 859668384
777 91641963
422 245066280
584 901242748
36 400135632
21 569624249
466 688291889
209 41496148
578 158461814
993 113929433
306 923993054
402 841495564
515 64185993
664 768875368
439 157895289
497 747302915
912 99598750
910 184397809
846 448845694
595 731611462
469 645771659
74 29601877
827 93526242
497 192778038
647 138471261
253 24525472
660 910090531
14 572996766
204 46965777
310 502614107
90 427428100
216 855932837
292 972357562
919 125496922
275 189114968
267 278795723
192 47027509
148 107549322
879 444273991
558 226939513
600 250495449
472 237151014
153 240889859
435 513203898
48 308614466
766 119544238
379 989609826
354 957404797
847 352358742
355 783039787
151 900050688
305 128068351
860 367414509
928 815842263
328 50335611
380 9561139
420 343460239
207 918880924
954 665524168
231 31226513
957 969468235
948 659190086
311 886228378
297 946758094
534 859943963
762 203566031
574 985315344
127 90109254
944 99079587
184 144954851
864 65649198
545 640578852
272 694428873
487 98460236
370 457204016
887 136344194
548 546171274
493 707156059
496 874534969
167 612366128
222 613362243
74 663765642
435 436264462
582 399412936
240 927524059
421 365999130
72 48368118
977 554840337
64 506650822
388 635311074
922 570934627
452 611233270
161 805982246
108 978908966
494 978947507
314 672990159
123 497532865
193 268373700
335 361854612
374 626815303
975 140117440
194 886023487
596 552363119
358 429119963
618 677393756
712 376398884
370 9229155
932 396293420
473 981033906
925 780384597
84 697319891
718 783998620
483 820542112
638 53989669
460 970414386
615 411141713
477 162674399
801 947086753
88 27261596
630 263795519
847 786070531
361 87921451
476 598341653
151 855962570
46 392661
821 73302452
703 862323374
12 601536603
176 527795429
959 693065000
220 299452661
544 463564608
271 14638643
76 139627020
529 986915642
275 948362370
959 680867806
20 60501391
883 915749079
438 742603295
364 915828536
901 469307057
58 510583229
97 300635784
829 727461627
606 804466752
129 414028529
826 3234507
987 957609449
586 774801084
280 246942542
715 660286032
387 323472
555 141970738
860 841623909
903 531090244
938 590297077
553 838152135
339 515560362
186 442615294
271 98357480
741 787129445
699 381517703
307 696686928
121 743931405
114 758020380
541 917719405
453 438304184
675 369279968
291 421549342
214 85656962
186 688361369
314 978824323
574 509372097
678 549606253
460 866750466
236 954347414
446 56667775
993 712755563
960 523464557
957 145598948
916 269079570
282 14287172
453 597870200
884 513358418
918 221403438
457 120584115
303 100942952
285 363054683
106 540183210
884 364673201
150 136732479
966 278519948
843 962090692
414 918802913
808 408498709
421 376964188
152 660882579
896 15875878
116 915598582
704 651330554
982 908864686
327 112124463
223 288759912
719 276800608
234 574113258
390 806790219
552 938749730
139 813678422
152 910620104
746 274669070
107 459227629
3 230273078
752 339477517
628 115739857
978 728414464
465 957885067
700 18357982
850 745288622
835 860039325
969 720876847
436 542677054
379 771396713
738 878167938
558 392485166
509 319936723
877 351965897
232 273899047
496 196720591
153 907003582
717 30513403
632 158226091
505 668690702
372 917662332
530 478078449
590 32383060
407 184055328
506 591467861
676 5910823
89 843034427
153 280945788
303 163203622
196 566669669
693 306626669
551 773750109
279 403936988
74 41682891
630 793064559
11 473089778
328 128717966
772 196141141
559 827544871
813 419330258
992 371862463
765 324686698
900 202783012
549 871508671
223 441596511
632 662883923
385 58164432
255 576003027
909 880581028
264 511733011
552 420531635
358 830718281
673 542955254
606 369090195
333 880400925
576 349482207
738 672623903
545 562396639
309 489443254
583 113288145
481 34665321
346 395032975
550 106984880
340 30710681
562 699681077
778 588858026
139 580660420
955 663748391
756 506216594
963 206431589
357 331309222
545 133908436
230 631775683
438 470647208
296 580712667
173 82899476
691 527435312
730 296618022
744 743724624
280 651271665
821 632255987
21 150870325
314 818791168
75 997685832
666 295049778
339 998485970
731 116954683
776 855883772
656 183723114
433 689425595
804 837357655
749 210780930
561 676370491
695 754727393
512 989167219
284 785315348
296 870030630
198 65255393
513 307905832
596 799648537
474 822996359
355 120518162
105 21405793
436 427368966
392 682287250
720 38627931
180 297696114
96 393888462
996 732931052
172 948165485
792 483036034
291 676135201
642 214703599
48 114194658
419 12432544
752 727465653
321 30969961
936 542383274
151 993238927
195 192437025
854 932853857
392 612688955
780 62546190
424 83301500
799 126718635
679 71078777
95 417144683
897 455709497
893 582429460
329 971000685
578 428298523
632 406835959
176 984981810
712 392970473
31 211952041
181 429300014
535 215678320
361 940464790
608 650960984
253 6139720
156 405054845
779 833165759
33 205046684
707 600115927
524 432512935
392 188791863
511 168465079
155 870509289
764 520084071
516 336889015
898 338301656
951 192734546
182 331402595
273 711258447
496 968219088
587 177288465
583 769743793
681 521527658
621 264450523
66 308008301
825 381421638
845 905177648
885 81464708
782 110502982
15 794231418
731 584619227
787 54863083
585 263869170
16 549062494
962 28197504
907 659960557
994 996111795
24 143155093
377 222676881
230 443244453
43 491884645
327 482940159
288 687987231
357 366833772
248 557913200
84 652568604
265 678975185
954 673668060
541 192063457
477 270481711
253 585883250
246 750477707
365 941838936
911 510233206
825 351068997
780 343731832
430 365893506
784 20459159
930 711186659
6 765561264
722 761597691
546 565692933
549 965818671
307 569192881
246 864618097
337 735808622
726 362688091
723 182643788
483 357155305
682 810968498
260 622230120
967 95001160
720 14695445
462 710987923
940 692053460
885 460136845
17 234460017
706 94895489
645 562990486
214 178518045
78 123794375
71 584256589
804 912961768
118 335722994
542 717829699
871 868170740
710 311213100
585 750581445
920 797372737
261 323502551
194 36962129
450 489757468
895 734485687
159 483468628
413 512035867
805 848574828
264 38150385
597 737568291
221 884157524
920 755490014
179 871469691
676 262609893
425 598667541
888 968412734
321 85977523
414 441196656
678 572092640
453 27752759
396 736099611
730 58769192
897 163314244
780 919194638
461 193095498
198 108887375
190 29256366
407 444713034
974 269510736
983 202457902
27 333986589
379 990515595
299 47139344
379 685012634
928 560113103
714 47259472
581 72540670
293 785914822
32 351871531
447 371500891
804 63767823
97 432004273
639 747022147
280 397377289
55 403139497
844 49891700
763 856934278
4 689823001
388 78437238
529 706345641
696 194883500
918 740111944
556 787703333
185 291671079
3 282027774
798 850282215
881 286208374
533 996458374
326 58056415
731 484610783
390 676866769
388 11280513
759 598177905
34 159239638
428 90070865
104 769318251
990 246336112
635 670588859
126 571895466
375 388875025
368 991409917
281 932915796
216 297864656
730 624851431
639 326057294
735 559862021
48 949277111
426 697755334
914 232999707
795 797768354
130 580063597
245 731844611
609 439114564
64 642212622
451 193718775
64 397936642
261 524281722
165 752638065
814 735411323
186 724127860
390 669904034
657 933904447
221 224389640
255 434962874
8 795330688
130 163727078
598 91579674
608 657646016
303 699661590
923 141751669
228 192433859
628 969412676
401 427323171
486 579826410
504 617262801
166 763727060
867 56964056
605 439391235
770 389541018
692 930066620
315 634140611
966 735934048
373 918060959
109 434131128
799 732759616
671 277617771
899 173763109
890 630166049
71 533387945
543 89909814
627 731492013
923 932893110
774 565646078
390 87304469
127 637119068
355 122906826
90 265179375
306 553470911
277 523053918
781 563456309
178 880930341
968 799697005
461 67554032
864 481329905
44 152171408
683 916870962
858 760589372
574 456165406
642 733821270
181 49205774
984 451339279
893 581611893
13 510422296
218 792711810
821 852701077
524 322582961
899 982081399
198 2161046
696 452937881
768 70851160
280 876423051
895 891781508
36 738737256
740 445668735
984 978190914
551 39395355
846 288877042
923 322166649
103 908290665
553 139984970
358 702415019
165 56860030
962 277803075
189 53408181
20 142093196
746 561441255
996 836148714
874 445292854
103 785596520
927 318058163
599 152345450
243 720949061
50 263145487
227 686843238
192 703537782
550 544962176
452 132649243
840 639497884
603 394267477
848 849770835
975 728373856
627 60615947
459 309219293
83 830544369
279 133282350
69 701295307
440 702238904
886 976987565
605 737613084
587 234415444
581 612166586
874 498070327
965 919182193
973 219351832
935 174236996
276 142914401
959 432386181
533 873487781
986 56272330
822 797297110
217 735166784
692 468202051
206 3600597
916 804055807
862 441289221
544 722552866
280 739774398
680 671231179
243 327981762
12 716875385
679 700559583
882 612082054
679 170992852
342 750361973
219 94929451
244 620384642
255 302813976
527 925394876
679 907877972
69 731826808
180 349035478
586 73694750
301 886403082
160 738528917
563 66552125
251 274384544
650 629503277
109 472003176
130 90824899
595 693178669
170 950524944
177 111773111
809 739225429
167 867974001
715 142500801
441 959653582
566 202476194
306 115509027
286 12661654
642 507016817
773 416412542
381 9572076
513 513929340
942 976074256
29 88278899
813 425031559
145 937603587
578 124030414
130 867128069
742 90532717
837 338902914
389 99246264
281 282994363
602 805407355
501 656361014
844 10663914
147 418432156
25 208862176
402 2555839
802 57972452
186 414598877
869 120824692
87 28912310
438 660371723
500 708777781
246 873605414
574 305284271
900 636895679
909 361430181
126 238935346
440 422552098
254 743403906
817 57056458
574 201103694
191 796467674
761 355392214
237 616760550
947 794580616
522 10261878
153 576929493
710 499979406
523 981567812
113 939193261
702 999893014
17 947821881
192 675972097
242 633337087
608 820465002
757 904093213
739 692158062
225 708633670
451 783009307
1000 316401991
293 719273926
398 633704027
787 105220901
339 254068320
873 267907598
350 863304017
10 356470299
102 437081292
634 424085338
704 329659765
216 294073645
960 191561359
130 980453012
836 238636847
413 641116655
75 590094392
276 846260004
150 258099653
178 22500117
270 928110640
596 26719986
462 841803024
827 223107913
645 844515050
397 568984722
463 201516367
25 407649384
214 664182810
357 610855050
249 918666129
277 397377550
247 557174255
270 242701052
454 202804674
395 111880972
97 861635415
573 39300194
122 304438865
259 990536926
459 277484694
71 358731438
234 915420928
561 781230217
24 663839814
96 192489512
721 394226819
993 156079916
1000 984728401
795 137440850
297 879430395
908 113491137
914 469396607
95 549175578
150 229928708
209 462298780
810 552307560
636 754814281
810 550439535
342 19607307
814 737944275
782 517009095
756 173740317
404 20342134
54 671028293
483 950700638
625 233682689
63 82479273
290 296516750
564 950047171
344 84505937
66 671410298
462 149900426
547 615900696
699 164753611
697 834474276
602 722526836
40 335489023
45 68143579
433 412655785
872 69631514
545 312808173
254 996924025
592 419366118
35 253928704
167 740720369
990 84884333
758 62091182
115 628961105
20 245071800
985 681411918
327 681085842
990 2896395
933 431497472
23 710713660
108 802886145
963 973102568
104 515820771
657 224810210
999 107599117
13 838971329
191 444307183
918 231801519
324 209349858
437 578544843
986 125698229
217 214576497
846 166629220
697 83367547
611 579047848
262 922740134
685 552523554
79 408368224
50 3415530
767 741490458
148 105843750
782 640201305
74 934394396
758 811563733
738 807520711
863 439669303
972 355207277
185 768755572
920 800275511
365 925833561
712 166119049
794 588209197
752 586663860
853 723648050
602 356094455
701 106136521
15 638441493
666 263592416
144 798763723
583 799767416
546 996334091
204 839268517
185 415362117
483 909130888
316 300975410
85 539493656
447 78496862
95 886271009
730 60805837
910 245278370
712 167941564
321 301867535
951 859999625
164 613096181
594 809182676
475 459241683
197 30081634
59 878610741
272 685071010
642 398245827
563 64142710
98 17075272
490 686906319
716 295339558
272 452046078
173 513062195
21 666101853
495 905560489
407 616849079
966 598830022
47 808841818
375 87614932
382 960656815
744 899369563
704 676478899
508 214714765
864 579347550
175 629561485
965 509011890
237 320345804
536 71818229
693 570636717
483 261556255
581 143350350
185 522381327
519 689067475
857 165861357
720 671965014
317 398337708
320 685138438
980 516947743
517 92778604
183 946863097
507 564382346
558 577531131
27 782980982
191 729042788
238 150219253
91 593003321
667 442149714
322 875515221
701 408782283
52 315629780
156 876212412
855 327292413
564 766144210
124 679532931
276 123618304
934 785799255
464 433688396
471 758486040
48 83900288
218 661628186
850 342771438
41 703324849
7 554674449
857 345722251
643 447571119
148 64471426
435 663174157
402 86313592
222 101037200
101 767911756
984 875558032
597 418689732
815 570232181
210 754050955
348 91582043
179 794251854
221 222842242
107 326166032
304 484807154
218 121386137
626 120194930
269 101501757
210 896505453
99 332752641
422 440190759
901 160257211
891 148031826
380 76260306
917 124785555
700 368554256
138 385106026
328 290659122
959 24727652
732 395980207
876 829564035
17 206293481
151 17474145
729 412393547
521 626203871
129 253464495
680 96904382
74 149594682
23 263279426
260 362248615
765 824780040
333 946903299
698 150894895
559 10950761
978 890697102
780 98761887
90 542394448
558 570710163
48 99180642
420 181122976
689 974937231
268 470013643
756 141753667
228 789782201
405 791820707
902 459090887
140 230571676
164 578752788
471 321155144
602 218190329
615 171653702
914 207680854
997 965396699
561 3248588
357 761953961
419 496504802
537 572483589
886 687249499
841 2059738
752 817492111
878 226404351
796 195137029
588 975371863
449 22415607
199 373037702
130 51823772
676 324610392
654 529720170
246 66487636
956 831829284
65 869253481
844 486378809
512 579619216
711 959836833
719 570942172
29 993286738
36 91910981
473 905191433
123 24997749
583 346659924
757 376189362
715 879419498
594 914691349
401 334691695
924 580222620
726 140515980
925 446610853
102 641435055
913 389194751
423 100613458
187 584466484
745 179340599
977 129089507
259 659317312
15 385863874
989 95889665
451 534577239
645 899330694
776 229912628
296 778130678
853 170735798
693 74777891
313 414879925
347 49143347
483 537040299
827 749275693
943 787392208
558 948079429
809 160408484
912 396765797
778 747840788
383 293695231
159 158776932
149 952275666
851 735597435
299 800429954
907 120426062
930 815356298
730 120683739
821 379361452
22 240309158
412 834449210
740 861597149
956 536694900
569 115358080
763 476700857
284 310900933
708 715478743
635 682197330
588 858375800
87 863986075
64 627056076
948 598660781
665 106252909
941 393086536
41 61499212
353 275029110
76 169839316
252 75302993
623 480020799
310 940338886
174 363888855
17 250502550
271 754245453
699 298498430
449 119079001
895 461452625
125 932868358
661 534959874
633 816794652
114 356377547
794 593279445
636 31745548
303 539146144
623 164754391
280 974352856
448 179434450
387 28061191
359 172979155
590 542490142
275 380523179
878 240322464
212 353730153
606 429212856
804 548016420
696 59357397
720 527539072
410 71640005
970 750917975
617 91878191
290 638746234
827 729019163
680 51636503
293 431881962
204 633754645
102 491253057
487 151800212
310 860813993
68 378484760
228 968517597
958 46070338
291 362003044
86 112173254
305 578509838
34 94317773
736 111780792
426 883207115
412 814770465
949 740490496
871 557444063
967 130051214
367 74933383
872 983342930
687 144091377
374 225120431
609 791603310
635 629753646
389 28595818
697 427934651
876 992905780
600 291553610
522 114316436
930 480170032
730 465182293
176 942584253
131 113607554
384 793528104
410 352056538
341 255342888
554 105204537
354 393746854
513 155763328
998 962032423
304 683189541
686 226956782
214 232724447
436 11213130
251 683676720
232 189222298
172 763064960
515 692902034
507 44964864
889 653106349
286 223461792
929 276794131
327 637992729
313 500632589
838 512152432
723 799137475
544 897977849
638 716662874
441 623381523
773 513414004
989 637651134
55 103177439
145 241240707
535 19056000
27 195112152
149 962656707
934 546895558
226 95869438
792 771777970
671 829201294
6 296806518
785 898793997
123 366743687
359 456323984
696 732464419
85 811474140
65 687239361
90 601092886
555 78198109
990 813005084
841 660462498
2 887199343
260 473069774
556 523312228
872 545667734
366 699633643
693 398293006
573 90479587
903 602210014
693 103654567
611 608082271
17 453371233
349 422109514
132 773277888
490 606112364
10 560760322
744 522638306
555 96283118
391 810132786
592 659362835
946 374545865
202 374967086
150 845319200
643 810223000
928 282959585
937 471399012
660 797476387
320 91018203
475 222019096
783 746731603
771 438652878
259 308801471
380 600734577
905 705970926
393 803431449
375 559328835
14 161701262
425 737528816
601 318876061
601 622950791
505 955372229
216 838388817
329 861545775
6 937661612
130 597598502
334 913654516
23 347151666
691 635344220
213 876914649
744 686767390
83 965197749
372 52018382
296 956499963
4 646571016
732 281669309
632 361589128
171 244246674
317 556810277
363 541087949
465 5116037
954 410252269
282 96583609
475 641548723
146 20385727
6 943326052
244 811545714
257 422252370
28 692238255
848 441284525
973 773754995
588 303579814
435 144990699
127 263057332
318 301638254
256 54182296
437 799633411
315 447353869
702 956806495
633 71544385
149 337075735
548 328502202
761 699958620
473 431390203
545 867487849
63 929584896
728 828583490
753 216646776
524 143386296
530 664921277
557 731462108
472 711239062
845 711255840
787 142135865
205 819613871
724 142120125
218 950343902
850 813390899
589 53570184
390 103339374
669 58928833
676 932920146
849 704551722
410 899887966
431 340658549
404 691971730
870 764802559
324 540730865
999 67685356
598 218333715
138 478640750
974 224465534
260 282262479
634 351042517
751 494758401
537 573653873
204 908865622
600 958391359
884 746091490
833 335183494
710 498003553
234 265777068
463 425705562
192 645163255
591 189588985
817 38465626
734 780786973
178 943643100
99 366276178
254 652089096
272 773344925
993 946141564
833 875998752
112 135928774
322 184715948
493 93911295
317 645671920
815 478784448
530 616900743
826 511306934
116 344937165
774 572976747
75 499398598
283 110371358
376 836282379
6 441968885
538 794663754
587 703833294
989 123824539
960 132400954
8 958309942
900 861119381
417 511726382
424 497846198
716 136979924
666 658688609
906 99515078
98 710304776
742 896083044
168 289253648
971 740808870
223 422277710
723 52052463
104 858632811
417 688113918
20 83648994
794 398357564
885 286396618
864 424647762
873 348898281
989 954335106
103 127327576
449 571400214
100 631557446
984 142863210
768 986715932
979 64307623
76 642542885
138 332286288
657 759829371
326 777157100
345 533566991
623 765971771
222 744074287
429 431402634
325 591622910
282 139373692
448 547122304
596 118829828
976 622686387
577 113472233
1000 169274774
398 363863375
879 736265186
80 704290709
69 153850767
712 278417699
855 247846607
932 628378037
6 814816947
648 39996755
267 504684826
356 549320798
565 52963494
116 832005105
313 95703740
287 183977946
545 770231323
215 258435398
241 944595574
803 650316574
518 24708351
109 802178991
333 957264222
200 924424832
390 515904508
912 322364019
930 77742381
180 807587048
758 647880907
168 45756655
323 1229844
440 502994732
298 62885609
148 405015456
463 528358005
70 698868424
558 494778493
979 857000173
874 8103660
686 690001513
546 236571519
593 745024413
727 856160476
269 662800139
130 569175803
89 410664425
93 286871995
641 508644725
697 755684644
449 300335713
32 424049684
90 655436349
644 912970704
981 683701600
968 459440788
185 77896437
902 58440538
395 228528029
562 995095284
393 393836811
952 607742671
113 510883556
248 493189886
156 587034031
701 595305906
2 308815960
869 690863744
130 705245119
976 701643243
391 536480307
304 72636937
61 245288344
531 77530226
291 539711048
595 642941505
949 605979516
117 8051261
142 726724287
30 648324328
830 224464916
243 216295237
881 720665367
560 787188367
47 389875030
69 801343430
63 698486596
396 901573896
980 863634225
212 548845879
100 493611753
120 410364591
541 358101008
556 715543746
549 25548638
944 894077370
802 47332068
615 176888226
826 140200477
946 409320932
635 77265078
718 989623203
471 467669538
257 310945209
332 644843339
10 97179308
276 78697207
518 753482523
645 620612311
15 57424260
677 493716945
689 405456273
888 728408790
89 216122903
413 347975630
77 88704513
925 121165796
741 759896023
551 180836553
984 423171217
115 911328797
522 80735287
892 755458449
180 892337350
622 636802743
125 639351279
192 185036580
39 985214026
225 777394642
543 142614432
260 56523404
111 750599947
309 179232937
563 204834425
966 429662676
396 104612258
137 64386387
561 2549787
21 914748517
761 950184733
91 818038824
671 125704176
323 172747933
958 618105723
535 378797453
610 851668397
380 371119534
663 372419391
918 490633491
657 418974191
76 801467673
126 93088827
440 48334141
983 177568332
844 954758665
151 599848577
785 84623188
778 94104348
591 730107612
201 835304608
30 207131751
985 407600567
780 652372177
583 448227402
317 94999971
126 126712137
472 497945315
208 754523060
399 892093722
632 17791133
261 608555835
307 68410978
713 11885972
838 2470289
780 343977781
515 627445709
230 35400767
600 266481896
334 976549484
162 295730643
571 431032268
6 914305088
334 69235714
91 492806501
300 266530730
772 495472055
197 22531301
392 658355462
312 198631663
765 891767356
281 763564121
118 839373396
723 452607977
554 409166629
428 774501790
419 793544666
580 340263664
400 606424072
819 821103734
820 13861423
231 979844226
2 47106012
683 935805060
286 616337
984 300796975
535 99555845
575 391620719
332 951336263
242 751069937
147 134969259
248 152226878
910 778244479
548 453835304
148 739046785
264 930328852
549 940277995
997 507514465
105 969516688
684 519147551
990 832202171
418 292025641
784 928934926
359 652874871
649 589780039
346 205630910
603 161633545
547 145419757
662 583779447
872 66278836
822 638202939
758 552401683
126 177642401
651 680804125
375 77197095
703 273541910
474 730564830
335 232126429
362 86396962
134 609389683
193 40985230
211 75328687
59 314419333
708 314839035
268 202017317
622 686122929
159 19991796
278 936071244
446 547363742
518 2414051
750 27383791
608 232266430
135 582295118
643 307064431
195 152857647
39 690389370
542 66003911
792 23936842
296 540763105
799 591566190
169 961179447
142 2985856
37 362190366
957 353781940
690 316329455
514 793649722
110 573427128
657 168380480
763 944942954
163 784548177
231 920566115
698 892688237
26 11693733
505 104498234
729 213815763
735 739177155
70 621400992
356 80851344
240 57637772
669 270855438
618 64663399
979 617018803
361 855572023
963 669235142
787 290770400
41 177267147
307 506531799
685 587726779
326 754218223
151 226330481
930 847091298
164 80799408
194 63743191
842 938609598
339 558150704
151 707413586
813 869442068
28 166814489
607 403719551
853 650753926
394 700564383
343 841173584
387 468491951
172 584374647
517 102353946
848 17065048
889 467904525
865 602753203
437 255183066
489 157263682
111 901661765
276 65296579
347 824672934
139 49986486
796 762136376
961 348941373
32 850531405
805 632086551
62 232543863
595 827398552
122 951203223
1000 60281831
511 535365232
370 590720754
812 430497811
717 288018042
940 408033826
851 60797370
768 266566612
938 149542833
755 632488978
171 202887
40 249678786
718 141204961
380 115587865
454 801000514
533 960865740
576 895180035
802 704720067
751 317801703
128 173412396
832 13844503
132 649745722
987 273513373
14 240511309
767 308413665
399 292638000
490 119577527
370 477283574
310 966513563
384 207089367
37 197978976
67 882469184
130 809402760
357 90361950
21 75813433
67 619248660
742 100973787
892 293685366
311 564141765
759 519660778
325 693372959
620 827086776
186 252334469
862 985435281
978 64472262
326 31719918
630 833527132
53 235449475
431 935602247
491 326753153
276 30978708
855 567347401
60 97402827
992 497172991
153 793935526
413 629267006
990 259228164
902 680696383
55 324725854
720 852773218
892 339633454
789 684153495
714 36626315
611 584067479
935 264264915
334 455233413
567 94333037
583 666818353
863 530190180
560 229277998
384 3258428
609 884642490
450 927848358
103 596844501
29 721542726
19 81332488
183 826230059
447 574023425
105 22003399
443 116344309
535 327817335
692 935425379
979 701460476
143 37003850
378 839288674
2 142324367
295 932128679
986 504250902
442 273415954
95 229604049
231 619578824
45 781701473
103 603472322
294 538037732
653 29825109
213 308578091
1000 201690345
140 313180724
628 554854222
32 812782532
588 75206915
664 131455750
396 864885656
255 991483295
651 299653661
746 110909342
942 140515614
300 729807188
593 602377531
734 117857243
177 130720900
966 107554614
661 64750974
177 932897772
615 647703717
279 247669387
435 356045474
161 865541641
750 6327458
912 782172588
916 958722781
489 118552191
494 112407033
454 90116912
439 598659075
222 239815044
648 558901588
597 39953157
196 967494469
979 58724726
853 808304746
787 522926320
789 652165655
294 78046592
888 179942236
296 539693422
876 601296378
658 246865956
518 203564763
965 436468660
199 869549819
588 871640557
771 425977969
114 803839527
806 456709004
504 43532084
500 681453571
886 969808114
525 512938528
480 915969519
601 150664442
448 561668121
226 248916987
235 377839646
173 660645277
242 38972726
848 967771445
566 651580600
274 977826309
107 319460184
643 6805174
613 150813686
930 46255619
806 777090743
973 118301347
685 703902056
483 697309163
736 488953265
93 112005973
512 66550456
289 122112657
361 731011676
874 520921364
581 36681568
175 687931668
234 5065862
874 606703894
115 589711870
206 46322065
256 88049836
817 479353983
910 420424952
641 161747564
10 173536550
575 37953337
321 183349932
52 688317212
899 894198419
572 11637089
828 477147675
582 690401071
105 184076082
146 452429297
168 629753163
588 294597901
248 620965217
650 339348056
958 496631419
358 400945437
710 480562254
543 53540779
199 417750305
434 248749648
766 72262585
911 870697857
295 128457315
935 774412671
344 832622815
126 540477486
797 696478616
119 369350751
906 236784505
973 116553575
223 978562422
957 180900485
583 30725073
928 486843326
736 178982368
306 167611630
498 165937709
143 453987428
69 266126778
332 597271352
211 799725516
502 655702021
7 713794970
142 752822825
118 157265934
256 823201768
728 628359298
371 58315790
475 655251813
877 341062459
70 21191443
254 749095394
786 94567421
146 424742958
326 72474351
227 219806760
445 62955175
102 12894926
113 685076997
701 918008988
161 111176241
137 793603236
835 291503518
713 576332379
199 792311929
274 417565494
184 632887691
598 626806863
902 755864051
929 870747504
502 519007095
272 249006952
265 89620978
384 646594732
538 315695954
699 105753836
661 39678200
629 461516225
146 920591544
820 33073430
153 221645801
310 890691143
720 866009932
86 515391424
317 20603365
163 309566423
380 802846485
391 279429981
747 377883421
235 393753238
524 591489465
392 10226678
902 329811483
664 100319481
771 403337054
553 60168683
841 57370861
241 343187297
751 74924192
176 93419773
730 664123667
225 452493457
530 37309556
423 605346304
107 351123751
975 226367471
68 541047919
971 759706081
261 735933702
224 408311333
343 914077586
221 275712959
598 694939006
978 39416127
141 349503253
760 822057048
537 206426163
289 923932106
987 916417511
137 475986447
987 501538727
948 198477571
211 471817078
724 264131410
840 967518223
810 89392598
991 325622813
951 859033361
103 120630145
913 570655483
535 644876960
510 24838902
920 671586085
594 952049222
170 858222421
93 575347929
78 133334848
66 154773540
306 836212730
606 978602685
470 998378873
845 57270232
302 414752194
612 485944164
447 60083895
573 988634873
88 611308721
386 660720483
456 964312896
246 487079021
332 747287483
663 333359592
714 423121019
980 495739403
394 215548138
608 257570699
286 669270304
187 983685951
998 476842321
523 423899681
431 930577147
325 316317429
383 507873569
800 981345125
991 906845889
747 914362567
623 340218019
136 105422467
999 458536522
167 346699031
36 479871837
146 656876666
126 564436192
176 113117084
808 655559692
372 892996770
21 471363603
882 610212271
996 502943007
185 99287684
64 916899087
797 277396010
185 278052610
680 248844327
476 374945331
143 694474918
349 952772976
450 301347887
670 111530664
581 273595190
527 298949728
478 119826575
659 398743220
751 420657533
675 980500150
244 10829163
929 318819319
190 82829595
59 544243167
390 447223321
604 557108739
802 198279826
623 43284457
145 577880765
5 961264318
787 42331040
642 387497615
997 993331935
121 335458619
679 67699749
826 518203976
494 739535635
593 52255519
194 12066030
696 960520363
442 33266959
499 440469077
166 287852957
545 588947266
896 508832693
933 530116601
707 329667494
376 111965400
508 318496818
917 526263646
994 93792767
581 426821237
594 550943138
264 85640001
310 661679537
28 624730998
519 10252662
141 67576053
395 166224008
413 338560918
497 245849556
226 186666828
816 449166744
567 618328869
965 660704063
443 727840603
223 84628826
497 256692137
941 449740274
949 891635745
284 2981200
139 974984220
751 660628030
926 271187033
744 60701942
15 990803418
183 189856852
579 807248698
634 464652726
386 788279796
910 168556710
675 739653117
783 597177801
774 154060240
280 451842039
264 859333317
267 709204391
886 447246253
358 878917042
492 20177328
573 385486090
265 961214233
571 891751312
677 331241923
132 914930463
930 465715636
618 13978787
278 584786656
506 570970023
346 978847675
508 801623162
388 404048498
562 9003453
460 629794579
795 946085275
894 595630179
438 227678211
104 198375615
883 918442364
793 799389630
280 706785748
487 553486667
551 27038164
586 798346281
933 536369894
724 37974482
901 380545317
690 205004762
539 487479320
170 113115382
660 919022822
627 556135515
753 183178989
696 691630201
984 830844666
541 999074803
158 109293130
636 244345497
952 58337263
444 752454461
919 617275036
650 399726906
471 164392723
232 365613842
479 195861366
90 860449143
960 761512701
40 713970237
817 664368957
584 836372625
636 334994190
951 703838391
20 938641557
750 573459095
553 33413273
246 233625926
525 790234847
17 349475948
251 449159481
960 405039500
377 462391913
820 55074513
270 927980936
631 75525157
990 216778529
330 475859225
579 984320581
804 694153338
750 530545243
252 104802964
722 161937186
676 568156541
13 550938770
801 36849393
302 985009980
723 736261435
742 406630914
780 628993842
540 572714331
83 314984159
596 824715610
644 990518554
993 520262452
473 997987677
208 345863695
194 533360652
94 549154000
679 685079618
837 993700815
586 193712418
190 589030054
623 972831076
193 91598513
625 744384661
190 794524571
596 81861002
380 476763018
996 281072504
682 39427710
666 85156805
55 664383405
910 819840876
291 574319951
447 678037140
204 448517124
536 524709638
719 19250459
597 155273243
247 23007699
467 829211723
664 31098300
382 314436032
742 347449628
45 198909886
660 543940624
819 797181126
9 726327813
144 123610644
444 541424445
46 22803672
444 270218539
556 8622853
22 203689765
485 923858951
262 84789583
731 620940994
60 414213284
117 422790463
739 753863753
986 354903706
4 644449750
749 59695543
958 510313693
759 937142059
937 324552019
586 128935604
861 530020333
10 177741135
792 74431656
338 854855319
641 811790711
236 792745813
303 164239793
135 206827324
437 560211299
918 940541979
465 231488053
300 606085987
183 921811306
13 594001254
685 226402929
319 94774940
681 544828031
711 249401041
437 630808542
709 765568438
834 14471249
17 182813149
655 564674562
326 946030763
610 762605682
304 365135609
755 406326943
789 331221710
355 844178566
702 793516427
619 423455757
279 990661754
459 416383127
709 171914217
817 277558694
859 478898773
83 330581494
563 710529592
958 465253144
637 48861112
233 875611246
278 818544664
767 876160310
161 97224319
130 321456060
637 252580447
838 701351472
51 725492541
133 338240161
905 372517874
560 997417520
409 936393662
341 280804141
410 306919423
604 674955946
907 495893390
992 450445916
133 596582123
342 386285869
403 716313744
564 668625393
436 216075534
876 190948973
355 195352041
36 411105396
841 628360598
342 56435853
511 181753600
363 730360310
447 146756188
276 965485989
684 612720196
35 303933443
589 235495469
210 236217990
821 984757132
78 593117856
329 903651873
454 933923693
534 314437691
466 822452673
103 985383142
734 87877010
921 157717560
499 134034192
912 504622666
641 304063243
641 534510437
846 926553185
706 775131345
599 968043203
894 52291446
364 312776307
390 302165201
627 5192587
562 467643988
732 203309593
401 368309239
856 397480956
293 120205855
650 619673931
283 544861733
222 435235688
120 547238778
372 544026168
724 226401892
14 225717720
222 360470656
707 119099846
329 667935544
902 171718148
890 798779877
633 502189887
494 69844799
423 982496966
526 85288681
365 971496021
880 701294489
552 418235452
969 599442946
145 504365401
991 565821326
307 516710578
900 750201332
616 317915953
719 586363530
231 683668202
794 836658370
614 904663553
124 665068722
980 996700994
76 999780851
745 650196131
705 441712465
20 377322424
662 739769410
553 991522832
68 51047740
708 180413244
67 144940883
625 346469526
909 234185729
278 733781536
365 74684876
620 442015235
772 314659145
880 487530022
685 604748337
48 947643399
203 992083111
135 751265606
476 260436942
214 647359105
370 730957096
570 954416403
402 917446925
672 133771204
519 215716912
370 598282025
464 136058619
446 162731594
231 9554513
763 120716903
47 885006249
939 44407692
549 840236737
645 378634272
321 404621769
468 725587249
453 242770540
44 842373606
471 425474540
431 938815046
16 935030728
818 175489207
727 282991629
374 22267095
649 91824771
795 768454535
29 208712558
915 509001506
650 560021990
41 881484218
635 274601546
507 550266807
181 463257876
982 339267884
529 695948620
908 292248706
485 805182838
434 205505718
905 870881945
814 115583123
987 743243071
673 314419475
585 214057513
584 150648306
53 58910424
903 903970693
231 81183221
752 287162774
922 866982007
493 204100677
739 902255688
72 747653825
264 528969527
235 828412428
257 555065898
203 656406434
816 559088728
427 596465
26 507263285
423 106247334
230 256647845
417 295738988
381 749940768
172 849214028
225 382193840
394 763523156
281 292765735
172 485349236
988 105426454
585 258439611
836 716956760
63 458989470
679 17578468
396 749629607
168 926448003
375 309824860
483 709753767
522 958857715
227 536472567
907 852562324
951 348322274
821 627066611
826 652996667
921 519776244
966 998843357
815 892523577
475 985503767
203 541760687
549 601177181
504 30634628
463 625895880
540 13963058
353 675260778
211 339202799
62 959430655
447 95545765
998 866701831
564 223502158
228 92090928
538 540898746
806 413586025
504 451247061
614 665815309
562 123950110
713 664650809
242 651602482
187 495805215
607 710703248
454 575706301
628 974149898
93 938771867
127 495885471
412 59425613
406 488360325
290 519866799
53 867297134
956 27162915
152 661487011
802 670818653
337 848549949
525 492845912
914 933265434
315 16126574
892 909878414
362 121917168
146 321558873
50 401436269
790 942839394
804 579919342
819 767001941
568 204782589
515 733644404
37 988863595
985 132284445
224 646492064
300 323561944
282 947175622
313 646409136
238 115217993
104 80018642
350 974106946
492 196998723
360 623732955
986 628570704
216 205627696
833 671765940
973 927398624
534 5755081
225 342874698
982 417081801
488 831829862
235 931190231
409 700646678
644 631311264
948 636571047
720 113168593
869 471452007
98 54716317
712 263202184
460 842918878
520 709911073
672 278753185
654 433374158
455 980178289
45 259873813
529 199049214
106 322634727
963 379668709
98 38813999
45 829989134
579 309078834
173 399923404
924 123530361
676 8321298
321 286474647
733 913699176
994 372829527
885 311568998
170 269738156
437 897769124
397 791404967
227 342307823
799 936004715
551 380917918
256 854311882
415 735954753
645 822637077
950 187858105
561 913774524
366 49904529
599 779507564
366 738232535
571 137281303
957 40177779
590 571041084
984 865307122
971 916433529
147 416480700
565 766698063
299 817482438
31 590003404
474 72591288
259 992102153
214 755982562
9 762331073
428 376296256
85 431203225
1000 980755879
326 68862898
161 618579371
920 541876765
197 245402148
803 618133066
244 190775014
241 394244317
263 548115170
19 825105264
877 884426649
53 395850926
215 516392889
800 927540195
642 426318059
691 720245805
404 824200478
577 852548992
732 74619443
530 73235914
114 301083956
585 326359744
584 299432236
942 47679626
267 167229089
843 621265805
539 243498148
447 728460922
566 510358704
787 769823324
40 644202197
357 236971049
85 373156591
440 902430347
756 155379092
894 183338274
20 94372809
530 195541710
596 639598975
497 9609976
330 562324912
4 305545263
767 155997531
555 394138429
312 371262062
345 981294908
137 534316524
977 21494231
487 296174477
647 897823840
635 709760559
40 90446093
29 41685044
974 44558729
867 996805001
240 679228987
634 272820896
539 60386237
555 695726842
189 36909913
14 859688106
231 495922423
70 314302240
879 573561385
386 476601866
246 598172349
868 537302151
183 678923219
406 763089417
774 735174428
2 340456526
430 835255968
239 211393897
152 960756370
245 276942647
66 491545422
898 249361418
240 388707991
60 383876688
199 576142094
337 95162785
965 721963496
528 414443709
335 142623131
355 407577462
437 822108498
273 536147963
134 956034301
501 735594810
587 594837132
933 393082547
981 139084393
532 902919966
538 425079069
840 121451060
566 160517965
688 157501119
807 768095474
863 15979179
312 851138915
789 194813537
732 68785852
830 777307261
274 202436536
207 396864526
800 24059365
450 441602459
736 493453020
547 167653200
574 221456843
488 638636786
238 552548824
107 322267826
845 46700815
688 953315047
333 63050170
34 973365596
382 186473424
448 32527595
503 932556425
665 584633614
315 577132734
927 224242517
103 79924636
142 831067020
329 308961080
796 773583454
306 37902013
213 495848741
363 384512146
237 17319347
10 870819059
110 361802493
780 447196503
297 310704027
241 28117682
816 88850790
842 20311842
131 685480059
938 668824780
916 54938028
955 67535761
953 369181580
193 980110204
280 796088180
404 781939154
812 674390083
782 296804420
403 971208167
632 834217618
294 648069302
896 178035703
368 842192425
807 107660775
342 458013355
955 410318633
420 489175994
163 155773102
53 211146107
407 353313332
203 456924730
987 713208174
844 489465550
453 201825611
39 991242121
325 237685117
633 212747754
719 576149416
201 762261490
469 408788492
174 710311223
760 357958278
288 291320342
347 918673607
831 623380925
127 96939569
962 51862928
42 237194540
734 324776345
235 134264691
851 30503698
316 514990532
777 60754862
771 947313731
237 832641874
384 494745148
574 583098010
519 676724868
244 273243420
36 786361748
303 26443857
654 987314591
950 77209639
923 884970229
805 63458198
206 599524018
909 572140721
726 33616299
621 355252619
830 579102609
678 225141281
336 852901240
12 318906685
276 523284818
967 135201312
477 737825693
560 76880495
989 746032650
40 14960113
54 554348422
63 213840535
499 566839811
272 83983399
827 203180000
880 707095990
397 727020148
703 26800830
569 372169749
558 282600405
457 23849353
947 895435433
199 605243205
81 18725300
503 758834764
520 497667086
264 144904356
161 64334317
55 631832661
991 102934110
546 510311140
431 922259166
803 139812390
123 150213145
349 253473383
826 328534151
934 185481813
644 497887900
537 824526282
833 859398357
768 29315620
983 745572562
705 105430994
745 648332812
152 152727380
261 619419232
633 115964534
683 835714245
83 249277476
820 218302961
366 363746352
824 850979730
674 532386005
637 741138238
761 738490126
613 30735161
595 206510844
234 390148742
974 812954776
193 794928006
945 379323556
394 764253349
163 822854149
755 554536242
93 131608579
461 881848
779 900107565
932 158871
610 749434932
719 261020069
901 743629299
554 995610473
963 10587623
977 687530755
568 145610483
656 856023106
45 509785065
540 886607831
877 676144181
686 74330099
542 750032898
954 529508818
887 140453647
863 315181514
786 52005885
144 768867645
873 855010202
666 741441247
953 25495887
414 283760258
574 503784429
712 645685450
326 437934171
817 441632455
156 650550963
26 605086788
204 6178259
502 124069412
437 655857049
592 210244905
691 100446708
776 710647852
84 880070798
649 972842913
795 119082547
349 833744844
650 407738211
906 484116597
311 390454043
371 993169853
668 533504241
852 216558126
648 929447701
499 126690697
689 132491295
901 916680137
132 998144706
53 319448898
967 4360754
681 452046371
553 673931565
851 491784948
737 238509776
576 417910580
411 308959481
502 67226173
476 218506123
501 247301263
780 300715220
924 932274921
524 696620235
664 906262566
658 467363215
806 793756766
227 284231323
197 767657966
191 371140890
245 632272612
266 345071374
66 617365651
272 446904035
857 593040819
413 309689711
691 869041798
81 402834223
517 464134992
78 121480790
568 488610964
109 592926613
244 30670064
310 407618364
373 605161003
115 728982013
625 848719042
87 748848495
69 64468188
961 868712697
503 493069290
472 177436755
963 618477209
711 190736813
453 72661030
274 955862746
965 810230817
585 188869489
553 226546849
483 919689664
552 388032568
9 550983016
710 81891107
422 768969631
90 882630211
554 510273963
413 534960923
824 780587567
219 622640582
327 71148608
536 161476261
801 450045179
112 880801862
14 545892621
248 439632366
672 42492091
838 425323853
65 306774937
981 440401400
415 699774391
794 269959933
227 608038725
784 572508295
104 756459776
150 62317875
580 943351590
776 266884402
245 437433063
230 219148567
946 113018850
405 175713546
154 992860130
43 935736995
823 301445976
619 434654998
265 90822123
660 373418600
961 493612967
416 327855770
187 751862695
392 348674136
385 357573735
618 19399101
138 240968957
252 320585911
17 970329084
76 621454501
239 648964911
140 537237629
528 914696918
382 891401359
899 237667330
279 937227771
419 554896796
333 415687845
235 480259031
946 36296260
454 660732056
569 432775193
46 396834779
687 778776841
32 262556208
549 854517677
852 937420831
392 436814404
502 730741808
747 864925438
440 49991849
615 521080802
843 298386746
615 245705349
344 895734228
78 247490119
572 805065236
279 565730676
132 172834323
924 208263558
34 96314739
524 575493541
326 607440012
153 895889595
8 46130176
806 682244757
81 661536491
605 722564496
245 866862771
490 708752874
266 419006143
69 166777792
744 313071067
859 470598957
147 388619444
38 200117682
83 555376879
25 535829109
279 762189715
794 140902844
758 540917512
858 796906730
713 332735613
350 815020067
357 386931857
306 357011872
614 554985397
667 230802355
633 180338350
779 42454932
437 859973978
660 990287643
745 988773358
875 44130321
272 191323507
546 998391552
108 558229108
953 897984671
870 880057780
217 759616328
881 926846687
805 924503615
422 390412614
454 111955180
309 639473607
632 805416021
758 455511268
681 432390963
233 345353303
332 298275623
295 107001333
781 473731550
989 559706750
379 940895960
779 558955121
358 207615701
404 790353392
38 75438569
14 88657446
835 339957278
49 473164118
285 686067027
933 125801002
888 769479415
347 171455607
814 254620078
857 325697021
815 604510373
196 393125110
115 519651673
583 31562331
334 627342811
406 88391310
325 877197531
115 131133783
46 678763737
441 367452752
317 116484126
656 208032378
3 298472542
404 139212157
347 640306545
13 13473734
705 541458256
247 376108169
268 991877401
616 527797988
19 435160565
283 445024159
427 170663619
913 503524939
335 612723078
295 501298848
474 17220136
798 322922637
346 885490350
755 131250176
24 813423844
465 154006037
731 594246014
138 222255416
443 210847055
631 539449010
115 270066426
417 293803306
812 633709268
448 941768127
876 793092511
360 481441040
598 712939589
577 914400161
630 998016923
653 837328353
64 670493916
275 37519453
186 879114401
84 787446187
638 135573911
743 2027139
268 996573121
532 717208014
359 718229600
176 510360362
513 372428707
767 772663187
389 283399880
327 395741461
794 570216669
948 454550760
444 812259805
927 906245732
514 217893595
743 152904227
646 197621388
220 574027652
234 454050778
482 681842890
313 313710674
117 965435463
268 854684772
240 6152659
786 925056875
70 524263930
517 622303070
915 411339099
380 146685218
605 866986792
490 80953178
303 131054053
678 145728289
939 171051655
480 766496963
888 282338982
628 427077003
983 733220439
516 648024792
672 163894665
307 551696957
633 554347646
775 56379305
202 754739535
381 124772672
204 634780641
527 16277881
749 582913849
580 396258707
251 270486338
192 338880583
579 303932085
836 33680139
360 565042507
342 240492915
526 811548066
890 231591094
930 144866758
858 424118064
988 107635792
751 10131630
28 430538146
477 936516709
111 989941149
400 282103258
142 256924255
719 68877451
163 787100122
887 794140168
913 374440505
404 758596219
27 33786301
690 650857724
485 882305181
657 95935330
260 422477708
454 127039103
186 913442085
758 573001880
239 368894733
361 507845258
524 53672113
996 242100545
776 14168727
920 612222655
852 910909883
30 35676342
464 838427382
920 745059817
106 778531993
696 768607985
340 635818147
445 541177138
382 1874907
132 257170056
984 736359684
329 238716088
862 450347570
461 544279149
45 841609176
613 56632200
567 289317934
310 822947052
180 102427748
588 74069083
971 926337191
983 974093757
80 515067207
189 330408296
311 944876832
390 178972991
310 392022154
208 676422390
328 66817175
301 879340574
229 275956368
171 581413202
20 263398815
482 716558988
853 353622576
391 630439879
82 107262734
698 118654538
111 34376876
218 88808410
295 203185189
702 739832151
803 588581650
740 411668246
679 722970956
835 543384456
492 564058873
635 743007557
84 924449315
962 902521202
96 424622923
913 775263120
529 72520668
101 565614756
580 30180931
187 981935994
655 608296369
489 404764821
939 585199186
707 180302831
381 847684486
449 302278752
366 536440194
433 856617786
195 277541104
798 16428020
448 69701269
270 653779710
718 118021596
881 516200130
904 728887889
138 553493260
915 960471640
274 214403555
213 847679852
675 687077143
317 37210289
358 418705113
943 552541581
325 495877322
965 861013509
821 149432376
927 53817448
977 747611849
261 15210178
649 368044011
272 314132074
461 426888440
852 389739793
712 692768487
587 20629864
496 50757465
982 488041936
513 680510531
204 709905682
544 430669137
703 508620657
905 74618113
670 748354202
840 617974878
761 835812978
400 507913404
716 11017527
120 284300236
913 455309836
481 604745307
861 746130436
302 467585055
429 940253053
78 346138481
712 390789139
704 92577523
145 336298432
780 935516270
764 434756216
784 73299247
348 767249362
322 658073803
304 34188862
366 205416881
868 963601728
612 44518037
3 436373850
742 659753866
585 542331726
786 455791368
68 452068208
288 955348561
234 330788596
564 150036416
69 237534670
265 802774348
318 244796838
406 320618663
894 92649410
20 996796084
29 255829172
603 917786487
203 47256474
583 730378675
797 894290510
877 380454224
387 836205960
319 881612786
842 866538148
889 297723647
437 599149746
560 763172450
164 96209698
526 874413931
459 460321553
307 410064797
662 843438101
396 517999795
602 629027046
786 672312032
452 355744228
90 366193762
270 42184638
467 538683797
97 356358528
769 200603507
345 888166828
384 712870085
632 460272127
97 137158103
317 651923028
951 896401474
827 382754477
390 658148754
723 795300889
4 819678367
785 414518482
833 162748362
3 795526877
915 179797424
1000 2443290
361 509160528
482 423624168
992 724589103
347 978392637
484 462959884
634 891379336
827 545383962
792 107882338
659 258199374
433 193807947
975 35067218
896 807026499
259 988757103
793 318917525
526 243303356
437 635761149
415 701836196
389 848239743
992 898486806
419 884252458
637 42556077
923 106671981
424 529639469
14 160253405
592 526463691
445 560214228
898 529342204
585 60924413
538 170400302
762 769542731
296 130509074
290 22161126
249 656796611
84 601102820
421 426195047
755 160324278
284 962306321
441 548106027
903 986808585
274 270424818
724 489156040
582 789227931
869 415731719
575 113645587
875 313987380
377 9462984
99 556838649
612 519881973
755 769366048
192 76046288
177 706653004
98 870993678
947 912980914
223 685455969
23 68270067
980 309032511
356 506747561
107 689093598
327 512979892
23 353568240
100 120935324
84 648628534
420 479411151
165 478356757
510 72632376
532 186021030
440 791674751
153 40186595
421 791805749
252 852211228
263 508085125
113 140193853
763 309089326
626 192725464
214 134149341
947 869829892
12 706937021
334 212298225
966 25550037
474 939959673
485 299008237
480 872461772
397 564114150
864 773749193
656 502130190
857 776423904
694 576268808
894 816513964
39 744978355
224 656997973
442 392911457
70 125769950
405 261184228
716 983640219
62 22814171
702 270580103
646 157223383
9 684853828
323 581622592
104 203620017
701 2652922
810 88915284
468 695398522
366 581859989
847 508462002
523 210294849
574 634283208
492 508248922
703 55896045
48 268974231
504 887445594
140 142801295
996 638495265
321 370846413
637 947439384
66 527825622
672 810695819
364 349774999
29 538109787
279 933885539
466 384289225
992 425395586
419 595602008
497 44350768
28 986788984
677 275833548
303 159570720
932 205194666
418 673147002
842 27890515
616 402894802
834 824983634
466 10759131
74 221459927
335 503866433
387 249981845
208 77148877
914 403119728
777 811737653
897 919434372
481 365114766
76 27388464
163 94223335
636 346001177
860 701271322
26 844297924
280 570951081
649 304368207
689 9847069
457 451598313
713 64957128
367 463763186
104 521852512
419 945191626
346 837135368
703 56944745
917 758243589
698 225775112
13 268348828
15 614032055
755 781046249
363 66521889
220 305297487
556 355724331
293 478429841
850 733431681
148 156474862
84 531474659
159 212608444
209 997120088
682 908338321
595 942874330
913 300376795
188 480678302
650 403365277
227 342262313
751 914456080
754 841758423
567 241161800
349 624839016
41 826558923
710 76786222
752 164184061
66 498866213
957 509764611
48 868875216
966 182655956
597 952227524
325 678612882
778 81772278
541 834492466
957 18938875
116 4561122
159 931298904
429 444569803
970 206591930
706 707532667
472 710644042
421 948756843
200 318368634
165 440717897
449 787026474
17 288651538
810 273475880
387 785347556
14 944638084
380 354675128
388 817875764
413 530785506
900 939934897
252 751522174
746 92003417
172 533644124
346 560270426
869 874266882
270 386131627
449 317187823
560 424567878
531 854269841
212 368501866
182 406544806
958 797522518
31 615882239
209 19455321
513 357898172
533 987200776
896 724346354
392 136944259
815 434798689
54 800897881
197 150308390
994 343512359
730 938536205
717 659328985
510 332047305
223 715763462
370 342553563
879 584727114
388 521617369
400 94478961
864 226371677
177 483566009
201 116224312
534 437324918
83 888224038
171 717499287
435 442980420
34 369086971
499 155703244
474 692511336
28 862234041
358 320453582
514 403463845
613 89638744
370 252740602
782 634347364
627 965749146
955 215457971
166 467847537
793 440681103
955 213566247
71 58242212
272 595677790
234 466677190
575 750477115
487 630293581
584 718587400
499 984090154
219 409370172
720 54427864
993 844659275
108 649504510
530 952309660
812 242264970
728 230668236
486 788918093
784 545565543
266 746646058
43 579473218
187 824467907
398 893663294
969 670444648
948 151061870
88 542391062
197 297301197
903 301506192
820 303842128
397 581700797
246 16191373
398 430492570
57 598954462
403 869009636
85 847263929
240 416931040
91 739096617
227 71553347
152 586959873
680 908844636
939 397759153
874 428034824
780 141490983
451 63928675
526 681753195
609 298241338
495 446853693
918 860766095
834 525984259
888 57944009
97 675053818
87 798914453
268 135780117
530 566936381
658 234011489
669 14023781
407 467917215
84 653378582
930 655929799
669 456030279
906 485269013
650 340969072
89 784155241
208 508342660
21 247419297
721 153152364
364 449805655
95 46526413
794 12162309
282 482268400
621 347210453
716 606687345
654 978715688
859 762090199
423 894962591
815 483948005
765 920630508
12 544984591
463 33564221
524 19700792
984 330189881
111 318544806
575 31732793
536 454982402
286 167179298
937 176624637
489 177316955
150 130956435
31 724460121
77 405819888
747 970721562
787 361549089
89 14120711
476 787381123
471 741101590
92 14304547
566 47626946
508 285301833
422 141757533
63 737557333
585 454391897
426 175143218
587 82323984
966 88470824
572 82682543
572 212549907
34 367551274
88 902384631
107 483548865
565 936179442
362 227168527
509 239787707
776 884214287
632 785140498
155 639062746
567 790793867
715 305718311
552 910113469
990 442172916
856 336074287
244 371116079
526 967932248
628 92427848
594 511446493
864 950904377
107 44182746
955 56506265
768 425370087
735 419379795
647 934750737
123 470765457
533 478224997
869 730471527
487 68329845
589 482912052
72 403206547
58 767131844
580 91538379
803 973409065
899 791578660
204 166926958
794 796986847
900 662026427
433 932527645
16 172571290
633 682795894
644 985777751
83 519667237
403 987389946
89 731611383
387 805063459
450 528464188
49 454057754
477 986675614
51 332998483
184 951739965
620 339857508
532 903032203
946 888442833
318 900165995
504 27208332
758 772563666
898 772567028
768 709020959
341 490367734
164 819996290
592 584550004
511 256791137
220 967340040
970 523818417
415 63376826
468 130958644
857 794543886
579 745425999
1000 285336262
572 676151737
393 448488838
681 626544498
100 535224195
10 98163039
893 58994308
193 690835631
864 315535355
697 455282560
37 423617786
175 263891051
105 932049797
396 581980556
534 758650412
337 361597129
585 175917278
868 973517091
186 310125677
853 286304057
82 436449711
561 922788488
756 954641192
375 302236244
369 69703667
731 392233181
823 139797274
202 451839498
927 349263706
795 785818169
94 788795479
730 889127119
745 902820385
512 735522865
37 140721801
608 960060051
571 273791473
752 97889715
631 273597222
711 500444359
760 743649236
955 412604938
902 421276748
343 348761534
833 99818692
635 63783243
634 545946504
173 246945530
195 177695540
651 632445794
269 853726265
754 830795589
739 968221016
26 886283433
917 545020215
363 823464756
841 917265052
642 764097009
652 53703630
278 104884049
545 786768275
90 448938048
914 261852619
570 693111573
167 534402816
209 846365076
966 125977394
366 638100916
61 810615696
234 473116338
982 953391202
636 474462121
103 48818168
117 836078860
591 56559077
272 939324567
259 914948457
536 231553693
96 907622149
721 480845844
181 626920649
414 686724528
520 613799309
510 598517812
