86 271366500
654 399759497
713 52838193
447 78816364
719 408122126
215 602724166
239 998831805
177 356029335
468 105280610
929 822069736
214 102178632
385 534239271
222 99981635
680 263791254
65 177537100
285 960681361
150 722212942
351 59541632
690 268698369
657 291920998
668 836371128
372 523824896
969 416964208
679 407003588
659 14080081
340 528185054
370 17486641
338 170066971
304 432821028
11 470964931
406 270114036
669 250327036
936 348350755
148 183408072
994 254439404
698 898991384
781 453384930
264 867546819
847 54291059
56 786447595
826 293802836
441 424405939
711 54164364
802 957314028
463 163743795
287 323855042
11 383102999
276 256567664
505 67901415
521 20548486
535 34824244
687 243234093
102 866019891
547 482818645
440 369193892
286 481790165
356 402803120
299 581987635
383 93662725
989 45833947
208 201858916
385 293474971
178 794059135
452 175704073
71 869450515
867 380910975
621 871150199
396 680621561
189 495698950
423 594708441
676 416428671
661 650125497
839 913100109
623 74142856
646 791571180
176 965895499
763 107886471
697 87221936
687 157504003
609 972850144
865 293176124
566 905562389
846 38832841
707 206592292
930 884357750
415 777962836
2 514029193
942 779409309
836 211295868
526 848716568
772 247345332
872 887245388
122 327382513
636 367456099
655 668337849
399 427057559
727 137570320
555 335771194
676 388587106
223 910949858
213 924816779
825 175419579
696 488999542
82 928583425
128 784356401
48 812131880
371 377423063
294 935395768
626 365589814
814 666308973
499 724576913
828 611315881
964 253907849
147 824607428
735 945428046
214 41565896
294 47306662
479 468699226
694 647459313
2 471196548
554 513149754
105 937188957
521 612083691
453 316430127
226 15979830
621 58932372
15 295524443
659 233646049
332 650456865
26 244127718
704 697637255
8 964155828
272 86893697
140 518190364
778 272096790
447 412659653
249 24795911
842 618335286
443 828178828
292 66920867
854 215837215
393 847009931
371 287204221
774 95345098
478 826695726
894 159969817
602 370550674
364 113643674
900 104715086
187 155403650
360 838323406
15 232409811
538 624389567
88 841581761
657 413634360
29 191379850
252 352554396
327 966346029
270 505929928
244 470062830
73 475068908
288 802964181
705 702074665
272 171354428
424 551259430
588 837446921
752 450936323
981 708401437
933 891473200
227 969050235
605 688393499
947 85121237
463 103150052
256 65098896
836 729736575
921 5733230
131 844210278
523 494321077
622 807092639
792 204074650
77 755473647
654 131361298
868 849497436
926 84685919
71 13894324
752 978709772
12 970716894
352 911968428
203 880165648
339 744230590
284 43948406
815 432513147
43 91486180
304 670606816
530 623567545
568 346825039
322 669521217
627 587991466
328 899873921
719 968004767
508 68501346
918 186998128
808 309307832
620 164578972
35 43880635
451 471642527
558 709039564
757 492329937
364 39345781
778 191667615
248 881499050
696 616977005
279 230283114
648 582662441
241 143064404
792 747167796
116 143209663
163 259396645
178 450460751
385 786383328
595 873649503
143 98868478
840 403523608
622 846556897
290 93257132
760 872294975
509 921144290
916 593457168
971 97646423
620 666911221
628 371304973
449 879001078
351 825968355
18 648523457
938 789079579
344 53557216
217 13850891
718 215372853
210 113998612
788 767978338
716 423245291
760 902266856
362 187834801
171 147949883
958 375601279
331 585075516
589 172667163
988 105993366
795 11243908
794 135526152
673 579035778
814 60593726
376 78972677
880 730297921
183 49253610
595 412682286
853 228289409
282 967890939
464 190943472
674 519606487
386 10352727
443 741244244
749 297761852
626 460711615
834 179679959
815 817149303
42 931339329
507 335959528
326 59667553
955 472960024
172 938662571
584 863541273
420 44569054
954 681035887
871 66877037
936 716382146
481 482751786
403 327712720
469 719795198
569 560476906
558 117905469
798 883228665
989 630169583
464 221022056
720 809805400
47 305784483
342 164626808
645 5223642
411 265803688
827 19024561
4 38045244
217 706251192
640 26921026
791 640661895
967 912577811
209 90573203
994 691491240
776 83790656
938 786725617
587 740431936
748 873395464
149 92713506
6 685650543
333 300830088
639 821270884
692 176268830
221 625965319
588 107224259
77 298186730
230 971053935
916 112360539
521 663513778
432 75891790
430 418384924
284 63877806
432 261393891
530 140270693
106 90002256
443 497234964
812 755929047
902 794333304
565 282001747
961 113577761
481 996847240
560 142206353
830 286745574
290 210756859
472 737800627
418 215950808
906 947238527
844 62174614
104 618393494
474 455109954
382 116994025
653 769256705
104 642189682
932 317153360
294 613355855
661 688060923
476 416331476
385 46725836
478 840276766
315 489052625
947 241480324
342 91131898
193 807358091
807 727292312
330 705907067
933 489217945
222 870257343
314 29138685
995 374307379
314 544740462
737 628373565
865 305887855
658 860918177
223 106366855
23 800546674
344 167573306
274 49559560
759 940785201
157 572104273
170 2266878
407 433484987
26 412943743
692 839285637
49 258451953
364 102959603
113 549243093
615 891579582
866 954755649
324 615583039
961 791365854
112 101335088
423 723300641
458 30092806
818 891131480
710 769410958
839 853576049
515 658172878
543 852518246
445 514482158
460 809917040
458 45226648
157 521944941
457 153878808
556 99701126
244 265776518
534 273063609
730 912582653
989 446206955
322 406951036
176 339323931
209 746861226
832 541750242
709 789732354
433 740795950
419 564260529
92 420599580
893 960235934
616 833837995
557 732453532
115 700020781
360 991484187
502 11989069
671 359840655
102 809659073
552 905183928
499 57052361
194 803771862
873 931004953
433 165345905
204 926151359
715 123888856
663 791414855
303 138906421
413 400003620
670 500583415
126 998486903
359 525873420
254 685315770
201 804175902
704 507146217
470 984399968
706 532503726
2 225651972
627 206301073
621 233401201
103 566586229
114 352359580
719 126613633
810 501631998
646 28123240
629 128255130
502 253863158
916 632131436
220 948204573
312 104578485
309 887567943
55 695148792
229 138325109
140 337641141
360 875343612
573 852062786
767 82864388
535 262851718
61 868429543
946 114768872
471 815203919
734 429375603
554 807372861
791 736071509
739 448958695
231 520294703
615 481612601
357 185671429
542 787578811
275 690852960
907 213893762
889 343905686
217 161793555
491 364132605
407 561678598
428 509635194
694 973620677
626 736655803
655 38924067
579 489893567
40 491228331
619 285613483
276 755966911
342 411038146
689 808206710
675 581043422
287 170413675
652 329751302
403 937909065
246 352679450
511 667624971
201 578080128
539 873249365
592 82037900
886 986378578
384 906069690
201 988922715
344 826088665
981 169533226
858 212932098
418 9978615
80 473597993
831 5586552
474 79045085
36 416389839
215 917725205
631 264725723
821 735995348
493 342695252
199 977631123
616 158223181
178 151952912
927 474802651
269 110360068
231 114014551
542 277841978
407 514198329
754 854506950
694 924850725
69 565738278
560 66030221
529 474474586
67 229615874
841 994765931
106 609708249
892 43897922
999 801019945
148 211666094
790 781688822
801 11808243
185 536492522
206 91505156
185 801748928
135 364241911
14 281369226
668 963441491
9 13310611
304 708184483
446 54697326
474 189898631
9 360475170
274 164648747
516 591906212
658 964260436
448 472680782
520 207019269
914 47199915
38 901181751
534 518672261
712 111309340
332 2923036
598 514345760
644 312575998
518 456566829
632 216688057
621 578014643
610 995626270
83 391000023
581 996542274
864 101919223
525 939296777
195 980508533
359 473862535
447 26881618
474 231430525
643 378718364
208 439079977
575 131446895
610 807443283
832 67034425
360 576927918
14 540654748
2 505430988
600 63518146
796 517194474
832 911676240
328 241115988
332 605188650
546 514089390
665 166456415
276 988666471
992 174706045
895 577413642
70 260731959
860 987410269
766 662385966
560 299399052
173 155135965
640 497989357
231 746594859
87 431562211
553 52604464
557 838431037
996 252460705
806 565009610
184 403889544
750 173849029
833 43381735
798 4405975
818 32549043
770 852767557
52 532643467
512 112584561
795 875557874
259 294834564
305 894888194
75 447817694
840 504309216
730 745591237
615 963385392
422 273709406
283 287599397
337 186889216
682 805638079
694 52069719
8 463650865
668 542810362
405 856140260
846 302183728
437 416560659
240 529694941
169 439093775
696 42113292
107 783518150
865 494067894
995 524021113
648 309968171
219 305933609
787 119312043
886 94714945
651 383206399
553 862153830
905 798215540
663 863601490
513 228592613
120 502995434
796 234453650
420 166281291
513 78969240
224 935553140
255 559060129
170 176946683
96 646585842
570 76676920
441 574394428
374 837350900
819 203436117
780 286299107
260 605898946
737 419007825
566 106338210
763 457859732
948 917196436
253 39887033
775 796968786
644 707777097
994 799100001
744 957315299
543 560016225
696 204278159
79 21175844
426 54129886
179 56456918
466 255765536
31 908450159
124 777840975
181 403010980
758 389368502
182 128927860
995 737605957
89 815415474
329 863310316
276 551604033
908 516926851
190 904938453
906 692265715
51 500689101
596 917553356
785 485939524
904 339953206
544 695262569
326 674391993
286 806134613
112 17920174
379 289582691
873 4439768
191 743749998
985 25309750
879 177950293
681 20026966
56 773666319
467 777658099
961 588581029
971 498275258
445 285246479
652 425180607
983 301694690
577 56223178
340 613197350
746 835274482
513 835473438
819 776510259
546 17211162
803 568225217
831 43794509
906 260661603
737 530022196
793 295636507
266 73431971
155 685127079
166 221162970
644 360084607
11 608854538
288 82661161
571 198274799
261 674382047
534 215918335
981 441211675
408 787654545
642 29191724
855 765478797
723 777841063
677 491029129
826 165064525
217 705330503
70 179464401
734 358674811
736 237621074
658 642540788
579 687175707
234 212246958
165 439113689
218 436989152
787 656444118
793 279933865
164 510049790
635 61265935
763 832076332
532 185975520
392 770126116
636 353543455
732 178655667
905 593611846
938 512006971
592 29121970
954 706982509
326 641687148
572 864406389
629 472572
127 752311674
973 271831614
701 133121835
268 8941184
55 217067174
291 474919947
228 801977210
724 740082014
335 356696589
634 762940901
861 291699322
153 918659089
451 931404125
995 599070351
522 402426129
798 932040546
376 333489223
366 638536728
528 266284962
519 969816039
503 41249090
872 311954577
495 718163781
22 595439744
654 929069833
679 296492053
587 833191720
217 478253881
197 455188689
151 317592062
612 378708871
648 108616322
657 57616894
807 710340299
436 73270840
984 491756212
442 928017760
945 90869498
208 110174284
332 347797308
445 913776368
497 243221110
677 244447554
486 224424715
875 912257937
947 124705748
792 149683518
130 330523162
378 416405942
144 836217918
778 318786009
792 695548971
556 999222661
646 482770502
264 619656503
681 746224731
663 821438181
560 502787314
862 997952042
246 596219070
298 538834390
811 237890175
19 945946666
604 315771230
581 329524967
798 638081488
917 259757442
501 393954877
256 909453195
940 481840287
947 857471240
970 247005282
316 564792014
975 196552574
200 241613462
424 809800938
145 474124234
583 97566575
42 14051097
804 63152815
256 878658640
329 672563115
49 146279426
329 905370503
974 890531096
469 375569873
320 422351179
130 386595404
150 748341708
92 97923481
866 210494983
171 28759298
961 550857316
336 437711306
881 78375875
228 518156192
896 876958815
747 756109300
512 410559698
775 236191043
415 396189710
878 887311257
399 301318873
246 172253131
230 830676253
180 552713311
136 872363597
773 12877287
790 823782159
434 818977503
832 609097864
309 703571040
457 455760206
70 493827923
729 124844534
899 888054014
629 617528465
937 452232981
930 688986960
682 670493499
740 209457560
630 326985592
501 130357640
739 949629887
858 355041171
491 715326069
437 970114204
373 965231836
948 59080310
409 644701619
977 95038401
743 300540447
218 977064740
103 100892728
837 603120990
289 15712463
158 351414332
140 489180273
131 244147900
223 601591021
914 167872697
46 133252824
846 16094635
715 479340470
753 748347
581 394809724
724 787509416
195 141600833
498 978815822
528 73997694
119 582309248
100 67794261
957 892160373
34 286478983
833 660700049
614 743556733
61 38179741
701 466772042
806 529254057
93 50631717
716 137590885
424 463640564
633 195534510
65 484819884
321 406274771
359 622877830
495 679290199
258 609437041
841 828190209
337 544787765
901 321902965
676 617468310
921 601805684
847 803992092
208 591244693
122 951999677
99 772938215
621 960206747
950 418466265
831 398006229
689 64129248
887 938889659
528 118866648
821 65690965
263 688992042
529 133071487
666 729298613
513 966150715
224 137521819
208 917026125
448 916337102
393 268301512
141 543291711
232 550100122
387 655338787
131 130447304
798 240739859
142 225692854
193 192377126
737 381646306
136 470200190
339 98298784
646 373513807
476 29449483
232 837773073
873 564846991
164 794142977
209 15871614
331 179462812
678 329586373
418 677727175
387 801138736
723 296985677
851 724743153
846 681878280
438 576395999
764 166933979
861 780820249
739 54105904
342 456019272
358 836524126
489 563575523
337 604273607
285 89022543
775 41200315
865 836763754
78 447911867
801 165997903
288 583531201
570 56702307
104 687406944
503 78792818
32 182608756
287 288877713
709 884497792
71 380521907
800 119136018
752 815294771
496 293632455
794 412502633
886 478365482
479 915514379
267 916813179
846 516477251
120 68387986
356 478993138
937 392943169
171 679090956
688 644821110
230 197053115
679 361904691
647 230027184
977 581678480
795 438124619
31 264935422
573 471800197
754 360633027
525 99506244
438 699952924
147 507545915
364 676250099
178 545583677
487 256829683
159 926275291
395 125595763
565 890306730
973 71243004
861 358274887
764 393468021
631 402457518
804 587652944
574 555387972
596 445047705
77 18460581
71 131544506
597 956429588
682 707042920
347 201411779
219 966322397
559 19942849
399 529855415
19 697458512
546 126232083
739 159496509
317 612291908
843 593304711
369 815744156
550 85107735
368 643217539
774 395123059
895 73582492
660 113354854
838 96970850
995 264919493
709 311876929
329 888077474
536 352335363
458 306407941
668 221933441
434 27529256
754 132182929
273 418097796
132 262885243
754 448268998
986 642347050
160 970645093
84 299738480
379 51488339
714 667807922
313 513394872
418 947604352
354 657046400
652 940885803
307 906081008
239 440640514
944 830798332
488 556232456
778 52309400
365 696867465
348 93872395
744 622229931
265 246786629
152 691421372
959 35370687
328 36144334
302 49331717
548 17527883
548 95346079
475 319602119
971 201504912
123 911528118
456 13661757
78 229720966
854 69697711
37 596829384
284 740693830
810 192179154
967 813302805
933 719486214
30 406004911
822 79200248
731 129698801
51 56792702
552 46899880
965 61821717
920 961496055
688 412580699
237 829066519
604 875138972
652 491994959
522 59762786
64 500624485
396 960379826
993 191896688
588 914523056
179 573105377
79 424931461
28 647309233
802 60502055
728 58314712
393 89611264
865 576204399
680 939580920
407 143878513
500 955833295
424 573243408
199 495370015
600 183710963
256 569104135
457 892781775
404 100303240
49 895371683
884 48421963
771 955434687
778 541769520
385 329053784
33 434228100
363 768688158
661 751337375
208 980954743
666 349541808
288 618224660
389 755830452
273 862576092
454 120042223
165 657670003
259 712475480
647 43260430
130 593397563
778 989783492
262 187565563
53 210218126
513 280642117
633 298582724
574 789040272
301 289399764
639 816157647
620 12654077
703 823173615
790 824541455
886 68914434
639 61291234
402 347823567
235 22823120
170 585692065
49 638752398
52 887138695
167 128626599
741 886019050
464 782571921
940 183883315
553 731381059
549 140382295
318 242880782
923 260847484
653 189128769
859 36887866
170 830449703
453 797732961
533 469952526
116 722998768
24 102345272
107 515674037
972 83494191
849 34329244
841 212796498
14 442103341
314 890962456
167 119286500
61 784561246
784 65206102
413 104374520
537 104609788
292 282706632
616 143202933
934 134076058
772 241108446
53 480638516
889 214955727
714 328544189
478 993617235
671 347616116
719 636218512
829 812941062
273 989862408
688 534137374
500 32777436
910 928666827
402 741982263
528 538631351
7 739052539
720 237713231
790 917293947
32 301074617
894 399927850
645 730553921
521 348668533
500 344201427
857 413056117
790 609646810
980 9909664
777 789304896
470 998828777
464 129544457
998 730117616
734 629216152
254 928513947
670 264495079
186 431108911
55 882168787
485 613372819
834 972246089
261 757219874
135 781699157
127 225824327
328 36158918
948 794728187
853 917721373
912 741252056
461 381217925
609 406660710
155 273100452
871 442428197
865 546731643
598 650264983
449 225726967
295 511422174
293 235510698
397 231962482
372 191519127
682 757396329
687 856314581
253 459961360
679 987974186
798 952815194
470 274795965
57 916474994
827 286947334
598 938409779
247 96548520
389 684412293
112 427805844
881 18938957
669 692695069
264 92300274
480 347188461
9 491279695
506 944783987
467 982260397
908 594235346
691 105933413
18 796319674
290 820102422
556 965887164
366 908685582
745 232367240
814 131503942
939 423324718
509 744647736
82 299050812
605 757842334
111 806626278
611 1317329
387 755827467
333 77469864
917 788888090
598 558624504
757 4541450
964 798240191
744 871497369
472 624592989
523 564335001
725 725098329
630 412335323
203 364558467
827 444714237
35 784819057
68 826188978
940 62463998
908 290982230
187 982484043
251 379845754
532 680179456
398 392263797
733 485374189
864 521501652
259 754681416
738 48179768
215 838968025
103 711548519
160 742612085
775 234687668
463 617479819
484 909127280
134 774931755
882 621279985
187 95604900
646 175339021
203 142175445
152 242619363
390 793976129
238 819204759
353 665547250
732 364571639
61 29611402
681 693418452
837 931445885
704 47873207
520 74740964
77 189511169
249 144661366
770 423388867
983 782382451
321 185905820
977 785424100
504 864739543
165 173637851
752 843556012
181 575642077
367 225607977
498 195586507
152 709680303
409 331646140
60 97066918
890 526138112
375 95864066
385 28117537
362 932128979
308 937402136
6 224322322
363 733844877
16 63246214
471 390275362
267 341358725
498 395588087
919 546471122
858 443096883
641 424461632
931 483009000
863 102180054
756 224523772
112 351077720
715 64102104
14 94834238
960 979619046
739 146237919
154 465922879
59 480306429
374 647686906
802 52679553
316 894060599
453 3856371
245 131012632
178 786909550
414 41050734
754 647297811
193 706207005
163 878127416
569 18283698
921 416606743
337 73201743
404 368266054
199 890264
906 357483507
642 178554926
350 60358734
754 784866028
896 669654945
765 610816595
210 862813593
875 885022692
249 367720951
482 767691811
508 148746851
328 661725241
965 791747943
466 996058089
847 909475941
531 982704630
516 509579211
565 231332417
216 573454007
112 55828617
603 740194728
533 679361953
912 387793400
167 788603571
734 968820836
630 877873960
213 518802900
952 36373403
415 132299553
728 822469779
327 758709198
538 50465005
959 292774660
799 431144983
853 929523288
696 710995973
722 432625737
87 746959021
577 569013602
495 943816180
140 12104262
61 826618188
523 779828609
45 770134931
469 849394104
669 507547508
715 835239532
45 897768560
934 979076822
985 852901537
861 52115817
638 814327505
963 228808325
524 102907743
783 958708554
947 432571851
796 649781343
590 953394219
113 151280495
291 506466907
110 124279462
245 198665302
201 871608080
551 85017412
129 884512119
169 134145793
195 964948356
757 903284360
156 672278817
318 886324849
125 49023943
729 650646073
629 658111562
68 465841205
178 571200557
361 276227780
282 440013243
378 584674410
751 40141135
670 419195268
189 347558498
638 755882243
932 732110041
712 10482863
474 905101175
606 889753105
804 503063272
77 793813131
882 967959938
310 549146639
618 559019613
949 907674296
488 537398261
716 296916822
462 650864137
667 67362595
238 642724612
715 820324656
659 180920680
811 164406138
828 609925868
223 895637091
757 437708138
8 697467842
822 510386739
514 601300136
482 374368847
117 180576353
586 138683639
680 269950178
931 693581419
374 615892575
426 695791479
689 336129087
615 362711290
332 205854696
281 839073167
587 25340866
807 584792239
808 967210704
67 34222575
832 793434387
393 650062575
477 580145104
479 679862954
245 40119115
895 984415234
201 652491784
293 695038707
863 413747505
121 411870887
882 613292780
973 86065761
700 797010835
506 367393153
521 145911454
244 16449981
269 838465964
411 725608210
730 4127637
729 518054433
688 546710919
779 83704016
948 264871057
259 106515047
910 506276691
24 263241207
363 251078141
448 683410948
487 58160543
578 983825697
802 218589921
290 543459730
7 222879506
78 519007175
284 782267989
253 607666427
769 581494563
44 952064923
202 890814682
811 966532393
986 899034419
759 18283623
483 885644363
228 857975899
956 664235220
963 386392722
344 603875323
104 647810099
850 201013621
188 789614153
20 369710044
305 949343829
130 975009632
762 883823698
775 737518344
518 470534098
38 656920756
412 82934415
166 685240924
283 638193963
116 232753765
477 513542892
714 869793009
743 173060984
270 695664256
631 126358104
387 693995653
545 969151519
603 396961822
563 92688118
592 62003852
512 177757844
65 931794737
626 111249878
120 929270187
623 116058393
683 847004274
999 52553996
748 841652112
33 426285009
140 434757452
31 320356196
887 534382801
549 18621303
471 199094237
126 807612920
448 960672294
539 467121129
153 812398774
446 765618086
933 867341103
666 135971949
915 493960210
631 565167551
462 854425428
209 444748528
603 402412132
910 85813187
782 742674190
248 156036882
740 292227368
906 924839217
678 573253111
587 573655077
913 116726778
768 599030193
405 917483887
848 918433029
504 412936318
906 962162518
384 560540731
8 417895096
429 296470491
472 955418087
303 409437522
974 57335596
374 30169744
895 437331401
826 961634827
913 311420177
990 570657986
392 568382931
927 207035867
742 614581416
314 203012624
105 129791718
834 674447989
125 73117460
515 100487642
355 942973737
314 378847199
270 879902829
346 391440450
821 110473178
837 70167642
269 918911546
88 558468930
576 715583320
553 901186284
647 78722365
278 94925296
362 19357542
124 145193914
205 232898556
192 413780090
420 752948510
135 859284295
949 772026182
70 382115178
219 298704239
246 390308859
719 11903383
435 441478998
78 393602278
466 120756491
304 567813731
702 133362017
361 28336831
529 156179411
72 593655721
928 985430009
605 618688139
484 351144780
341 48533502
45 114525294
498 845130464
884 433086925
733 404210813
72 613259025
906 518989679
556 545105645
352 262761841
353 802227592
820 83963187
632 940103405
51 705667323
569 229852247
96 365322871
198 879289865
227 101963962
753 248121605
276 830939609
392 533450815
347 619053755
920 448309227
315 855679148
916 48291977
382 245553346
38 8576186
567 153508789
104 804530591
392 521187993
237 173302018
87 275881174
562 898292373
268 825996899
245 820936429
536 164947007
475 991311435
569 118684603
268 944836590
72 440946305
840 395009597
477 60311928
205 337537092
595 69353253
65 663993678
364 42670015
588 844252542
613 19167494
160 642840902
82 399605120
717 911665361
123 831903387
707 19600405
888 419004740
70 548555727
530 596035307
521 14367686
698 400685222
61 811474468
279 997324212
510 392582014
918 688672742
143 99239787
200 756951422
542 678697472
929 202467432
242 968538635
284 673107551
169 536970145
571 959751863
515 483834748
57 242805107
336 146085292
569 587713341
781 455426411
463 642654384
390 44907636
206 826528780
189 198015970
325 116404387
223 312564517
23 468617618
186 54367052
619 681509440
100 722172692
722 209196601
124 982071136
294 61604009
164 181702256
778 835805079
16 471430786
13 274316066
948 232172017
736 846023374
453 305847717
911 25468741
998 284831928
329 721580904
964 758513577
684 419062567
330 336676922
19 371660738
185 483655317
978 925360695
557 707868815
188 473786729
484 825161395
652 630862466
479 449309755
156 371279890
370 690804277
972 956622083
89 346673489
927 42115798
609 996888635
467 156680793
387 52430187
293 814584892
771 36931088
483 383645140
826 316700909
328 156315702
564 488477410
422 738748517
820 976166517
558 675686897
248 393855846
265 782616531
615 560623022
14 225615426
162 819742249
125 603366947
964 389583011
420 803454262
162 658682038
560 380524908
270 13756470
729 366782764
922 675683577
153 26382904
295 239782706
939 679811351
744 588840804
419 432305010
210 757950221
885 863302976
409 504995729
813 460432934
454 560422702
186 977834196
605 261207107
981 809084621
536 2857581
316 341200722
143 611455942
99 338606944
638 995738680
664 150613158
467 25681066
6 361221203
351 156838561
144 879388230
377 488923315
743 506306370
465 659920803
982 667053212
916 762310713
375 141433282
205 180622031
211 961356285
219 743955652
196 20110186
394 7888035
129 485554516
982 123621235
494 759705153
752 591907564
642 61146685
878 497197511
313 304795785
617 846667004
605 147400506
393 171436981
378 615644942
847 44850825
125 860374284
613 218319818
458 520212113
112 523216286
847 548953316
805 105600394
940 724890957
197 866438915
486 945461509
830 435292735
691 785403806
997 535812593
179 325380928
886 820625595
816 7196641
681 693523824
415 232474859
456 614380374
579 608970493
499 79574911
196 717339789
463 412629478
365 844235925
307 117129615
471 627501957
392 619186012
2 594231774
886 11580487
752 976339338
335 584947076
763 197979255
913 236168716
900 730776526
263 282804371
53 941799112
58 145337604
995 70576652
678 532657615
971 105340346
869 837045875
344 87056059
611 136164348
409 523176698
590 13629478
43 16646069
848 389307217
313 88893775
735 756427557
370 27966330
819 409486207
837 27041418
309 849805611
992 497431701
54 97096905
895 435926106
409 111255675
758 875904800
322 34321940
738 155440156
872 663290506
26 119403392
195 172811082
435 58510428
336 196436180
330 939600572
87 544683134
671 471558507
335 570323995
490 776557822
253 172222484
675 908223620
459 835121071
437 97561912
725 829363035
814 411465102
199 891597175
505 674729735
457 10741981
669 83969621
463 647051288
127 102541459
245 114277530
241 171954138
514 92904858
955 168540968
41 305432650
775 446044905
58 464347625
474 121056051
582 997700197
895 307908834
821 91866702
552 718323503
530 623220698
