9 561657274
315 109132940
752 752056537
489 525343234
797 625007590
863 64356503
478 302786208
587 762959489
99 344110819
109 605799672
451 960084771
390 35049122
87 556078043
950 742039781
401 678652544
453 782834130
295 467902093
326 817714675
843 463956861
796 212234028
123 903827666
355 693517923
137 350901815
546 879534691
332 266346416
788 945965738
572 794733481
71 135510033
631 615751200
439 920924949
136 240565857
709 573128892
470 105930292
863 659362816
120 860044662
543 167838153
156 473943336
955 853275751
255 67466409
404 639024512
487 327384364
534 243132131
763 585432504
967 57244995
460 232601220
552 586061243
839 332845753
26 895867192
708 944995771
785 710878900
650 898402127
947 393063906
82 147870228
378 553373037
624 245004770
355 728787047
270 997449824
214 358821254
688 783018221
392 860014880
596 773340148
587 181607407
367 936815063
577 204577192
28 320538963
136 33859257
475 104485922
810 154574569
642 953014468
752 996132440
692 836646680
8 41290595
332 154090523
31 812363917
593 180823955
452 180387394
221 751637679
411 119029058
768 30246549
510 331622793
71 479786040
813 628378254
775 982403863
57 24405842
722 608799440
243 75381569
336 831849652
708 216434799
102 26574679
654 65741692
200 62649222
292 194927498
345 8329843
244 445702949
293 762465054
887 588321443
575 297337572
495 776921318
77 12235331
545 809471443
874 380699606
190 258159446
795 106179919
147 72718105
193 513400158
151 463152255
992 421378614
980 839090015
265 934496679
650 982470462
725 46843860
461 15445067
523 42048658
358 36757432
745 650908391
886 77239009
455 863782585
434 433416314
572 209952517
52 95889361
902 3886190
499 797237849
767 194386572
914 679381
853 588510361
270 397877792
509 526789499
996 696964588
203 276329364
215 319138857
540 363699912
726 530532047
898 3105939
818 743389255
974 713171129
291 881678176
576 858661178
547 254531698
414 218148009
671 860578871
697 49662564
522 207838761
92 959269938
514 325249813
332 138890355
34 375521710
493 875837338
799 458957380
279 325389633
273 898892325
791 39537061
345 778815402
396 343497725
67 544201581
678 577145085
82 972677775
631 803632087
179 439926074
479 547190831
771 882623994
735 445712943
414 436668988
897 229649394
242 719790375
267 834466823
643 968470100
798 796995041
313 276845267
382 169832225
517 498071340
325 861361966
159 714312924
865 729589615
53 449520347
128 364489339
640 974581124
504 895588361
648 199079225
708 979455344
586 738319385
670 259473625
961 533280482
138 723499286
381 725717948
123 83964012
635 86311132
683 28987467
633 809171399
214 704107212
429 605872653
937 443220840
91 488037590
175 256240815
73 79676485
928 296912968
445 765463520
167 698108914
807 924680392
246 80261396
318 670370334
759 527979522
598 92567051
168 898034057
953 148933981
374 535022119
547 892567022
327 811215200
684 839280122
486 890659027
968 451760389
223 319543659
231 847693802
18 584308448
378 253382238
404 303407929
863 902152591
587 422644639
628 556909097
353 752750422
82 736066615
839 584481169
772 979888574
766 397413300
948 579217810
726 836598339
820 753789959
12 140428
2 296184014
281 182374156
604 203402673
922 522195937
275 728793519
58 668677754
675 35227888
322 6042805
724 27752378
519 487212092
112 457390074
620 401445959
537 676274692
371 939706702
335 181224971
146 807428421
337 840336085
614 413372928
505 347297551
843 63264713
388 72193461
88 562826918
279 377654819
847 230224217
896 193735397
837 892195590
531 662992524
90 938706099
987 102300668
337 308585770
144 370643946
953 258125772
352 239717657
24 817422883
203 15956161
815 268856903
183 746555073
538 63307836
794 545265479
129 715515979
539 555666088
728 347217976
169 216736275
652 70720417
536 81142916
533 80548222
743 95544758
408 881967493
79 522683466
265 35742365
610 363879147
229 907324890
62 338962287
107 64999659
138 395057086
766 197068881
86 133080192
946 397487755
471 819043388
185 397593326
96 55633323
34 726324304
520 497845584
888 495868800
445 346187405
469 152602769
205 90546482
666 107743095
413 457503731
858 252737669
507 63129788
239 491505447
821 770298570
895 231163540
426 612640679
36 251022684
930 346732019
230 284280283
437 371239913
645 646790931
214 976673963
647 782498582
699 96261925
161 528949744
634 783088543
331 860740308
64 191191332
87 425480486
887 56950000
44 74632181
50 28004125
960 420312924
586 343574784
826 910168280
318 835950986
224 491510992
818 22414378
545 513385082
357 916292745
40 80761863
9 804768374
957 897371328
590 939005451
630 759393812
286 773281834
405 119509712
863 382481467
808 375666681
602 639573061
926 717760013
339 722999741
604 72855733
789 88146708
998 185045036
467 36542872
666 192452231
919 136712505
16 114998324
934 974603714
684 837548033
121 145730523
256 450488116
324 780443014
120 789597176
856 708313935
807 689089759
667 569740716
649 873567545
190 13609242
144 301491974
693 865171737
863 393633440
358 668919189
845 218870010
614 603392884
483 735912761
635 821647096
434 968812589
729 766691219
49 292160582
115 586775985
819 24632572
737 669717083
250 673992025
959 7894897
34 210541146
244 2896713
84 654235893
195 210736695
888 33511635
856 740798353
68 747451424
778 713230760
449 301524227
377 356185926
410 876397097
372 38339819
559 156371411
859 731881148
660 430879795
396 997688543
53 433787839
983 858569586
330 254426758
796 572219904
288 81590715
177 985315934
183 246781699
874 247769471
564 396731223
174 204208417
238 647337664
937 672950240
899 804698431
528 580582921
607 152646070
320 484450120
943 127848733
986 783335396
47 371802381
782 210038521
22 24783434
167 785240653
56 408138350
107 193500011
629 971990478
216 229088402
962 68105202
894 389836148
976 387643803
874 521984583
375 647886620
847 509074062
731 250261466
89 492729200
69 850952890
349 71537988
216 556499835
408 854563136
885 585117295
125 135971223
645 985437135
348 787574041
635 756161900
191 726864738
523 409065715
351 765154482
860 322359002
806 238625168
81 705126609
895 682457335
515 337203411
972 240464575
465 692105009
6 100214827
245 466151630
22 340535844
382 100089410
81 337933536
766 857227700
477 863495467
520 162208948
126 508845970
668 857627499
403 578135923
789 197281986
501 759425635
831 616584419
420 457710280
285 249738027
691 474931133
415 64106553
206 401799899
7 127313606
630 467114869
16 43865160
777 443869543
675 397374774
138 794975419
798 112720467
116 391591049
585 949450261
67 609653200
215 993003649
134 304710159
53 319234703
758 12594191
122 59254595
264 780866109
20 747666340
419 948627800
956 842158518
413 143942197
616 639079692
805 875314258
155 918042295
367 945998410
438 531276416
307 992806168
36 435199275
397 665104838
28 588064569
41 485252016
11 325035278
848 152380834
425 288782893
734 144916641
836 86678375
375 594320347
260 917400201
328 194731390
357 282795730
565 204517908
562 545434141
448 41331708
375 557362097
598 522396046
556 503839326
169 710014816
347 546663230
619 876394499
184 17127778
358 252702897
679 866411706
344 920384081
139 551733127
167 366989138
6 41716828
565 198667251
727 102493515
661 562895045
750 378060262
609 392226367
182 88720713
523 752703015
172 550037551
81 276870831
614 527076446
211 351983377
672 876347114
466 635464432
442 780121072
645 222905540
681 85554724
434 523783788
394 458430058
973 820343316
212 244197281
361 48013391
159 134079746
209 70180375
192 231070750
268 362120017
949 758598144
713 42839167
543 766270465
894 773608464
140 522680874
913 151820584
75 747973894
890 890419361
688 160705230
670 657734612
412 692322269
409 32632246
278 22316102
715 496919127
502 271264015
70 150910938
165 570875298
914 9644124
92 588146673
166 599630725
572 167988884
384 92431286
7 408821698
893 932420654
561 548053408
292 745924754
131 563489822
811 776111689
100 424817269
324 995614599
235 9767089
482 199072146
34 86881797
916 874634820
345 408311916
632 240906934
401 119731823
810 950203767
579 710437435
107 190499985
465 434962202
572 540446709
78 527104432
744 816997284
448 409467010
785 188333808
11 152983427
493 900191388
37 768263977
195 525386905
833 865615888
198 620843359
407 485833177
992 93385685
398 554431315
11 272969005
807 320707112
114 331276600
870 488742423
710 629538568
395 686926261
411 567149035
809 313038451
196 552645616
556 494697843
694 144773287
328 49119882
457 389857157
691 265349737
126 50873013
723 891723868
830 86396449
686 170913708
735 244097975
818 549894545
611 936296054
825 126727227
42 474258255
889 313622254
720 296294726
358 367712596
540 181592056
847 428750957
699 766841761
29 799840059
580 492116467
253 241265865
469 97904831
726 414409637
835 77722644
369 461145147
983 984359251
72 910203525
163 531836911
320 430652055
145 662172048
376 801426402
267 188245678
591 829647495
898 925175843
462 68095059
781 954209460
215 704425692
174 528156461
56 36171996
91 924084181
715 77034598
258 945882194
209 970250321
520 954000435
720 230894086
362 789797255
249 9114447
681 426335885
1000 684959852
140 930481506
445 35229493
453 849690346
220 134911529
73 436839838
637 725942013
753 525180754
183 67053754
157 47662751
414 253537321
194 893533443
728 555138742
545 95139036
80 366265810
23 706324384
673 982792520
218 610848442
527 43071212
462 92067289
447 782629804
229 348155337
424 502345125
976 346477322
334 830411170
50 773569886
838 114472243
101 391584531
795 759185171
420 396063493
693 789876951
606 675409663
660 346907316
620 80149297
597 533885286
786 380019630
337 838006455
245 750413502
756 117875806
992 153624526
547 761459764
278 250347985
222 457410925
171 745219138
261 202887743
442 52090617
278 198858864
627 264618751
845 446133844
844 119332183
804 872126490
938 21478926
38 486992356
920 343408697
679 518723625
493 212918611
506 902285131
742 872322889
553 785370680
116 257041786
383 127746283
410 126141085
351 676197772
948 593171555
564 717565517
287 48672671
502 76811393
48 587882656
232 143908508
921 240533576
852 205181085
67 782583876
754 183708380
319 79975947
366 551434855
322 872848221
449 805387001
217 526427120
384 554225120
44 898036618
766 866057632
308 682445033
660 365308647
128 893251626
11 299201953
881 227065436
687 462146369
384 379364864
734 235778831
16 977234143
50 24876619
84 124179850
786 752388555
93 749327873
71 18132020
532 729513864
29 783914469
884 742352156
633 339064923
702 607860290
167 100209304
266 428479126
232 72790561
717 430963378
782 691210591
5 193946707
489 281609769
268 287264559
376 509213022
184 894685052
310 213755590
890 99162670
658 187289456
89 127734230
793 181184204
320 946267653
781 143978359
665 896964072
236 750484851
588 720467200
425 970746132
313 701192328
992 907131982
590 591093232
222 285010068
199 468060027
557 438407462
272 282701695
398 427269169
526 517696966
592 237880989
373 288554928
297 119417298
357 705878138
708 527938872
440 68755710
307 623451025
896 812669128
126 855554031
725 320863937
724 219530708
965 74146857
697 218799281
659 599358050
971 25434758
993 180347251
461 61373232
308 994674528
417 720411783
580 48175282
541 670352741
53 775644256
779 203787247
305 550837721
508 548049116
440 690416600
265 580610628
294 116476799
605 96196250
637 488275689
243 290212073
184 375515639
165 218112198
716 787414303
945 651227901
170 38736941
283 188936451
270 855768844
512 378597742
37 242699634
446 674782348
20 146696732
113 996762219
409 861091584
760 337365774
200 108552628
197 287024067
897 969319712
617 418233064
678 358413492
305 100987207
676 835251171
636 239805701
662 650052344
110 678783859
598 535121934
242 846744493
783 13595164
284 722289616
113 636642230
146 101870066
923 342820773
109 450865235
100 637561209
697 100471476
419 145815570
1000 223430830
802 389106411
932 407172526
248 583575655
728 316976111
731 149253246
646 272154693
144 751624535
896 821143098
995 289161306
538 305303407
767 309359811
878 599852204
794 272651692
639 71963307
126 84375437
337 355700199
950 488738964
278 242634074
556 496429635
452 926259896
627 73522583
373 64723286
317 336084601
988 95602874
579 258618295
586 658632401
417 77321558
182 125595571
391 342150097
923 88105249
87 272023837
134 806457201
125 559873849
130 24406318
688 185625791
976 84059122
239 139335906
547 341166768
29 108818898
138 324477943
119 983124636
624 779964897
66 817530874
481 942848931
612 454392071
771 81196308
29 663828717
948 300853566
375 345664969
541 579560458
471 32780108
168 935772057
628 843968863
829 665216640
73 581262897
634 162721474
134 660768791
911 109987316
94 170695360
905 806177223
245 642438630
665 465936750
319 684313179
811 510204810
350 445397526
216 890085539
838 125150910
838 901606358
949 819994573
87 905851693
639 178160541
432 68437287
694 359793292
508 200000263
793 479042463
873 20775945
50 829407117
510 965128626
372 26622692
627 43157478
100 425110189
957 100632768
225 573061294
733 178715101
51 200408666
74 396642969
600 213679961
918 945876406
23 648642064
756 848638462
469 482536216
262 184580121
535 271102675
894 492193913
832 403487930
410 277817213
410 516378769
582 844079207
391 946517325
856 383817972
559 775627592
405 877953368
135 846682577
14 940460482
575 370816140
193 296547528
214 959457836
802 801250809
850 941642781
136 360903092
945 568551402
964 299531393
561 964220544
748 964227129
628 195419846
236 648793836
865 318600982
528 14730521
81 913197002
930 679440786
310 943600841
408 106322359
332 446091828
63 781387168
716 636753298
330 474226974
137 100565689
53 221612337
44 951895113
958 111005029
241 152846714
347 59898851
372 980549310
317 454730913
217 655809943
721 329764736
546 549238649
368 112100462
453 763743475
935 470982518
995 32642687
822 851343580
238 994466823
370 599537925
827 207838200
101 846883894
194 495707208
386 518151628
139 740032992
124 977079613
834 877257573
145 684190236
719 261206286
622 825139068
418 965449282
583 844802870
809 11760128
182 663888750
458 49038837
867 326617793
763 127608903
705 821057222
301 419954694
844 222133388
150 728663726
772 199505882
69 944531004
605 212180203
911 267848588
680 209367308
163 296670027
422 933419743
465 866257711
874 573167958
797 923107027
39 183250690
408 531183892
112 128851682
25 124230575
76 708578883
721 136263859
661 356740708
917 440847990
56 689349579
187 330254791
515 571579310
265 988918737
279 683573112
773 400765223
510 143452335
751 857448500
323 293508787
430 379895050
645 886009424
336 390122149
853 256532912
873 225721017
369 673463812
733 483066008
412 471306194
261 637660928
411 116906396
8 609816227
355 36018515
67 740258049
881 903308019
4 785085444
638 175792228
86 812216731
540 209714207
157 441699035
346 190848957
72 445707989
365 656062053
211 722165900
311 340202165
339 656306405
649 842311320
61 505635197
385 903476708
740 737720722
949 674231847
582 825493547
996 231669650
954 322002751
480 969798148
471 305590623
310 935776581
607 9225373
231 521757907
846 660763249
106 557813609
925 695821145
247 765675327
259 38768435
510 587162582
797 270052981
386 165168398
95 597878506
739 143072854
929 71283970
628 597435384
120 525118166
803 149112680
133 239014376
63 759047590
195 180390583
395 622075001
626 483262505
935 590407351
621 115976980
926 912088335
166 380283361
483 372779985
112 483788126
916 641392047
5 418754426
993 85638662
558 564287823
539 833753056
891 812144239
184 270537845
605 589822401
171 643247964
440 885096178
312 177014650
823 727952857
636 55104528
236 599580082
768 720087678
894 520359454
32 918239101
452 303121981
823 414504917
489 54383158
126 857505487
465 763028051
108 257120465
737 542115906
689 413323225
270 728080590
844 445848152
703 78387901
533 246371112
189 289593071
990 44940175
435 468724418
290 413203551
258 325219192
23 380937197
755 676108561
82 414330560
493 497275977
193 828963132
37 794247395
964 828530152
812 887005379
550 931564708
536 24904937
952 291773545
828 48736309
654 618737039
295 186080963
567 209622533
212 311021381
360 710850873
340 736804892
619 131959679
97 643691523
71 390683154
17 22835085
222 262785972
46 99365632
29 557853035
897 304717289
916 28099187
195 389350041
570 443650988
246 436774768
701 374024256
402 743315763
794 766587170
284 633653869
606 398706877
696 131921844
790 251117906
802 972213622
173 535966927
644 794942348
227 337702826
932 678766419
111 494265592
38 3557680
975 769059377
982 861874130
942 541927017
885 914630639
163 476807434
781 512343901
992 87016147
261 683250598
791 466988330
453 626152619
510 166750820
568 662634595
319 90452417
958 888610242
386 619296482
539 550114247
73 183537198
963 733619896
868 982816618
724 176237854
280 78591406
414 119578372
675 240622929
702 840801791
471 278435796
421 601425487
342 218934509
427 723216987
300 755664548
60 66933243
498 26141523
263 245057321
946 88706768
648 300209133
692 309753814
270 797816941
152 79437550
144 336834716
89 690446725
677 669793693
113 910107096
655 408629638
744 57910642
567 629147118
574 273611654
137 111792275
501 256261998
307 453357922
604 227858384
633 248979793
140 565998060
706 945025535
78 905712131
593 462173641
601 610436215
119 714315384
472 981484173
766 49365210
54 738016372
902 990050514
612 635448047
263 840347905
212 81228668
967 872484724
975 125337672
543 313304248
362 713215242
525 454656185
790 462169035
894 314606990
629 876220493
350 824585234
70 194517333
487 585546703
544 948860314
794 62422242
389 414519136
440 628045154
726 883032856
257 580511507
333 926593902
61 397431546
438 661858264
202 827940465
840 31489105
117 67325028
474 169306489
970 764610127
364 927249394
585 328337420
704 571526627
860 817126967
113 871132551
447 456894309
723 763213638
713 210288477
169 293292766
744 541960326
633 756842072
861 857436537
918 181365377
847 741685485
476 8233981
950 982249568
720 833960899
520 702335580
704 562182223
580 905233658
84 270727691
982 424311171
749 413349401
402 14001792
345 642374079
120 99862815
388 166546450
80 408956352
680 566682603
856 381891275
979 341476423
808 415544448
824 803450305
291 595618186
145 641289507
284 256075114
96 791934361
601 430595671
662 316458585
604 665325151
565 628991092
918 597298562
283 517355780
278 556169388
138 280157335
619 382217843
637 411051323
216 247918886
920 939946066
714 654023224
966 189548292
235 753120460
187 103299586
647 715646374
766 276246099
630 815994050
794 609943218
286 136041141
759 682795258
692 572662089
984 160725672
277 433247887
677 103904833
969 954650499
703 779394759
200 480123276
304 76869099
625 556237074
197 852951908
517 796315763
141 276075729
326 616351190
268 131106338
307 119081834
962 292355124
63 370062626
90 230928593
225 324863177
399 56792238
230 795041987
928 968360355
533 477237982
360 224469801
516 865823995
142 480134024
588 136529726
775 963224941
346 479902043
674 561796016
999 713571949
515 830661575
94 171930845
360 729263077
110 264268329
694 15653583
585 59521639
980 623036722
56 738409594
539 585816597
91 506761772
361 887843306
94 69444837
40 731625098
131 892604306
774 211110382
127 508261293
122 191230167
5 5306524
577 512671712
837 675929860
221 555465393
860 987839487
659 344585276
74 68166429
807 636252554
440 403596254
22 779687432
523 123154060
614 992767788
677 532592712
334 682148939
210 332014596
50 854976961
113 370116335
563 722111080
289 551630502
527 226311366
538 106595221
987 871909988
887 194341607
676 866880101
183 152180472
542 472020673
575 200384904
546 696095520
348 79815825
260 170342766
235 429856763
504 210679424
780 945400241
792 312448176
989 547846163
310 124724202
637 5117294
849 179199686
597 713801904
362 341190914
253 938040793
456 213205740
482 985752943
767 670391439
281 753505595
734 686766182
903 184996829
392 93503601
302 876966196
391 499300932
879 47554300
177 532016123
874 752965112
364 819160733
511 45595785
239 551816148
844 223211126
867 166837181
643 650944797
191 161891033
735 861210381
105 380130792
960 845749359
928 603581804
999 991325891
766 66987554
20 473777027
919 29351581
406 682790308
870 889594969
880 804428655
87 584944906
346 259528321
549 654659622
225 427048611
152 137294787
466 332806698
692 6073368
146 24449037
686 715020154
107 738710415
659 734706650
182 449713360
729 34816951
540 588060610
522 4721311
461 763396208
774 454276935
446 93200026
651 180320611
968 293361373
719 871376708
346 739018583
958 170125690
415 80761276
424 348038030
509 408545125
202 802895604
619 846903578
516 493268853
945 339819192
898 898972399
380 517371637
478 672866372
723 210109002
842 431839279
931 863379482
594 428455961
527 506242298
425 897943791
952 311448579
235 433774892
936 816171624
925 946782519
537 863020565
885 520046733
408 125793503
927 496385519
640 95778552
195 335736008
611 916277754
271 774494756
642 285016675
29 28818514
339 265153204
13 532442307
392 808795342
445 745554108
966 660074806
43 126587679
355 828035135
136 939378258
184 616543756
272 56687995
711 55789323
202 320887039
702 759929874
811 653294007
31 67318498
79 884305705
678 616598405
314 376554727
266 384695564
900 282150494
178 384325975
518 454846738
331 290679677
658 655173005
424 437046482
433 198364848
772 344280533
265 185272830
856 560976104
642 978542810
299 226565124
863 604177751
934 25453364
885 432423523
762 624561875
243 869927198
732 600318261
707 92201609
183 117000287
438 102740815
906 786341894
279 580058587
887 722570494
540 788808790
649 673300661
507 100187087
720 802933453
247 931524567
530 309668576
281 169270430
707 504544157
163 928439659
552 363473438
436 178911738
735 621416624
370 507565480
303 239150639
382 776935662
831 93126331
954 873319574
333 817753664
630 447814660
465 877940136
298 903217235
156 244231468
426 795390396
722 859330833
888 120354798
162 978557360
935 105221361
366 376025219
82 864045268
561 466717003
367 155628625
738 813823923
62 652304920
838 388152830
323 135488773
31 146156885
520 804866374
412 260079851
156 322524095
966 759952486
116 219774571
380 60410157
315 110051871
934 519186645
385 968751290
153 477048529
26 733604245
202 631523691
985 608148308
870 228431603
700 161752524
282 501511333
944 12647839
516 89238481
16 876164665
739 178881571
722 405691337
651 295974486
683 505196651
863 107105949
586 349553387
238 371460862
135 953349471
470 595145718
765 381477497
820 980273384
571 518220791
985 916942819
261 159047733
797 607112741
173 224787760
980 615029891
756 672410134
111 56079505
486 102786367
555 786949106
695 684662425
426 609757531
298 119285
894 74016714
74 815021667
475 375764386
203 13867774
510 273744146
922 624966513
826 125136839
813 37124630
365 537240592
412 960159788
8 669735993
932 931559293
636 987349500
990 350692369
222 743007487
416 478534708
503 675941846
573 722088589
667 804916715
701 299801739
650 941838144
443 128135286
334 812255723
904 451075340
44 94200215
935 426092412
703 899938897
322 94614114
845 786907054
430 357465447
384 96703257
961 732427001
245 67117591
386 32310485
673 569237061
782 446162554
826 85479900
746 539883974
699 704893004
811 929419706
551 414366842
469 324813065
765 279392961
789 242042685
436 904376492
274 872642607
298 782255877
924 766461443
840 395015699
276 704990374
363 983941648
718 85602676
366 417717381
33 375249141
218 610888548
525 871686036
281 280728473
309 874516683
550 378211537
997 58427190
994 730188509
77 862035234
975 108478335
134 711032240
235 907923797
795 128688117
387 580870683
64 801803798
242 834112909
525 239491892
998 614697356
62 847687346
585 727639620
94 976757211
53 188609038
201 465293356
415 345003684
431 62153728
825 387998777
178 994654972
892 552304836
540 91381631
453 918473892
311 64355992
330 249415906
298 294855041
639 409539362
912 793242190
380 878632742
46 15427428
988 65631355
57 578830454
292 350906226
433 189859124
307 493403973
566 578683528
713 661433575
233 985967852
361 928461738
758 841985221
602 330527197
401 480141513
99 912199605
936 420504511
960 193716900
568 775227988
125 263928000
397 749578265
405 39282036
61 277455380
605 133786316
319 374111977
945 530752972
896 120193089
783 345533335
596 911981397
548 137006914
323 918867444
809 387673779
643 882106074
128 893247618
19 452208343
385 468379612
733 373306542
192 791117305
259 580948817
608 475907711
675 18465441
922 751565393
482 535179166
327 65816999
446 10779716
487 588744517
1000 175955035
984 840218936
863 853505684
258 805991212
406 211210453
894 204097278
388 104152133
215 30613702
232 981393084
478 810467403
382 776957176
471 476834720
532 403101444
876 322378384
54 828007495
645 574036389
157 424029655
828 988161560
403 440673711
250 510630524
844 471769252
526 422496013
375 105927660
559 213849310
379 501098735
4 522350922
156 963709629
920 613397283
860 844361579
785 652349845
124 107844031
788 828777989
277 738399592
827 799294318
264 428335499
342 851183976
940 86510544
585 897357833
88 718993621
196 868504031
935 86343078
385 667084915
323 68321769
214 397995475
182 604584419
774 64690784
395 965616174
908 143040032
558 92971449
927 668583054
665 243015854
281 973285396
885 66418240
878 410179496
325 976163275
721 718963262
834 514699699
184 71062076
693 819583593
986 636413259
767 931672867
323 425593247
805 771050185
557 894680019
5 150001687
597 269989233
91 140936474
953 715887055
947 664353941
46 468236466
928 140902551
484 937609375
45 298155026
893 972490042
993 838890588
937 944120048
103 837258037
68 217136335
770 86879276
950 161541661
599 676998284
298 276559650
853 397256381
618 55577705
880 8286873
534 61826263
917 341195870
949 136114580
277 690576549
501 158280050
41 469286320
317 746656144
130 61518708
516 706851473
853 653176464
413 733869147
220 822254575
531 184896619
113 640830007
184 495829175
600 539136357
685 948507351
481 564311139
641 104390978
681 747800896
403 785241578
267 294661154
470 553869586
399 153016666
573 149004569
995 922313724
809 491874047
442 402455175
585 173107813
835 229834157
123 399148320
835 920335804
676 15295604
623 972407392
235 701770921
463 13393177
142 887186996
681 854535512
856 296928471
292 670170121
906 850356464
522 875752360
179 849454024
912 958361935
798 366156392
973 971738160
371 63893916
234 419807288
724 825933391
667 871287562
747 593715951
731 546664511
763 360013358
841 189016988
289 123141239
369 35029201
692 921281500
503 90027756
882 923571246
763 356851874
836 431008244
288 187325219
326 84549961
979 873894910
541 140252248
675 629362074
168 923116774
849 395467239
738 377632682
859 548017168
916 897446243
178 678504335
628 602353354
320 301682043
503 414615270
813 762838617
320 428239757
82 514944535
527 912713373
959 629446071
443 7352556
892 79855336
257 167314958
771 660629321
483 21997147
896 312645396
963 295683469
506 79665577
832 138369088
913 681280250
372 999282904
265 978777181
152 607278786
613 227096250
169 493170176
482 867411679
682 428527859
532 11361575
498 956323203
291 873911760
147 466874913
213 849443966
892 943172474
309 144907839
191 345755078
202 18104708
150 116695613
405 203441749
382 459080281
664 37768347
364 774258694
597 717432647
96 134036661
759 413904760
256 357914187
246 670191695
975 2710616
328 520095240
804 649467653
855 762777923
157 237430953
835 846847423
795 967439234
245 596964080
603 469136821
759 97840502
70 480815217
928 321599643
453 520100371
844 478508547
448 332182084
200 267332003
771 394159939
656 772553101
374 866269440
504 158096158
710 12734494
863 553254482
471 251850894
98 156718482
657 628090336
628 774341465
319 821802736
813 983861919
69 424964890
634 26812194
677 522769533
30 170630361
287 592726909
717 251544398
126 15952197
178 523433600
18 555165007
384 161631224
732 502879164
800 452149638
88 627609201
380 253059127
705 793193083
863 110939717
939 161395403
229 292353441
567 558104547
21 428127663
374 233274498
433 67573084
356 605754471
71 586636138
635 80249822
207 182026730
629 960211499
761 563570138
939 483402231
263 125100911
645 864016693
621 537583488
745 490726604
85 157125872
230 423666244
923 978663528
383 180843193
175 305600745
55 702029156
873 842358630
991 29007693
945 667211827
172 475119840
283 839394995
494 634470001
735 234228588
437 417599054
711 361942627
228 267674718
712 336314214
262 226283583
521 1998393
560 418889849
407 457596333
138 85002693
372 69740267
577 589992335
568 90250139
735 425227569
292 340289476
940 3086049
962 127907197
568 677125089
997 670760781
459 676383198
199 164981065
986 806603317
792 487738981
527 614782686
948 104230587
383 902484122
708 520136423
167 318809008
916 58284901
207 60904445
424 144168938
799 69819013
408 750334463
825 944147954
904 769010907
416 84727138
984 704848822
733 45518693
944 421739641
783 179898355
257 108824949
164 365071455
442 103699629
654 814615707
902 613024087
945 36083358
101 804881280
330 620709679
918 546995705
710 342549110
498 557938046
810 56046861
475 865460642
125 231892491
119 348304296
117 85865243
823 486066304
183 704646466
494 793670307
523 88195362
323 840469083
361 387696399
538 708388628
574 175953953
607 144677392
23 296356640
412 991019247
868 69557356
524 626346903
911 85867217
877 156537198
685 690174569
921 103005801
126 82673576
344 287695583
549 978010099
407 28307668
529 667685129
620 96088346
857 71970697
184 222360663
149 119769490
608 721498198
791 835165496
530 166065670
183 972062059
243 973789333
896 105026097
791 98994032
43 18583936
578 796228680
545 499065859
702 85195010
138 968384042
448 56900638
520 322555839
430 910030516
507 56837449
23 288198229
178 855730254
151 285731004
595 580005668
61 458613017
570 310415172
171 281235553
772 264524702
493 41560092
994 828390186
767 130245116
893 20248245
513 365337794
295 336954043
234 711160836
403 409155195
1000 357832224
454 172556215
663 270927987
39 335137367
295 103040512
768 260631826
909 400416789
121 633051574
38 213060351
840 669041310
754 201447732
157 201299385
644 841423539
884 44448446
385 176702916
488 8142680
118 250735030
273 550207713
136 261281601
633 328026674
413 321949585
169 653930873
119 359249236
615 365644227
366 861648818
284 41392880
220 922308930
398 367711597
434 899098476
442 838099195
386 351996009
109 575793581
865 744053824
348 576437658
267 150507743
359 905557034
270 212361935
676 53140734
264 901314120
883 89567991
643 911750734
260 907541687
209 924280654
399 826819541
361 914249710
792 15703753
720 40616183
235 320709719
822 157359822
253 993900663
569 257162235
858 258110017
182 18208659
286 567476568
631 830727880
732 340946657
903 293317850
541 455071143
62 284200609
272 656794060
509 413764367
438 390790479
802 94728078
929 278909501
45 833208462
675 919881945
660 854985613
662 919657985
637 418976546
181 310748498
230 205581012
722 294317850
297 590034470
211 240572667
949 84226870
583 980811691
301 900007459
331 7623760
474 723223288
388 958187547
264 789734725
719 474713465
717 403465712
798 747512699
409 75996002
478 23200636
935 736489644
193 636614309
161 817878168
711 406529237
951 396957480
414 388241810
992 44617892
930 804659401
684 752658149
666 906439278
759 533751222
124 934791306
657 646479333
373 756198062
482 607032710
902 598409423
517 944435529
480 724827013
606 754071776
10 108593572
665 164257614
673 86493597
243 530362193
581 121725980
477 362407818
535 686872347
773 150598972
702 36284054
860 626579843
872 971425197
556 74353532
206 300459015
702 560008777
856 862597667
453 964949213
774 318920642
491 807920452
76 130459317
394 591743836
721 718961439
4 958396052
196 815102435
78 470409890
808 559017650
957 49463847
284 648832161
633 717454380
978 512876406
177 77430778
765 584812491
994 169595431
713 317035156
129 394844203
66 265796896
242 707591358
236 891728261
994 164694928
350 175785989
143 975651174
944 917498267
261 431014758
850 427534139
390 146953191
760 545736379
472 435768839
494 480554268
766 64031616
494 890296478
132 90430058
907 184001265
119 888294992
486 1439381
452 574965831
483 433740667
740 514592160
274 121446681
42 151983266
102 383869559
159 2269213
967 555866948
421 807778375
938 68902281
534 376019277
920 580844018
82 824439243
312 36475148
196 212938844
933 770013480
696 589111043
11 217480845
475 265964814
984 357580417
409 880887207
977 744597304
173 503729854
807 196589442
762 800966878
395 91044704
804 560521816
486 895435230
137 834748539
435 611694151
961 970006946
677 934266471
482 282741064
518 377539238
746 652354890
141 676411217
744 771821188
515 957540614
847 497898520
546 677015803
693 568201780
978 773544985
627 764802053
295 899736807
326 81848259
499 487334971
305 365403071
868 589267461
499 544864315
509 231811039
127 724194294
128 328566200
838 33603675
495 768124497
528 760127894
844 895547578
815 850687825
941 376936873
230 168277402
825 134434971
186 19616679
623 216279972
211 883152558
336 155261644
714 505156225
961 80724620
164 511534107
85 135822233
762 414963710
146 820607226
996 539838913
548 813195997
239 100847725
294 472680482
547 806229216
317 737398054
205 599017136
563 277657181
516 968100152
663 492808303
724 923227502
933 215519956
605 261982810
911 360721669
636 611204083
389 980532929
85 465013916
646 517835903
29 647979964
404 484576439
91 88109845
381 448145452
129 711981493
509 134847433
193 158062966
350 7872488
140 446916428
506 910457066
544 419393757
875 926717737
110 768843066
108 710495782
581 394423896
161 312145908
77 679163738
953 897441096
850 67265518
824 979304803
430 513115157
272 191593155
432 786858461
359 753162414
66 697570753
76 982090785
782 909950174
134 37563787
417 569735496
289 526549608
742 683565401
162 372460655
11 565633544
476 185506173
992 57348551
80 217247231
83 528211179
873 339633261
791 1005258
597 68544903
932 27605157
632 219403218
946 605412037
344 563131893
215 370296775
54 31679095
950 186137949
817 216821723
576 857165923
393 842153516
646 99502780
644 278388594
463 373125179
312 602415750
351 229027717
494 272089992
93 143781014
501 231820173
933 725258612
304 994941089
53 976068124
167 231949102
435 801467460
825 497841674
563 381801001
282 981595089
555 845234798
439 140144663
975 128348339
85 372196158
921 813261569
840 78981010
804 954470726
703 902256891
957 673039733
365 184664704
571 529593553
319 827948201
835 711585137
660 140036013
865 61188592
931 289956269
489 196597111
561 882574049
960 597040015
665 13019754
219 381536662
77 910639514
167 593501369
528 316203814
639 225562848
433 833002979
271 803864028
140 453068060
50 53803149
121 50766404
969 651085108
175 588364440
354 128188981
380 53829604
206 100464727
258 95916192
919 627501846
773 886765665
7 966599480
681 330440540
580 41097427
492 387178314
68 677024986
867 378167771
804 310035235
859 125298712
367 931294083
880 693587805
487 59007976
217 386941657
953 97953501
126 884392786
906 976141423
523 85307237
308 754478963
414 576113582
578 634617136
773 831486166
948 316284737
760 564276594
821 752528654
706 420590607
616 930452530
152 650154420
470 359372514
688 902054343
544 725551069
613 720499026
336 103913230
792 519808830
983 64834995
398 796527357
932 21488097
152 612300240
118 124924679
805 504356032
586 902550195
114 316809935
438 829753962
949 856518537
784 290564688
980 798926620
732 38299499
808 417673006
850 398122305
477 470732188
738 197605288
656 92883097
551 880406427
81 160219365
735 910836584
847 919724265
574 705968132
629 841567838
558 553300191
460 651399258
694 278654042
289 324003078
34 87489578
876 826226639
969 876312995
421 769051537
204 311562027
120 934842909
612 687680057
832 981376894
51 528870557
497 605213132
227 585869655
535 790150801
200 13899724
575 74103768
127 22545083
158 754462757
631 627441279
516 63091485
247 832295407
282 972455830
333 472083300
16 217597629
742 769220050
841 530599775
838 702442734
616 722931517
48 147199780
93 55337948
564 601942995
466 323353005
916 144195312
155 861342284
658 871624189
423 403394328
958 405783412
124 619999756
14 778646444
51 566948112
935 383890187
996 778571274
320 630859905
492 142263692
958 403304723
679 43282722
704 699517679
787 154069307
784 296856264
445 779544784
808 387064603
517 46894126
335 311998570
696 163927849
77 444240618
260 223587378
388 931050252
654 714159117
275 948112775
213 306708308
598 533640500
982 662106436
753 229340212
585 469793900
798 50445549
537 454905202
193 184469370
329 954131405
820 903391159
610 338562479
592 365643197
721 412357106
557 982258779
961 963299275
186 47444488
609 203692616
207 954426225
825 250548266
95 15998092
292 366209516
684 13579567
104 444790961
639 420935396
274 20798832
973 947014689
48 728407574
213 913526052
599 625431136
308 569744148
838 76091257
536 380430867
334 131578651
993 544903190
660 373228802
302 775473034
123 410961936
356 745557949
993 168264479
550 428992044
353 875783760
141 54732925
672 950291295
950 77320350
828 755472240
708 563083063
72 981275199
287 97169420
306 839659842
202 468931364
948 473650530
957 738181262
758 971115928
53 428891745
753 52616767
887 912956225
662 90996450
10 78564079
886 384753856
958 424760007
524 744735565
598 529043855
238 111180968
526 909199238
568 48696796
903 794220407
607 953456990
78 780145841
657 350626095
402 593306161
913 235478629
297 29302935
778 549762194
91 7503865
503 727918857
626 443507913
107 375199400
503 405107947
472 660563862
905 718951115
846 966718002
648 591845788
102 322279983
72 271951355
735 544549681
85 820015561
395 883950751
783 318620876
573 202552341
19 414602633
258 651015906
25 689899370
815 367571591
542 138307721
317 510673451
24 36550879
917 113929450
417 841182580
680 585116321
546 440546746
632 754952198
840 188515640
158 268513062
790 154772592
321 485132552
2 259917700
405 767207947
764 846622911
22 223915304
904 760001714
209 544640430
273 654092823
1000 971615159
323 21277713
429 834322881
75 371550839
51 759866498
327 515517188
590 5768693
463 432597135
78 223367137
166 900988833
370 503611951
613 251265505
95 641484268
755 34493111
206 131974529
774 955498994
137 113436990
152 70700526
682 740746843
77 239006272
968 387119808
431 214254303
314 840696421
261 542357319
803 857321990
651 625127524
70 748854998
395 755010605
744 13601670
82 260257778
97 588878530
716 279692369
566 832847888
65 691342582
161 183535840
37 941882154
755 491088881
667 404677354
541 121953638
1000 714835244
404 337680160
142 743524293
216 1307575
983 156206589
955 451935018
299 400507277
185 345455258
903 749019914
844 80420318
593 613812611
15 987897761
169 845091247
92 879459352
375 984065008
239 752585506
632 263173256
990 131753873
839 252248591
694 141200583
853 979450828
198 685381219
366 840030680
540 920503013
48 253795939
477 568698091
577 614363089
610 812182393
358 758247544
96 166327234
277 5732813
490 753554442
231 762744522
897 324784021
800 45714958
447 988653674
625 111483726
219 14394206
438 41483140
210 32581659
608 360643310
905 247117321
433 195225240
737 556882848
801 173488866
640 505614006
908 597321751
933 10781490
844 926068904
322 234867923
440 798656711
828 538236600
395 850482602
905 279962110
68 121709189
719 144239261
388 763097278
679 185093406
651 483452375
910 171928743
508 229337484
88 413866313
875 446741176
188 941072375
205 482056408
16 25643452
696 86290672
354 873964593
57 27919913
563 880924368
269 349697624
940 104277577
864 818012525
928 455065699
165 87236305
106 890186467
623 384106823
160 950169959
917 89436219
11 917292957
272 381013450
687 590213560
433 50566110
281 157725764
324 868560643
76 821981491
161 64005002
247 434267738
985 132794974
124 515902972
519 232078249
530 180254827
542 117578648
713 214376119
956 715152723
327 380158710
474 282315511
659 880009659
165 782083476
434 237721613
82 950368425
482 171676904
275 78317508
277 107178241
458 628254772
642 803101420
183 947976532
90 495874276
704 992425089
743 225152714
939 134579201
909 102435123
289 122409223
656 948637141
121 596134852
783 862155574
828 103733399
11 291492050
927 113077756
465 401872951
704 191355886
138 131626349
810 769289894
818 209703529
192 795591835
689 516819585
290 171732330
80 805759539
230 739507554
796 521896723
320 251095446
893 834736733
371 751008248
279 201645457
162 865216734
464 976706101
417 411191429
422 159102304
513 336385341
205 543879107
929 57476271
510 198418731
591 594032465
770 141028532
247 942877974
753 405594825
47 349641663
935 133993855
331 848734735
354 79199998
707 198002077
940 140393100
628 256122607
786 468669896
48 50393856
892 350658244
514 181743099
215 542764656
993 714095230
748 167043241
220 956501803
945 120064189
998 281249708
998 87123583
317 455202758
528 469639647
782 839059183
235 113885684
943 92790624
545 127710169
836 509805595
537 340061667
194 683975022
859 747530923
948 976554332
60 788654655
844 434255325
966 18402275
547 214126336
437 332815175
141 546931504
397 648486976
847 993620350
708 199799069
943 308513011
1000 762426159
260 239849640
657 874538496
619 880234731
106 208034555
467 66766572
518 25392271
191 940546071
552 774004875
19 168729104
853 880988618
775 410222664
977 865642028
846 64996244
953 552161667
961 394420267
504 706650552
82 878901110
611 602750727
649 926135464
861 978189466
760 594688967
531 346533258
743 181264608
944 889059989
732 619958025
22 341768808
696 720159694
217 555380995
883 415300965
289 341160507
242 647732449
385 985821642
534 217726964
610 156185467
323 309219419
884 915203745
418 682131733
497 818373464
515 707855891
369 485868553
584 696384818
266 999104148
268 58597615
889 433584534
935 825682128
956 217253838
87 678892079
358 986931257
110 278042154
778 477655409
826 135628294
474 755482870
781 502919014
180 129028359
360 73764281
489 377428251
186 275579092
948 62759912
245 608261401
124 645111576
480 745028220
918 940048685
237 657410736
488 836906639
970 378797455
84 826696482
531 520454595
174 138062005
357 83783621
444 405799965
985 770974521
925 34617040
482 318616870
441 740664404
970 984699617
956 300522409
84 519733963
871 966885001
17 492602303
577 386316260
407 371907810
424 137332391
537 77952031
458 29445346
73 468771928
54 776895850
931 2811249
736 20870105
195 556323628
338 704255171
192 624423942
32 7214402
722 624699508
307 741927527
162 298099254
417 113014793
326 372334618
8 216575298
351 428864956
511 145465746
216 61941359
570 767600428
122 24065657
56 216970684
810 300591661
357 477214775
161 88940548
621 94291456
165 799038773
939 248578819
47 65499255
210 274287826
164 32888861
268 245317398
908 430915839
128 725670659
424 870275980
638 37935500
601 79046969
52 991453320
532 632085007
78 29939748
98 492812676
412 794471941
854 848871901
692 179245157
584 636078888
706 615874255
799 594896656
223 652848014
319 621820084
663 604303142
921 21533163
664 391173438
535 749937125
156 26471246
433 498174136
13 503105849
849 244144190
730 32875734
864 717137319
414 580934998
467 75712025
89 833410226
385 40029801
1000 37988591
232 94184626
346 408395747
327 121330384
83 332782118
277 21522467
976 513040283
567 706238832
4 851330996
133 1291604
519 17224744
910 561418767
21 231815795
233 999199162
784 58769540
588 827936780
943 82204102
425 617860982
803 487368582
847 615793823
282 922654348
135 336285588
587 923297898
555 644577341
81 551220689
829 40490523
813 238121642
487 209806740
592 110524701
538 103307382
72 164388169
538 316034449
104 855781417
275 559512514
589 728050812
19 591328729
700 757790703
543 35975581
15 935555738
443 580272170
371 80615197
276 512055284
167 587172635
698 20349843
979 904149601
517 20288874
545 342058614
49 75625334
84 937703496
992 713593882
337 312415064
361 76245193
294 683915242
777 451139652
801 78243929
318 944973795
433 262546707
399 264252032
837 721459798
237 725504893
724 959073080
484 901721235
79 103784129
419 660058622
172 982281094
416 944054352
453 749493461
130 188348125
416 639416059
393 813433126
24 421811856
940 182842037
172 861731487
521 660652571
387 419060226
758 487082289
414 15994237
799 230694830
83 447970380
924 458611682
591 573157216
282 968375480
868 570405223
945 403237812
803 345474131
37 112576378
271 630560712
905 333939733
570 271964912
315 98157772
162 647870021
196 806700958
668 110970580
334 411398471
274 977447010
395 141589502
750 2403433
215 149922355
180 525314423
435 603708368
158 880985071
672 345377609
88 78897125
275 672924534
790 695719377
518 630556250
110 912357072
548 531836071
134 932205299
368 270151170
369 786169041
246 631602616
1000 791952480
185 146101500
212 921491317
292 355734869
922 232707828
308 101785986
165 25381852
876 441084363
204 649828932
262 420388660
427 656941634
206 611088375
662 35528976
123 413896696
940 957655718
984 479060190
798 675133810
122 736098727
576 868829717
87 530929000
396 689477778
123 915523214
924 799562692
492 563026645
685 178899091
10 12169895
809 150827608
32 34192127
45 659059070
489 694694146
144 860809797
303 523313100
247 50949102
548 577044619
971 253145613
652 26126179
510 714319957
818 955642357
537 923505485
285 235548935
774 952875319
52 240900380
885 317931179
261 144759863
597 410014263
829 563006744
767 751156588
25 879161853
172 210037161
515 847940020
885 112213753
346 898231520
397 818780091
404 313103925
63 618008265
487 88773717
375 404736539
728 849296221
602 834704767
125 726011936
880 77353888
406 302445051
164 683095521
770 981791897
288 767308867
958 993260479
246 982864229
520 562720478
751 630692906
18 831429590
466 159820699
921 118106196
203 134319301
590 628815187
749 265247503
601 836351603
386 522516080
970 928652897
816 51804997
210 546496094
281 521156929
973 127832369
827 333091517
703 439105858
134 281470643
129 176434698
776 989917438
887 102891624
673 963062796
886 651798567
121 756781955
45 593572879
170 890076122
64 377892122
326 342118973
231 126506191
879 214673170
912 51881777
471 591124440
116 352209925
925 656299379
637 36024086
589 304356977
973 203708651
222 402032416
664 79880612
54 38659995
267 498057005
91 732825792
930 104470873
86 202173427
479 468036820
252 745316977
80 331721410
998 773470202
65 804814037
119 220321299
984 344310191
951 502500725
683 947418573
468 745644168
154 879639796
55 865972786
432 852452545
676 161824983
626 298861479
24 394190718
955 327032957
916 747405715
895 871243629
869 359036414
168 632976900
817 388181005
559 153749921
655 150034500
622 180836630
593 288851332
307 263131425
790 954561162
754 368410743
989 563500709
781 887565048
85 120572443
631 584718415
119 580640899
91 202418157
323 989644013
419 704781801
411 77609828
315 833214210
840 500053652
972 723686051
557 984841585
297 637048363
66 898265795
852 244097656
19 634603288
355 271881614
718 305703104
663 276295926
300 102403534
518 953805493
311 306502315
44 236649942
223 450096701
163 73905120
732 626977841
372 901766543
714 47390934
654 956578372
206 102034699
405 922036017
901 157963679
808 466693613
234 276813921
974 365676065
269 647112844
426 973879145
162 400283628
91 712419104
861 367426545
472 73842380
132 722471859
783 705537441
70 947748211
371 840917698
964 11517064
480 267282873
413 982064717
343 66584804
164 840770576
636 938954076
961 287962862
516 450026345
214 58955815
742 80780635
655 703095746
883 604966381
435 412434335
367 976893928
494 158802569
414 45299006
189 296504762
738 808395890
106 265577293
793 98034865
727 830562227
125 137192189
895 786587295
734 74074509
40 333714307
541 191584682
173 670856443
639 447000422
658 179628282
352 937539035
557 507842411
98 5522189
981 721149201
589 204989425
379 196662639
89 759137027
420 511534500
22 69367859
10 623833452
529 957339764
219 124684551
305 116315889
394 642752062
853 792382802
34 885769304
146 114400351
758 286349456
685 168016766
346 654867942
817 913947610
176 800661694
106 600695410
24 243720274
751 90861017
184 439415154
532 931468387
108 754331086
205 245696239
309 231624944
193 744926551
854 262769435
471 583105145
328 60559538
593 459198012
986 199550924
741 354087987
765 327244112
50 40235297
289 121139864
448 88536459
249 119326106
495 289317095
122 49414311
453 368419136
343 556319278
810 707645693
529 528835154
942 965316864
866 317521821
229 46236083
516 193754243
447 218854918
465 241974271
633 848030759
381 679099761
457 53325328
918 86995218
626 223683235
494 97249854
645 519291415
127 280966067
626 139891543
318 493709504
616 893618877
293 124336822
605 772392560
154 419493430
413 981676730
250 22592041
277 220717780
463 256428203
385 964627253
471 110125464
427 488560929
190 91285038
13 156404783
508 42680446
788 585933589
607 225249097
445 591265670
300 937993464
698 175332040
263 14888890
781 414132812
540 778878843
429 514812907
351 202579746
736 527815276
285 489451999
922 753146600
941 957530060
211 961422611
877 549984397
829 793145309
610 335709327
342 304198921
130 70696250
186 352314146
388 655908685
453 983194258
606 616511549
378 117072145
596 603829601
511 281128379
558 339160136
266 248625886
962 256785361
919 887951123
852 500362104
412 515103280
160 840082871
555 521064504
337 311640124
183 894780844
761 788855598
21 128018861
925 195961056
806 864958842
625 399986940
115 802629201
42 715102405
160 984839021
906 662421379
633 616564163
45 535502145
107 501565855
641 965379947
864 31835327
382 102655046
467 487293454
785 838609018
424 740093057
821 584615851
732 491084140
918 219317572
12 281003284
771 531220278
765 416527254
579 77069426
568 813706226
749 357262575
983 936669558
372 332991381
387 562247865
24 771720317
756 799649544
239 250169464
823 494405463
645 105050640
551 779456543
225 921230736
910 412282185
852 105469634
18 980060117
590 670480366
288 723832046
436 682862352
154 833911307
555 783177786
734 78777094
226 537975477
607 686861485
505 68653484
373 521247959
656 880559662
618 164533360
956 127144014
87 399961324
218 378979973
200 856796288
940 315967775
648 122536193
461 149052890
986 2760320
667 421787450
870 104344226
444 79311109
384 864253991
87 794663233
201 120677794
189 396218101
61 938167717
365 452145563
899 182126730
905 75141273
221 264969091
723 335963803
998 165625001
577 218597599
503 19860494
736 3433150
475 55922912
790 504125441
961 568827606
839 864827032
513 966449169
73 682395352
549 518096223
286 469759070
15 60109787
845 918557887
219 583641278
239 111400334
9 144114774
206 901417052
437 50801325
721 429381120
416 707755105
635 716053531
282 417004459
306 982262636
276 106203225
185 256009598
734 157590722
787 598006846
834 755162094
605 737369721
804 899339588
691 418987832
856 460676563
442 904348328
100 666641905
252 22823909
167 120364238
778 370218346
655 369161372
535 321734550
667 753639966
485 394988836
896 779584984
700 588471480
350 299014594
354 681368360
315 115564796
836 434788744
126 493156852
134 706027193
488 311795484
172 273655392
263 540811846
796 52533136
783 103085339
145 625113624
93 532923027
34 66966283
637 44438621
422 963814649
618 824947605
917 635016044
846 853672520
343 760438728
738 643220356
312 969027689
673 290442901
229 673801596
573 846576779
555 596420845
70 618726338
730 517855157
932 997830005
712 161680914
258 744885182
87 150200527
340 803635521
190 944806342
223 556968378
347 680429498
568 921246838
947 868454825
966 680965402
929 119842610
606 813988232
624 903852663
479 801085840
844 87507986
825 425217198
521 514737838
175 59049101
40 474871338
150 562959899
914 434788764
602 700210892
596 77547529
89 126086335
345 365901895
842 30860378
131 886459966
554 440462533
63 753243568
210 863557607
932 790334876
290 623814589
914 123568496
24 981529794
153 803334193
565 904808162
357 284340542
131 534322049
710 34194820
708 565771176
822 185108841
372 97117279
308 740552860
646 445593945
307 8514976
659 414204322
901 352751150
573 667142181
244 859179386
696 702973795
25 251057109
66 751225228
292 350404450
357 662547428
348 470435691
113 553496769
819 586236700
110 259959200
94 376812474
650 804692913
668 955286661
713 514651783
16 18896800
728 180445591
190 418824714
922 72140213
223 706309342
821 270312061
102 904956851
617 761471077
371 27095598
909 652921850
894 103125583
285 370529575
679 25407861
710 798279217
293 717004791
145 225992443
907 781672458
854 381719540
875 110175137
122 813377421
198 898231526
234 956070351
350 600867186
904 319088533
710 273528730
476 295943262
608 213360104
942 339637244
82 818490998
438 646511649
783 273361349
475 43668804
413 351589203
581 209677445
571 727589776
525 740797020
804 607505145
270 716395217
788 602419859
549 688734065
491 725837512
514 331835434
232 34118413
627 247634416
492 338888895
203 38575601
827 677703071
937 540897831
8 646770831
635 170931730
582 66714474
119 925225173
585 140665259
242 80413832
272 282898488
773 407181797
918 481559795
622 629162385
718 86152548
792 893054059
64 906623418
572 767126862
290 401636647
574 984238304
158 103680432
814 91030561
358 422581042
11 236766832
709 420879685
399 244805777
567 926100603
539 968539218
747 589859312
332 54057617
361 389796552
23 182440388
997 816484190
508 872876282
769 981208113
348 915877368
586 13201543
941 88048826
407 762316364
977 418638072
251 640172619
689 715279301
844 339581670
177 644462642
486 598340340
470 333147918
17 554525202
184 161192651
861 112050037
417 60859555
904 541332038
238 996198615
408 381024533
127 232240901
17 521750023
819 566442072
249 562881489
994 106927419
879 401831919
845 783665423
591 418204187
292 53461838
654 976948264
679 110745891
675 177001815
45 110528078
591 392000342
69 14435677
304 229084859
155 985677498
553 395382229
581 876417179
402 54494864
16 323038851
927 29049592
408 347652240
251 77306489
155 261095512
468 306204366
120 50295219
488 849920043
520 781270625
271 490556368
892 301944378
939 930777069
725 398021615
762 868892480
635 489914768
928 64574542
640 92606958
399 86055208
955 575371354
870 571442621
716 895658823
922 91633866
95 702981595
850 239777487
403 615268663
84 96256974
341 973484963
480 768779260
379 514929771
592 861379611
530 680536842
832 475279854
348 598086425
804 584107882
889 236166458
532 114385030
128 252530645
764 34372270
685 382901598
788 185642551
158 757713141
294 908801751
429 991880928
349 795666591
183 29832877
676 995508735
230 759791429
802 44658073
647 311720249
892 156545177
975 702356991
596 178304964
260 244481555
494 560935347
55 794650884
974 937193035
75 347430675
112 122247560
280 982133921
247 940077960
853 750723027
265 620118573
9 618387914
537 496217432
126 542035059
179 67891933
24 502345278
196 57956246
229 876004162
105 876230434
702 2425267
584 141474837
98 883902137
692 77304909
165 594439488
348 527247939
949 91234753
312 345350077
676 566188678
795 807074540
405 843106506
550 521961252
567 255242431
964 190543557
836 70247027
523 192311436
924 431171990
863 876658886
826 204432190
312 210160284
2 960437069
35 108119343
812 681738219
304 491696904
273 995802728
932 575635136
206 217474379
630 142104731
206 901145
759 331646606
961 586546840
96 95865927
415 170984824
684 781794233
894 2031281
372 40544451
984 461841542
374 390870466
544 177097341
359 709139497
663 418848439
862 500960452
454 725032384
848 855194097
188 45418818
888 878761231
65 356578242
730 132502759
112 250033764
317 596292700
446 812297065
603 116669524
665 870547092
602 53306720
379 269968449
910 985574569
471 281574641
984 18650473
238 517431616
607 609851314
967 18126860
669 330986516
495 62052498
140 310785958
844 666402195
4 40276031
580 70707179
582 387314
10 96555948
752 819038746
994 112512139
932 939857351
184 848985033
75 875041606
502 829967955
920 65298392
765 113785326
912 225891884
394 676868369
506 852629398
936 255033807
929 877998388
683 484235023
297 861600385
25 388489455
283 347855473
158 689251256
637 69837660
145 878838888
645 581458143
380 650165474
844 809629810
102 906607332
368 355746087
404 911749372
212 575825362
810 608297832
743 349193883
119 596243703
550 904626727
162 84773883
629 133417924
705 334903869
534 952522236
531 173136568
715 432543785
183 619145220
580 113640722
972 461435075
842 294583272
529 49084424
244 213846543
752 166054672
942 160549532
509 291506370
259 889374902
829 943014269
541 282833864
89 895251155
327 77350029
96 562229423
65 11022235
682 885395035
268 152857826
677 303773826
862 950328248
712 614672226
369 678133312
708 990029402
218 22517645
80 467062718
885 825050569
8 487961525
296 497797511
206 749807250
317 16649073
721 98992235
525 954108234
998 52068990
372 665263276
920 284800917
9 467430278
903 330646620
739 111269705
7 896319554
354 884058881
747 149822732
485 676854817
46 711397550
475 56930342
489 158820893
162 538688767
501 951524566
353 107868608
558 228497086
981 621908767
377 370145541
162 62061600
690 272654484
649 58798833
511 941069021
100 100359589
523 354463607
803 250681283
494 62383999
1000 113877272
112 617832032
104 446637808
273 784759589
193 205168280
3 49481979
683 151626521
912 421300530
521 846285436
811 425755418
752 533420373
502 32046285
979 960151806
246 810127825
776 48912803
230 414907706
822 998867266
793 199620870
642 518302140
230 773467174
352 578329159
649 845158305
789 151456607
991 181352394
968 677674381
432 929287799
808 350533683
475 301808504
981 716533628
787 196831915
410 21019003
460 351316676
906 71270877
197 705762774
377 117656460
812 683324262
669 607191237
767 633277989
374 46148964
157 427492411
150 410017657
887 506295287
26 17893461
399 195869299
378 353594405
450 447112436
6 895676103
492 623529368
620 394557967
870 587217329
506 322845524
993 888168147
833 193130171
641 700281986
421 695755605
8 384299066
137 862920544
483 505510082
122 740999165
217 386618108
246 680225061
777 511518502
314 746005234
192 909642200
202 125329464
665 71160395
879 65222193
562 190725481
775 403695806
157 867396003
420 457804649
435 442000697
847 88299835
41 124519605
209 86428118
257 52623300
35 45382755
436 46355498
52 39892560
224 406981052
965 440881971
413 228883758
920 168058793
84 394995816
187 66835057
986 252566627
593 18680537
677 702977313
131 303976943
751 564960068
584 18547439
480 218571528
698 739146967
582 326224004
844 987211394
258 11885377
837 23344013
937 238605510
352 51909263
744 372589723
198 693635124
832 124657711
941 277751465
921 772286774
233 137828308
587 670388081
880 389391426
693 370778998
834 616025999
841 745486792
442 523907306
185 69423230
784 847522317
869 104859061
835 73993951
546 986890211
611 653104266
435 827959816
549 306589656
360 467752469
790 366714906
711 319347644
964 32631668
40 928018173
185 789030397
215 17495754
738 124040768
933 563284176
298 303707185
419 358909240
371 822030003
502 410132983
807 509858884
285 303240159
221 698749857
413 996811335
340 23578201
311 465956133
216 818764697
740 543505994
218 629884834
15 823826586
455 452431758
704 574200557
106 58834168
500 289923592
398 637600345
692 216079172
773 748799156
531 597104395
337 467949990
909 977662340
99 62655399
52 287819206
841 36649713
547 395355703
830 508406588
324 725072159
267 83859555
402 814691295
817 69727023
29 994230066
48 132667719
635 677013785
217 763799399
179 727100262
525 66227130
468 9261392
367 630309740
579 95980057
80 866799605
940 728875050
238 396089899
585 473112368
508 923193994
245 142792439
107 298577643
831 608937532
442 754502369
660 647203796
570 168373485
116 715531439
749 231200043
467 590182033
845 478152584
315 632003365
559 570107256
193 574779547
740 196180805
881 946073575
981 22627199
169 111060805
838 404816900
580 350709906
620 266675571
852 77008587
882 433814430
3 260118539
971 180677824
707 310360821
696 419491970
630 884673414
272 818894851
426 907027700
700 950440501
128 565266622
338 363008991
773 615385605
583 313289790
691 642400561
622 923864332
432 108121144
171 286192504
449 60111678
764 535670468
498 737397468
444 424762041
182 773774636
312 302201576
45 890685301
835 502968583
303 403783955
123 705233139
393 492465482
284 513545478
948 616424530
333 501202977
766 11489516
62 119860148
722 62570332
111 160338807
620 56465979
134 110973146
266 540898365
104 754620919
868 817903841
914 931243308
226 56098142
159 143944362
127 132793202
308 333451495
315 816121284
740 189535879
110 228650173
593 622075204
862 843679584
564 817990754
740 79584727
676 503073283
203 975129004
873 320944544
585 522740123
545 777709926
173 627211765
869 160017841
917 307710551
842 573066644
910 740293409
186 871592874
660 176113886
768 55271357
592 101900909
122 385769801
411 764438467
327 259271668
254 582500744
680 572414895
133 994728985
111 49683114
102 425907870
887 370585217
710 637961559
724 430073959
183 244550084
37 889680010
508 440081109
899 53328687
37 176023403
997 197682684
45 16244595
775 205259789
123 373945014
129 651609599
341 827458756
611 168093425
750 289807098
146 5349965
202 240843330
17 969746463
417 166178365
728 222664986
845 64581507
505 257850766
592 514760153
523 482242946
10 997472564
967 722395337
311 147362931
145 143261746
553 597247128
902 2193082
610 923848800
626 569205730
558 141729067
442 155738492
510 88339362
325 608722430
676 75877776
363 770090505
446 88337509
847 200457080
680 977483959
861 401556738
742 280257167
319 843507253
635 325087943
424 534585417
982 699590432
268 67435602
795 995405034
156 618423606
457 167082075
488 843775005
271 263910852
466 587116044
684 184318307
311 895657609
800 764065100
432 129772161
312 633943381
754 310827899
665 703617593
753 893733909
9 832039446
966 394596150
829 119213428
606 365981281
814 29174285
298 417175291
603 99045654
196 541924684
730 587431938
952 737687002
890 846293658
291 359946643
261 579343612
956 638560069
226 156353168
947 906744028
683 278849097
790 955843282
59 270120601
898 832026947
99 609652155
319 11628083
297 683254463
696 722210626
549 271816050
707 587371809
530 231604004
496 473098742
978 796068957
39 746370889
825 318284302
560 184192987
989 217890077
531 689906806
943 204438801
505 80664591
18 925611011
107 145813964
591 654869274
976 771418640
897 960037225
143 829588507
459 600804904
509 381666540
213 30481375
377 979478343
430 101055315
601 321155410
739 194678918
953 173661796
108 729827680
285 59190140
699 205051080
237 115762564
372 917801151
649 358275160
562 789722119
702 677172530
743 133607664
757 291787303
716 545294627
665 851771233
846 132016374
856 824739078
967 247721384
628 990983481
985 970360757
873 453220263
121 453952523
778 712467456
285 204593685
354 145306731
83 143304742
402 735545701
703 262193610
413 716646853
853 425383936
697 113975950
944 782792382
404 81473751
447 586200993
938 57010703
341 660234579
460 970659572
229 302521217
355 611812795
435 186170574
789 119491070
314 698714466
570 861728349
362 16583774
955 42313100
417 285376242
49 420107184
353 88300639
395 601353220
346 559663408
381 145364116
213 631417406
976 105254636
104 204012775
977 968844705
481 180940761
911 635491992
201 612201904
684 749890548
20 71697684
956 650014077
843 483625728
681 181649745
140 37477081
123 911712150
16 951965209
713 549349948
855 164246833
854 262723162
671 338867456
244 955596831
308 677320160
574 117160086
381 258795827
223 426490712
785 418304386
441 514030162
228 767502420
970 138961201
376 216905971
979 8090033
333 280401227
273 2689956
128 294519800
783 121048699
655 266433785
172 643924294
979 372486699
852 661966291
138 39040318
574 167773963
730 2219235
900 565367804
200 913795386
804 910983032
638 730014010
923 405709574
726 131304991
994 369464088
627 447870942
637 180981967
222 359313133
206 86576545
607 503321416
519 687334688
463 821704576
547 522270142
122 216767197
932 954377646
462 895853838
539 341727170
600 783676451
546 114039595
280 366767128
613 119068446
541 52579054
126 341041
36 114912202
685 893523785
412 303338003
333 534914890
848 21010522
784 860402371
73 148562817
295 748393705
179 322783900
954 135866352
871 502948387
357 397705229
453 924138332
425 278303204
253 905497406
303 492457985
77 215479667
673 690082536
943 495445166
678 195220379
24 276670305
798 71452390
824 906001152
138 855306871
989 579168714
378 291243348
30 176167683
19 781955638
724 104364257
565 131691571
793 517850146
751 706080639
296 673915128
659 305761949
470 598817963
835 348878269
627 236611022
106 39755847
903 976766104
318 832615051
957 983447838
397 783184871
352 371234843
858 868871050
916 211807178
870 518197712
236 283539794
359 758768247
337 983518190
944 258155593
776 93176963
976 361476689
244 292863493
261 208524205
787 503264680
225 284503752
962 550855130
283 832184915
620 97085174
550 106202583
116 853087322
690 510885897
819 342784519
480 942700532
367 848266393
897 786206275
222 940120877
726 605874632
179 558429158
455 596937550
837 118708880
413 123610458
145 508274480
992 865772419
778 655675261
587 228646757
411 54265768
727 383018704
221 894053558
735 75562872
680 694344210
91 274347142
991 109783418
624 543787299
418 139898484
305 911920690
501 126548399
661 658336051
68 597324116
277 49847513
460 298063079
764 887997058
200 904729745
564 716558514
361 604340665
89 771097387
689 565419094
18 587072700
970 938958432
364 652095363
176 519205279
692 572561126
260 194993046
69 91946861
166 584234126
250 485620365
851 70348380
327 834086355
881 142031329
344 297208245
937 354790600
692 670714009
571 63433314
454 199404533
628 465018260
163 787232709
762 635253238
354 798097426
816 887980897
383 224980532
866 190893140
973 464600605
39 486149266
81 337291881
492 116104698
845 540515342
472 758426346
882 637905139
690 62747354
491 337146890
732 407908878
992 237123764
953 519229103
191 49143604
138 86374114
755 983104592
725 170528666
977 750948185
229 159059716
678 73793835
778 234517662
750 159612539
315 320012863
823 968700052
174 460098634
990 383091533
486 390624719
871 140970613
475 936837635
928 356949677
172 570589949
171 778507367
385 822581157
3 61641356
580 377513774
896 772831803
161 532617218
960 680806651
354 645105265
328 455158791
466 925781111
433 976473298
494 159959329
444 707649609
623 747832033
805 124051579
187 271377493
843 978740605
78 746474667
160 292971060
412 67434397
981 505068628
640 992841115
33 525478407
81 802674594
596 489224025
964 922776076
561 122723741
585 132886910
191 640651865
15 216760734
559 677943309
165 346521892
162 55636739
322 851694972
392 137954210
374 392509712
982 322624927
490 228649492
569 529958864
383 111946350
596 579177925
619 420581724
695 521276592
923 423466031
71 153556824
307 111512146
186 257020712
294 511457109
578 820976548
418 108178831
989 919890544
721 55647006
521 774669359
473 53997173
260 508400880
937 116569763
457 137647537
411 203309468
597 8563879
767 506643839
626 500635254
155 99492153
936 628417157
819 853271598
89 63750987
373 797428981
408 777386801
766 719904669
107 791427031
76 878658165
119 198367187
696 628924669
175 866019307
434 873514048
193 687715016
889 756314133
83 421414581
172 881236841
130 365319407
472 637570360
509 461164088
856 228879824
823 717035960
629 14075824
496 64331148
357 968449379
519 110221000
260 764441190
493 230151481
527 50074983
385 84751222
132 200474454
689 144765456
138 336040141
62 877883636
252 2629593
756 818782826
736 378719433
981 167488164
440 948678014
166 924823369
718 408910953
183 245193135
369 976743213
341 207390076
540 889534666
832 539776212
251 630245258
52 483267893
524 558704473
125 887245939
49 352422127
428 758048967
19 909227435
35 544007359
702 23986129
101 761877067
590 494313955
455 620624087
190 443864869
123 810503853
586 225773449
100 221006021
705 362199208
208 476452137
383 141964905
670 873376154
285 694041109
1000 359344649
837 256807213
12 111529559
362 81135093
759 37348058
182 52633660
743 58673947
903 40914088
910 963055368
523 517172114
238 72075659
274 672654486
375 586302513
253 595150791
24 6823124
319 405003849
340 45671830
747 660766645
985 508491417
301 605513941
287 50101600
997 978128121
462 786009118
323 250793848
942 98426556
915 11012726
116 920217103
139 320350725
747 153037716
890 428338709
816 358634231
965 659724340
537 594537112
45 53445187
232 503125275
451 787613179
346 616564918
206 793356499
577 777754391
605 667384835
829 77721640
250 323836555
979 943404240
101 117005131
972 285919007
665 651136751
908 601234476
316 275856233
852 576952870
240 411660754
591 689797744
176 99309812
463 614390130
630 626058223
11 380029782
622 46143144
502 394016832
980 819265586
804 770858526
587 33672798
669 383442599
180 346538986
606 144304688
497 59308698
324 45630702
695 347694810
257 550310808
253 21340289
854 477683435
487 604672693
998 852195693
440 711666377
2 861451699
62 168862254
541 841876997
373 158894467
2 583484260
630 539997990
516 443145283
540 755694017
150 93507839
493 268757665
9 161761515
2 910804337
1000 418516690
973 510967736
457 173227475
68 948037448
36 561601362
677 95234536
868 652894109
372 567509745
460 303506032
346 884963117
770 144180901
98 771884836
973 61612636
292 849219680
477 351951466
804 387465147
366 489603739
563 363758153
875 856850622
478 850444245
495 431835333
229 170137308
774 965630310
308 303654065
4 152001537
187 85940296
992 142366316
948 851429659
63 814012926
955 730843600
142 926921962
144 13283141
212 151355889
558 292501481
991 802469709
187 822041723
717 600267590
836 177444373
853 736309797
510 183660839
910 139407930
354 78429066
241 863531338
904 4019280
106 21841643
103 469601872
12 772692563
212 989424909
884 726531446
300 909021721
221 190638746
696 553902414
713 826180680
956 545067907
994 878200020
368 972355657
535 881059329
901 772153956
880 27003362
975 684944136
99 988088984
845 543380195
179 527865205
810 81127057
511 956461974
41 670120814
799 12110874
252 274552866
869 550498461
878 452820752
388 307960368
478 379705656
636 881314383
902 285439198
595 62241188
3 431478816
871 187415641
124 891017622
232 7530201
621 555162080
52 137781496
746 495846473
930 680774221
853 548095884
858 583543076
198 80827568
179 697404131
357 232681973
343 148622893
55 315674034
655 33572470
73 548350386
283 379235868
37 561081123
516 907617883
289 179759577
21 335289154
481 515164474
954 534595473
249 739751808
606 286832739
787 708261856
886 71062683
754 483367976
178 496759798
756 734589920
507 577813629
874 541111698
351 360813723
740 118371594
663 403897866
612 438277743
775 946906658
816 387406725
930 132433855
529 957175488
191 784730262
86 487889750
341 229911863
71 432929894
135 455597525
866 140407506
808 702971049
804 963103568
831 777851934
572 935407031
354 313554448
802 186208625
284 19459946
592 725789833
698 211872346
715 77841227
589 773671408
800 70079183
917 560576746
23 133951991
876 907432215
847 558338925
534 81123188
137 128899915
413 559097791
848 683348516
692 289046552
913 848669893
795 264690836
360 824439568
55 499134253
135 344564291
25 117337942
830 944244052
446 734707583
809 858632097
207 864248950
85 208513397
793 674958289
127 910438521
731 628516086
886 642481508
583 631894292
78 685079001
538 652647589
883 221347533
760 378967575
712 274487442
194 576512734
384 861287542
69 83724244
431 310145575
300 14104459
585 909594073
207 600428765
255 62307959
611 417303019
586 814819092
750 211533761
992 84922588
71 835185149
140 406906772
438 652178675
480 413784907
953 521513158
350 214577265
543 211772105
897 605853147
430 924052048
784 713234350
151 217825520
217 218903791
33 40013318
87 332928433
779 64793385
437 211777678
68 734902573
936 46856349
91 123120220
522 890132013
227 312338825
137 411748799
985 625057629
184 105976660
994 1306574
987 833962564
187 724706472
445 815866486
638 122954028
941 935918451
319 990541924
930 44539471
774 74615197
400 536764920
713 707904190
955 794310613
285 284890570
6 946279805
888 104336300
97 858447711
907 303877528
586 931732552
142 656639628
854 588993544
815 17962980
633 412313949
792 315118059
152 41159686
833 712559289
324 709240576
671 939455244
978 279092514
953 102119467
197 783717966
592 665805564
293 66606471
780 313674296
160 200155823
547 518391989
522 340451915
952 306895324
380 237168872
824 802360931
559 925427278
45 505670143
732 301203003
60 710899074
192 132476315
21 980234708
361 754802757
890 300956498
928 159414658
619 97190844
627 980477172
594 727544934
791 434153781
774 733229566
556 671762369
99 378114889
353 350166149
876 550634340
955 931956792
941 138901063
191 283668200
175 866715923
889 577513174
622 731308903
997 771092774
284 472107953
744 937927651
835 987624095
333 532361885
113 813821876
868 688493673
395 368698045
661 712985130
164 102746926
468 5658757
567 994642338
702 877830284
709 980940824
37 209031046
251 543603659
865 442587823
113 636770046
557 873300473
580 294505012
251 322682315
917 121749134
362 738979228
478 289619401
272 882376784
914 22718385
88 832770356
462 416130453
303 377262496
828 176636638
373 23507649
67 510355258
890 170207361
650 700002635
253 239081221
460 583281337
215 6112119
143 351190632
137 39853180
42 496966892
447 61778399
520 60480478
150 828302051
335 99577817
700 742413097
1000 434299880
331 891388817
675 371034334
48 920358933
791 329997963
944 900814506
914 388388884
671 33193224
130 571876315
325 216688219
974 684287161
669 315777595
394 430594725
499 120251317
397 737079734
166 365538993
370 329937326
20 778709365
695 27505455
30 120157824
636 32515782
740 274388605
199 5221967
506 566163954
575 505838308
785 413179448
632 494937181
654 715666008
443 592508410
490 109533986
335 705859213
842 918132576
619 168084020
687 47361592
16 707215988
434 720142989
414 417841322
127 624265997
564 984338757
732 888440418
783 622239405
172 652671493
394 231191048
346 788394092
224 100545003
539 651692598
614 911676207
316 99289772
859 134854894
810 56799227
934 477085654
379 54497480
33 133838079
737 334351129
381 86989990
675 911830599
669 330107691
311 123537213
343 56039086
351 906248135
163 401084490
430 445535407
482 538909682
980 243859228
87 597994343
739 20161928
512 478597899
474 685327541
257 925723912
534 194182129
287 601144431
274 178297509
653 72957966
838 52554050
235 62930028
578 73635011
957 56362376
514 587408670
220 403553091
420 122740097
48 913251212
420 956802320
169 853385659
977 628487590
203 996494961
568 141198568
500 695145723
913 805179316
101 202529714
357 905960628
781 916154906
268 918709
749 72056651
856 649800227
679 866617187
101 471451500
525 131247010
971 439905075
177 789192507
15 138822517
405 783801050
65 580537830
847 786703769
510 499270849
68 937429813
977 303830169
394 862052325
948 202236893
108 258782285
175 404966474
99 152771520
738 229294377
620 395663748
80 559108354
899 467134374
805 690636292
34 560660518
218 938282514
414 170312903
558 777183705
178 742285782
325 449048521
749 475238426
974 851863357
792 675020905
573 147751979
315 98299474
191 417984973
137 215188797
598 838740127
861 284538036
938 928527522
79 607690358
591 808080039
368 531303657
917 877234563
133 804148982
473 923114752
78 461163863
670 686380621
301 116080804
399 618018257
135 787949567
953 44213074
884 506106409
216 299100141
904 547937285
504 95370638
764 109578854
314 177001926
315 810587246
620 526011775
119 493499412
382 814190814
767 718081559
753 541081184
297 320502382
942 908162540
406 688093382
973 672749723
778 743867969
26 261675384
609 68539981
178 663910422
368 524241214
709 38122789
287 736390672
981 438386928
979 846830509
813 774630990
177 111134701
775 622406984
464 590392843
585 511346610
44 705685209
588 110695703
779 438681264
148 357359275
747 301258018
621 337491883
518 173508688
476 92648309
989 376675749
792 312103449
341 758734942
884 123724106
794 522333829
815 157516928
532 243243568
832 406896358
137 7531978
730 592428568
854 4041710
194 864918063
913 444090477
913 171849460
564 851125580
99 73684960
959 2575119
126 14760735
919 930434697
182 118191219
721 127868213
794 400598656
927 307874277
941 907862626
668 636138946
637 393567397
667 904052204
828 191463739
902 26595525
805 144622272
28 106994923
3 103738701
924 179160288
760 604122969
218 233522928
425 923065489
45 577004936
171 652476886
72 856804812
215 805821964
152 121217216
694 25450115
456 235779204
302 113803316
571 41673771
9 419325253
648 217403357
295 124684172
144 612223693
156 504881119
819 25529627
230 466236132
608 193368024
49 964818695
217 213623356
651 597642322
294 883324388
423 451907820
219 187690295
72 558857653
4 207961943
252 590298682
790 91877262
132 802167260
881 217463111
889 339325086
619 178181889
597 805894576
647 597685107
422 106448769
795 374158015
972 522861435
980 18561434
962 122131981
826 969215091
625 245157448
568 570771168
314 535401126
528 897088460
753 154325249
447 950137153
553 745837976
521 42085016
664 5060619
740 942612229
426 48836263
209 214629654
569 497780489
183 82081992
752 37466118
822 806976337
608 562419671
339 731411458
969 465855939
292 180650204
799 562150580
429 925429598
210 455657900
230 268441408
518 706653722
429 234837228
168 759855241
542 114920401
285 953080049
942 811498086
350 266063865
278 249032353
214 353072555
934 15964039
967 995655058
323 767897047
360 180493790
500 954590518
926 277459319
821 849701749
109 384782964
996 589345949
609 251113786
822 552763183
597 985257405
878 729531231
377 678914103
428 551612286
926 617916207
20 271860386
586 842943402
869 940594740
408 961512775
23 82204225
823 34939436
427 869975145
439 671798023
713 52338305
924 878752736
855 58494099
117 452969015
593 299641473
981 866344317
854 80798640
603 428677894
659 595571745
942 38366575
441 889335037
93 471457751
142 94909442
459 160163892
756 202037320
396 419131006
728 12452938
989 418991271
986 82965784
521 543876870
36 668020122
168 197677607
665 998404031
711 956274239
755 140428817
144 546417534
787 771681174
101 116792694
591 374478961
267 96924003
495 531084817
872 310522299
665 815165299
764 862263571
875 988071604
787 271169617
203 946723048
85 131980178
729 520269641
49 750583909
822 31684644
243 568154753
16 143850603
403 894179430
807 913361622
528 144039028
127 910781360
826 237862884
217 970141349
790 91762504
863 183271570
675 34365936
759 628474796
95 813059568
59 26630965
296 88606931
655 131588357
96 92897590
404 132797768
819 445405403
370 744486032
928 488480619
898 373801111
795 743884402
29 875358621
345 242872203
445 824801363
554 32569123
327 41378161
357 697459491
70 644110392
385 199180188
327 387626737
497 900172664
759 953924262
868 29894948
964 312711659
2 485640704
710 78276008
694 55134946
309 849632517
418 44433779
467 18258484
308 288935555
221 204702840
389 718468933
842 226438071
30 612997631
862 113987374
482 702037930
104 84064717
359 450467457
947 984826468
726 246121879
840 829664714
495 405950331
692 955134055
535 536049121
845 529928523
25 137651618
436 786082199
737 621728639
94 588464454
989 460366181
916 986469279
748 66236882
224 43931772
330 433440917
110 691421972
428 311750742
752 117404817
980 30517088
491 729794687
865 432327863
56 828972736
934 857131397
877 235025157
101 665248310
399 565602913
35 307845405
500 425364803
650 321298744
423 845338547
163 512983788
640 218027434
220 908149704
803 788193355
861 172185524
427 541028648
888 460305334
988 674103963
870 173099031
15 23293369
378 688073880
761 135998280
21 466388422
178 956621531
444 596719859
86 846027021
764 111007848
532 701779429
556 278610676
451 159155020
210 650003327
563 974137069
431 458637348
28 268028190
526 175361477
165 182112519
371 23875210
734 855987791
706 105390590
967 393956020
886 656115751
796 991010353
779 290559740
700 123248764
26 177474759
564 537088852
771 349548234
74 770415431
665 42537658
19 958014919
591 973700370
338 113086504
450 331595919
629 594636559
572 135946083
63 318459083
206 431566338
474 744336767
146 514363832
788 636647007
272 866404223
670 282004462
643 382216817
394 501738194
55 160523514
261 539517923
6 547640709
690 200476331
7 922347021
671 91866140
495 848662263
194 494561321
898 570162135
646 259599313
450 935240944
313 332187381
994 742623998
708 255454156
329 400630365
731 751175594
726 304704434
767 613697957
424 829140555
944 16919448
421 678457469
407 764095062
841 420129872
268 795547303
167 288235242
89 14244248
919 322953086
957 302340915
726 71562262
541 2970422
314 620923123
610 443170089
314 597580550
155 684436268
182 198400394
240 133509348
43 893574449
622 798329731
649 642898463
31 768798959
884 864730445
16 751747908
233 127930813
991 380914245
351 557323806
666 547844113
645 313487209
712 178315183
915 641029518
712 444322960
387 815237467
202 473772432
555 693266448
495 941657420
93 462569082
303 953554906
331 37253565
983 750739700
879 898307279
360 776549139
990 865960292
577 922323561
764 357059242
974 994487303
456 961614840
427 213126377
352 484357589
807 991612385
682 199659778
979 243984886
860 115631922
660 145311341
85 421551317
440 218447930
2 152453990
800 960447302
224 16869853
810 321951516
972 652790354
917 614941593
866 105511423
791 620633019
758 809426125
1000 907307604
723 849621351
601 579280888
711 548613189
814 507389318
305 915326998
789 41550332
300 649040281
741 543878401
136 903490881
689 792345558
365 310059788
206 515391245
746 439580089
808 918862949
895 414187314
412 344712085
69 444784910
681 560186709
916 393844700
99 114440091
585 135566671
259 285656324
606 650197242
80 149179229
784 759997885
787 131186451
131 286110473
531 123950857
110 220264405
352 965107733
221 703790937
284 951100085
739 38689317
323 982804117
103 563749419
618 969154646
594 671208940
399 340509139
167 561133131
945 944738748
675 202092949
785 686834940
276 218502870
602 478317182
788 324597070
499 343363769
203 99090322
826 712282070
268 46892254
417 799309605
59 37852845
723 677034704
681 578459099
211 478441253
328 968019122
219 404091560
889 20876870
189 651014871
367 385792647
490 5617885
346 948429070
834 168534916
259 162208714
351 981630761
998 161561756
339 70364272
467 510076407
354 364720421
111 597058742
308 264707628
729 357444553
515 901473841
568 834873697
123 35705519
172 576530269
135 820005129
371 7278099
722 275079261
384 783916302
128 565847058
116 527595164
336 391475702
259 46279787
980 788394762
186 380400897
160 286463828
957 273132338
38 901802293
310 511873257
94 76060621
869 827799913
928 837879806
62 472678274
544 18620699
881 235251955
136 754613707
451 420905410
93 393486087
7 769083092
858 203347938
925 121700321
50 267147177
989 98730483
658 764775784
267 113421211
142 479875314
687 833368347
293 156565840
647 627874532
818 366587599
452 3975862
497 380510991
114 848273794
124 294013179
629 128083562
151 541210634
904 127350374
984 138669563
536 288059497
731 781076443
899 466627957
431 340563482
225 900480782
973 708043968
122 985331593
440 710392971
710 252957339
606 861097554
988 939939409
519 264481757
485 687191278
994 587840081
932 668605534
225 177469195
808 802833020
429 501302266
304 149980069
68 753470831
497 749850089
106 903490140
62 341661041
954 938180582
858 953893224
199 181285954
394 881721955
585 541825309
692 105718558
978 791888472
324 725110015
941 145807285
446 83245682
601 895689873
546 67339735
277 709497821
670 733237064
587 252303428
721 289400540
926 973618877
637 824754354
594 634900697
414 392940814
240 759732543
287 205397533
805 978365691
553 124506531
536 529411887
926 358669666
163 748893988
286 21343652
200 664251435
161 729858619
570 449959307
167 583935012
571 928082194
384 619594006
164 206166319
172 268901763
94 875146679
862 980320945
176 665842848
740 613985299
223 982655468
795 648210609
863 71938124
596 533579968
279 135131382
583 208325817
307 389334534
534 966604625
974 819167627
952 662294563
871 410102586
141 159413325
462 367322153
136 163089375
76 1144281
776 591633942
880 849987631
950 998855794
886 196387665
343 156124432
342 988676054
802 715699579
33 281307437
698 699880200
489 16182428
294 130159138
449 255853647
691 749646068
26 39348448
916 786396602
858 353734654
637 539989581
