69
20 720543965
155 483290624
38 117407374
566 797584569
123 726031124
238 373784260
540 724708901
407 343401680
14 927385161
220 792577864
196 937375016
903 569738292
806 610924949
710 691445461
226 795888919
899 617658448
575 167204930
190 414832967
228 435404679
651 908053375
958 995223571
999 509562150
133 284490684
233 688690391
915 605442288
13 474380391
156 385845062
110 635970569
40 83941512
599 797320107
413 680435862
209 559996522
895 872060136
107 486000209
827 725890829
329 761869956
379 857511907
414 777928562
438 403548056
641 83958109
603 82226358
622 144806723
875 700904708
345 124831552
19 696440571
915 196594547
557 318024652
545 642269775
280 277127959
120 73431251
108 723971851
565 58264112
82 83088708
29 900657783
334 395322762
424 127794142
794 699525111
552 828674343
513 953301290
95 259044689
107 904722806
157 683453001
644 700193950
653 975444489
198 158569690
706 210862040
805 330709450
484 816227979
517 543164703
