1183
234 212269532
164 8953026
496 509443807
630 194031125
49 618763563
398 989141057
231 716641570
592 609778134
540 9507417
888 295221984
464 131643420
958 623633232
84 39796021
96 276267448
445 98520529
831 12226436
526 337920990
966 860693709
697 54335645
716 203948674
327 605020059
544 326741103
373 555731166
255 811454078
617 288215943
113 985393530
510 420540587
229 960894809
311 190727088
766 632449019
101 155854316
906 145778725
212 276118433
792 466178054
568 223436036
629 76438155
880 832907039
893 372100107
993 681438481
385 173339998
90 447460195
594 713844727
969 3395290
679 453996600
181 263832323
579 36799599
818 282865478
455 683285169
31 720756187
134 939577897
162 362131059
612 704042157
744 786038750
696 223677443
81 825585428
299 262742965
854 1322968
929 200890504
750 782046184
570 167946853
525 812324830
72 431679165
764 774450563
570 768700042
809 580333817
464 444958010
479 560552478
466 792410484
950 787730982
809 51806541
194 749100209
498 855742805
963 137080006
254 691985093
522 795225933
639 236112509
235 991058255
414 683038824
605 858077437
206 254556437
991 461545682
418 884791625
136 687404774
805 140341884
947 601099662
611 132633443
598 591504563
484 919013139
715 832388138
183 769167156
504 475994994
210 45872701
676 376026257
317 278171679
105 815465782
977 581361163
332 59479819
774 225743276
863 457912887
304 683397207
324 68714164
828 314964513
579 823795192
156 942004349
627 49482204
218 21454194
401 663360192
906 444419216
267 52272955
386 923021378
632 11416191
354 691924951
390 911931992
532 943551922
770 756884973
447 77873864
901 213515217
167 814085640
201 955015832
717 392958678
854 721087817
94 84831920
786 849205352
555 463335976
343 556709153
177 931402879
511 822228205
471 523274344
411 164347619
482 622460597
956 291316423
781 999734627
487 804782528
534 27417372
330 40773067
557 105211930
815 199313001
560 233559084
493 255865613
741 151653991
353 157973948
655 102102142
449 15260553
948 421989776
289 61792143
155 749868959
381 157026915
270 757522717
852 422453818
303 186959368
397 587772644
6 712671257
124 201206359
889 908814758
731 213002241
438 397319587
227 7124841
411 806207893
921 61809816
593 35465261
468 563852168
518 39618883
803 512224007
739 964109378
829 826583230
116 697444206
97 41982310
401 16285382
252 863397010
404 114891684
816 157089235
970 691585937
421 586138177
795 339067092
576 263835975
184 844258387
38 261995769
670 55416558
423 32718084
319 862520308
372 165831280
571 109208373
81 784846407
823 468009635
601 57194583
959 464489477
251 902707827
936 939400992
888 22672403
195 626890307
777 840032135
30 15207672
147 154673526
670 651519175
70 45963010
927 32606717
160 109254652
891 756296768
556 681287857
26 714932633
502 54186950
687 769372705
387 318104110
658 61526373
58 36274056
202 200191321
645 223633147
980 689166792
182 623724295
846 966710710
325 219147553
589 445925061
889 22740189
742 939999956
406 143695839
519 776906406
216 104237656
819 117788825
147 124318997
52 910308937
799 804535198
574 919647642
827 502719705
238 700915172
837 860855171
485 225372284
656 602309478
226 693267402
423 987589090
380 648465074
632 711026171
448 257587922
110 100100962
999 874427778
773 737450856
750 583186418
855 661207497
245 5241327
909 236058098
263 180824082
78 695005664
427 137947073
743 853802132
516 493714413
873 847741489
598 406512293
255 319826354
372 418873749
843 976451779
455 511358342
970 548116743
999 39634599
19 44538941
322 129027284
681 175704654
712 778813011
633 255042525
745 333476061
371 583424760
113 617187558
470 124220912
466 601963133
630 125736464
772 780616424
129 720538196
515 823667216
932 71690689
309 420602562
430 77761239
917 998749309
287 622941429
692 532021781
70 270090585
177 910313732
860 768734129
666 587395745
297 133159666
173 9019863
477 811281622
536 255722948
22 55936240
714 795410922
704 330367319
656 483378301
159 770913097
651 942790224
667 48671162
284 138545224
454 872965597
488 62626358
384 311644537
717 770055775
151 838316824
886 701159195
412 978362904
730 434924784
732 796090161
399 19659201
328 785141459
955 924915100
621 608292270
635 32404903
191 570401404
588 77130263
190 416441519
150 644761219
597 348086322
503 329582856
855 907282590
488 824863908
615 99053959
401 479086284
657 272921066
797 771623283
941 987685973
623 166416573
767 424106094
817 165649286
139 67251045
690 556251093
383 913622571
970 401607055
805 540585253
539 625941373
477 118322167
871 470799516
868 575992128
160 84469561
650 61003568
139 456563566
495 917918779
118 342394502
25 999569693
35 99863214
94 205021156
307 411968493
750 349902841
208 96323260
327 217921983
628 946257354
114 361653005
459 348047365
798 794998437
575 547518834
442 839849514
60 954928277
103 841694982
360 479924206
801 145908597
405 848592448
40 384944020
206 481987198
275 14860037
61 36058605
164 491719827
786 512739849
441 943526558
477 650038142
164 464750157
259 73767575
59 432918073
713 652750181
337 630276677
772 23203173
976 116658259
116 767709548
497 890451146
928 7366588
614 75298175
440 18903314
291 420654511
254 481227944
423 743981683
154 1825932
360 121504255
700 45871693
262 256300315
484 739892975
957 436389592
377 93974332
593 693464622
503 145503983
593 782854196
250 816981681
325 584600508
629 652899612
874 250644564
507 199730978
130 739798298
176 698657344
280 92600940
627 809571505
54 239303230
309 223454470
891 19773014
840 130615479
90 29985146
945 121749307
815 182712244
886 540043260
195 422472041
670 772681269
945 727178499
575 738149454
570 69974783
884 979944164
852 796078346
95 206618472
464 710257535
481 946227493
17 94085619
301 60952885
276 36993047
503 275874881
239 398010131
144 213362347
673 13867298
370 106995382
206 943220352
346 790354301
68 884808329
183 722314023
181 440054057
643 689786354
822 636726909
269 560697438
513 743885761
499 949571612
525 719543597
406 66573134
965 152090478
621 158391707
457 715840424
393 668147287
270 613830911
816 701893719
926 663231122
352 751467139
776 290717748
349 762195921
445 835642186
162 215316052
19 497784489
478 406679670
854 179605874
2 456389565
606 400346420
462 240891325
335 747497474
691 800074918
459 134314587
85 480352541
712 100488505
141 463539099
349 161147588
714 623041353
184 63746689
404 604630567
596 506744346
407 506673156
669 130567354
568 480112532
966 114748287
58 300435684
69 757287001
956 217135770
136 959714703
396 193570856
322 120821902
618 49466049
170 446634062
403 931837218
206 803683212
66 749427537
368 268219832
491 529256759
239 531982242
180 543668421
64 838958414
506 851182601
183 377583276
194 514525694
280 571072368
489 925789433
121 650979599
733 242931998
884 63354074
828 672648867
309 348293515
578 262094808
252 294571567
845 391033671
605 961099004
562 370999457
650 96149582
601 925386702
743 500113171
862 718558919
279 837826280
68 134858826
86 500432796
991 215049723
404 941798918
130 769636532
794 790620192
673 680763951
183 777695751
576 7636431
320 701786231
206 824873955
467 744421742
295 423925087
393 196327379
754 988506341
470 418701669
694 517876116
350 226597784
949 656062579
542 127775230
464 877007346
741 26816071
468 20211168
771 898199453
732 360915866
191 134855167
714 10614557
23 931248413
21 573155917
29 842653078
602 701915701
222 658931162
286 852828241
151 636105841
230 341731936
944 588466516
714 956261282
470 420762013
508 126754948
88 655336409
971 9125460
453 769932265
844 929564409
875 636663479
404 759203935
544 361917345
488 701478189
254 884191878
390 989154600
451 53002236
592 353875518
302 966530687
543 32596553
466 36615030
40 716614663
71 550441257
860 553120630
285 119394474
508 646780844
583 359636868
970 915171359
60 719053839
45 155158013
482 252141776
59 102796586
385 773419481
896 241118646
56 805124043
712 711766661
350 152534837
205 748317361
453 63157418
317 737139706
354 30242071
321 865248267
101 506565062
363 731056228
873 104043391
245 713173632
496 837545327
959 681962649
524 547086887
228 671763723
556 597512869
934 376534294
180 414053470
816 324574010
296 371945593
959 905939769
640 460063382
727 37207336
606 492949853
532 706777546
310 236427069
522 532083009
155 831343420
673 404830701
347 551240817
581 723166373
455 941972155
443 634560943
815 341376499
143 293897127
507 648358070
294 971891288
411 728282502
306 980221155
77 331095660
642 117909376
584 117509537
425 841277357
950 63163645
94 331485923
584 240552352
968 675848220
524 103022165
73 565278635
653 714012968
353 108654189
394 79308715
150 75856689
284 776590387
901 716323655
482 962142545
976 532010711
446 415351775
603 685426883
457 855533488
19 490199157
975 292334195
360 878134084
826 220085611
981 15925760
641 115838819
58 659450590
152 143845771
860 215814520
711 309920171
849 148167534
583 496769002
231 34085199
423 470767873
891 38626835
269 942468379
475 79913734
814 777452220
497 871436565
688 573761499
612 74101504
989 448708153
323 77530276
656 221010382
295 171069132
449 521519283
97 61219141
925 37044323
893 847027236
642 848607594
675 967640550
601 17219202
347 631528652
801 71114694
307 188069762
80 685335990
638 147209662
945 304568699
215 598730893
601 769234518
750 131199653
253 345252933
135 336641188
498 574253873
922 616471029
317 307821175
423 670386935
778 942786769
356 201745251
730 772303684
94 790657970
90 184478729
390 530056106
485 664342064
490 26644352
719 455985340
262 695814032
388 563922781
84 226185596
670 606423226
690 775289130
81 302113183
240 290802880
944 333292270
527 592102027
160 118847591
559 708734981
586 118397178
372 968196127
49 663710117
723 628699012
297 548288381
87 378046555
456 417003865
235 695689196
797 165222358
348 123388140
734 630078932
11 152231785
414 609855361
982 586675714
287 668321610
604 336559040
193 95710914
573 26773917
279 207903792
898 32071218
447 349017788
423 280986509
952 915404819
583 905292069
177 815637129
438 881415479
90 755596709
955 225098514
968 387002865
282 304668651
879 7389418
512 91840904
545 981347718
167 73242918
350 515211477
146 827334820
182 594046756
37 725555632
721 17388367
875 718551514
863 757679613
129 481536549
907 804439069
388 229591602
96 80884660
648 172131069
101 776707814
781 904976416
450 766810385
558 78999836
831 516514782
877 77754199
198 942853471
772 844285272
367 516966929
507 824258479
183 399239632
662 284265962
456 902389932
197 88741854
51 589764642
930 736090878
277 513646433
83 469838811
444 552889326
925 64437341
400 663501494
686 41067858
913 620288642
622 544843059
136 859756540
510 906805841
425 879365423
601 116782784
845 395798238
759 112069700
984 978969500
671 480950645
635 695855970
631 343634845
335 945364756
684 131901606
244 118496958
233 625674472
635 900284049
202 86699516
940 809098382
350 789280413
791 54650850
544 995321452
313 207376806
572 391866864
886 743462448
286 541440283
767 509876988
617 486662135
660 741460994
3 901722986
420 206783905
830 46482985
599 661201635
96 255301114
138 259309431
313 144054081
41 583005909
521 40716478
471 981614537
281 13224678
931 917757853
725 664313624
766 576963807
401 614491035
293 240611937
405 576657112
140 63363841
48 59558275
416 72641780
771 145991287
223 104865071
17 90675665
351 885860013
101 534369534
878 778456836
24 389575546
575 954661831
275 38282395
300 241658627
147 604075196
962 330690199
877 723881272
707 852855301
649 932121695
575 677022246
590 637582077
253 951356594
404 236601632
400 739471783
900 567885112
71 775149203
445 971953042
721 285067079
938 684611913
263 658891944
563 459164186
428 904084987
71 38143429
185 197350839
243 268354153
876 556180079
532 450959124
988 123096532
851 207838932
965 870413637
474 246890864
322 940639283
818 559918796
539 516102057
31 72839012
631 136047933
65 994228462
460 718979073
207 554798291
567 136899279
326 768915555
273 802246398
651 586436849
64 596596732
410 161190209
84 797226312
312 10131359
771 189156958
803 304757619
557 264221610
749 341506368
39 608867808
256 580328963
517 994588564
226 763187022
818 189309240
888 513254013
872 933439490
688 332407221
863 316743858
631 640585512
113 373834853
153 81233185
180 60414493
347 677207920
868 396292989
405 493285820
590 471430104
165 899724478
402 662978772
864 136999273
659 336477482
50 36434343
890 912698082
44 479950142
496 209763098
553 29325269
128 224863299
702 557786277
173 286026442
897 140613662
578 766425781
461 18551525
624 213720502
454 834579077
988 759100977
571 646262124
704 345116458
233 743387269
35 800480895
143 814244413
900 201757714
872 945712125
701 306389118
938 917392719
478 838827021
209 98223077
696 809478236
284 122091703
25 241936442
202 970463810
110 86736729
722 38164941
3 426186318
423 302663746
754 93085972
423 887865873
152 219518666
305 678856480
228 258899773
134 54817835
379 88908129
9 367103754
291 203832807
438 253685690
5 762819884
628 219106448
311 744894245
402 422874990
989 258487396
977 714525184
975 592595702
545 941812428
989 931809803
76 570762959
544 978420845
732 770530893
731 365590706
665 231160736
424 973508226
987 132975694
217 429284589
53 279282258
195 631342664
910 841849949
760 105097953
302 182615965
233 838450398
769 762391331
298 404386788
83 981147103
31 99641820
828 308589571
672 907164308
239 785525362
446 981148154
869 628385233
348 397256275
293 30488724
484 683474183
706 611555313
16 427825386
47 117282124
912 565731644
593 878452186
991 150985234
699 141776516
778 878387366
186 140841789
475 455758874
736 46434480
305 144916750
285 631864633
287 85375857
924 428745108
154 984034904
952 563009317
640 152938345
867 929042680
391 57643039
575 271902138
598 769350326
34 996363507
911 927040445
981 995571914
315 674441429
840 166387736
985 648384985
686 143546509
188 621767611
981 622771547
134 741347025
905 407421882
207 428221287
881 992435302
630 664255242
458 223824415
555 624017651
667 824369564
266 721147246
120 426736142
306 104090354
203 444321254
943 96283246
908 639587484
831 524236748
618 634122778
996 351454492
904 686556658
495 80159086
183 315082824
999 612465016
232 705988825
16 651408261
754 225121508
973 484846197
597 736599441
577 465215142
964 695199967
307 539203494
465 61212806
2 410219860
150 668948342
781 620017863
817 662010521
691 417006575
517 699435653
95 40362317
43 938132589
82 36047832
761 190345324
329 937791181
878 69340361
502 567787649
835 40388043
628 254165682
554 357594840
140 244925174
274 982651733
987 607548684
455 767415059
4 963398578
363 108215176
972 921060375
21 607432919
770 901191089
295 752551319
567 515796252
427 259019142
879 54590523
724 393713974
186 236349483
501 67954143
997 18824579
522 72572829
575 871775778
878 277555042
429 261362398
127 24519811
925 513178131
753 180875579
707 858601052
490 185796859
484 325369028
209 587147638
400 322859514
289 346991176
380 152342793
169 66082859
687 229859620
149 143679803
748 79186145
276 783582515
112 826991864
873 884756588
994 944156996
919 404672436
975 330598665
268 337549186
920 678532283
682 480803621
42 241096327
412 252029203
194 396874452
76 259737958
118 646790622
826 181090315
605 50654741
610 857163157
696 52178644
669 902092795
44 49100323
287 931885697
187 828140152
188 861064066
776 74265931
763 820080572
6 749697992
254 970868515
64 677841289
764 862239239
768 337905749
348 212652289
484 586220243
441 866882162
84 365600324
29 68853395
431 790691699
737 997132925
109 943229952
774 280898540
449 973427388
997 739899229
152 657555358
83 801028223
587 489646966
995 329329834
864 5569565
353 740380134
307 44117423
592 105310863
72 560862674
586 267061980
951 904173359
749 590935329
249 831115412
811 117797532
181 767536225
161 765053026
271 830249319
620 651404971
200 152049036
994 899966092
385 902444118
740 439225941
915 662669532
426 683307532
97 407782513
949 167903080
111 644167366
923 701566096
29 672417872
859 858687267
461 177348768
457 444473823
814 803158698
58 13414667
184 376379117
950 188541960
201 428680828
758 449264569
678 497553931
759 804705710
36 18508979
390 930187574
927 90661974
379 135274200
68 720567370
577 124421944
962 666220067
724 63934925
251 330579198
64 687419282
735 334894667
533 628055041
47 429517385
489 700671262
423 630640695
632 286408001
451 57387569
38 950436309
658 839995957
905 90247835
819 879721327
954 740868576
342 142853379
