73
483 776326113
245 678906443
937 307237476
508 59547838
992 931076531
814 620182322
673 335172674
762 395116642
244 316185315
828 101205981
629 938466178
912 647017367
305 741730632
476 570482285
177 469146612
924 411627358
451 42043410
756 927928344
195 986660928
374 839897673
311 371541123
884 124525667
335 169514839
210 103470827
676 580534121
111 468102551
841 392374621
185 653247045
896 471162480
698 610511442
633 129184841
679 709772098
37 282090571
289 643647035
970 296030298
832 926263624
17 316702592
717 558196194
616 111830593
850 857633480
693 140453648
687 597656763
134 36949542
328 239078916
546 165377433
547 601195309
782 993450407
896 358003300
484 493823286
764 662217179
89 581476783
562 916465623
948 501164473
254 589174075
993 410458536
564 482381101
110 145181228
2 312174172
527 805324341
696 187543354
749 517145973
659 935369938
363 589418237
80 989836589
661 160148655
327 273819308
714 268891550
207 583527796
344 891075731
530 144260320
362 59508603
613 210145362
796 817609319
