78
180 959915342
24 356643344
135 343771483
868 664772499
976 883838176
97 605309477
427 45914896
574 852555782
496 231179737
900 576596976
950 874921393
623 234208695
935 512252483
840 845480653
85 618827225
390 900382917
735 824788414
859 425220664
788 911330253
10 47837608
322 314348301
854 472665989
694 553837874
578 452212016
290 765367688
482 708900827
192 152783527
497 443008094
254 748652717
49 624047011
135 715835490
646 652155624
343 657315500
908 109300076
984 697216519
402 87707251
625 719398899
27 519246684
943 674381996
625 252143752
934 928140391
285 254419861
709 665656613
191 742888343
31 611183636
663 940127055
204 423680356
725 392244938
520 191581504
235 202601979
705 281231
413 671604107
547 37259663
487 413000795
489 752420851
307 59437120
321 230731423
162 668402793
639 104393527
956 402550031
937 491863338
287 769394669
853 524216963
264 761254453
639 507793841
974 455698942
607 353400714
576 532094230
108 210327064
778 686217403
984 397306966
746 709861233
293 615132757
937 170146211
278 139421519
296 81310537
426 997328150
554 941144663
