2701
110 895330472
107 27347043
904 210204543
340 382689726
148 811444667
611 498402590
300 220048544
478 78572616
870 251818988
455 490290347
190 143944740
532 534254975
725 127483287
600 314839399
965 353870485
996 902776784
250 350906761
179 990262049
624 304767487
225 886127349
306 75089443
432 116318666
327 687426147
112 907307044
276 19710555
628 734681940
669 398085733
872 182267831
816 728839690
653 575288689
928 82083925
98 43714864
738 705624616
805 122522049
297 286198100
461 686079658
478 510411041
974 399504288
913 442968354
669 669202739
704 820580568
327 949878687
665 647160648
220 43510004
750 67950184
653 980732643
955 331486012
79 200968162
87 109556508
321 29448718
7 492572289
155 849708718
337 712288947
704 303962738
508 93423032
746 570398008
882 716374868
797 327300976
967 535114874
46 436310970
806 10902315
78 40427557
97 98563620
292 248231079
391 171909422
408 280998583
801 170046163
458 350581675
254 199772589
89 49461992
91 643255134
257 155552386
514 149327528
753 593447307
245 895506194
796 58551418
700 35145654
993 267026138
458 811694305
956 724018326
951 970366044
430 251243415
826 203228394
11 933399295
915 543376588
646 694374386
972 327304790
857 269001354
78 241971725
178 73068549
294 273446188
584 43818196
927 250401847
914 807555981
849 165063099
444 475067419
614 104113231
820 852298804
284 106439342
434 917269205
982 357734843
666 568367770
934 682177897
500 485063715
721 975625872
554 554325285
77 934303477
800 201334375
240 783158909
238 405474810
285 996890529
963 31296708
165 45497805
912 363800484
56 570108312
257 778493146
892 94046251
5 245674420
403 739795136
139 307555925
540 225111103
87 234993094
12 189801435
734 32161493
862 433813139
446 656792070
100 928734371
758 5480769
373 677166890
377 406069378
992 749750972
160 696024592
346 287703675
651 697640953
508 880574187
379 276275669
101 897720151
553 73206018
357 474223502
820 746527840
518 291197786
794 465930449
405 71712592
870 607955582
706 171605513
668 906745126
242 199027330
545 92221678
329 166021976
199 676973975
964 238434814
375 697054463
195 597735993
241 886436367
136 96301670
970 430853553
611 395753728
641 655489895
940 15405423
919 752857587
881 119153942
902 102857041
548 467075599
560 403951274
221 213833747
209 237823957
53 582473754
781 542468823
281 244913524
832 501025675
435 198506652
831 9583471
54 273766022
718 5655159
381 228616642
782 904945489
157 28338145
34 961469312
168 24466837
750 367751081
120 679328707
959 751575890
161 2951412
249 33118366
500 901081094
74 680942361
31 40642045
792 513793496
699 646153697
65 223144237
222 798594360
589 584858894
785 218315903
468 583690483
316 201941582
431 65308915
863 483463105
540 31924595
33 907760937
302 194244424
112 915777368
484 488194181
185 59718481
481 937051076
149 405698315
294 18274062
555 494371774
19 33832994
564 602944232
292 987848530
672 128111
963 119533866
572 913944119
207 374561408
895 283704179
358 413676031
417 269689309
395 411713196
386 324686383
396 417392750
841 851901570
292 501417474
944 1357810
599 285961961
88 252815514
73 116342914
407 821913615
575 508004295
713 711952088
76 974458417
9 181194311
707 917842432
920 382825919
905 940979365
805 364006729
40 593978854
32 415133037
482 603825018
820 219623765
259 173553769
172 371244181
551 922905283
86 270156873
810 719701250
143 768615892
489 374541522
509 388045529
483 842989583
877 966913285
875 793455766
816 554317994
751 286519258
338 982991719
539 31455298
105 286360294
462 60490864
384 6092717
245 112315498
846 978870811
322 766323792
773 290989415
535 637540460
283 61963871
560 183688328
4 800660140
883 868306098
295 797116053
601 674467955
311 534398327
64 977807691
155 382725805
713 836125909
572 48180408
636 824423449
13 535849675
40 57411868
784 278931122
659 787075023
733 938867910
358 105312626
473 348520557
626 408460612
485 957958153
408 244107784
880 538146123
567 540261776
321 661516804
985 467499517
467 910916489
36 313959581
898 827713112
477 524589157
707 849690934
734 136711064
885 90057444
632 157483202
530 720453887
858 621622092
417 681421956
696 899298851
754 32072358
258 68409773
831 489188387
637 883266937
201 500297900
733 383692987
325 795349240
603 226886613
600 501039176
880 113369974
948 367684260
668 634488762
494 762734282
767 848784358
789 132794743
752 656268684
365 849738972
303 881040779
144 306306098
259 933568392
946 371718933
612 143453087
93 88032282
346 416212780
247 616673556
498 798141731
331 419193126
664 286041181
131 162439553
632 682099576
968 707540593
100 931507441
897 509133305
420 181299315
504 904756064
783 594251031
262 61372629
542 313307494
494 652356227
767 978619671
767 54568575
787 444598991
740 904438909
779 879439982
801 669263201
566 311718602
55 923761473
843 997789396
51 981936547
230 50802835
695 765245003
111 766511315
128 65470739
118 601092064
372 811777308
525 790653127
205 693853374
995 829652653
182 938597518
547 608657867
593 794912972
752 811522623
341 841597296
480 210053108
140 470122005
673 492781468
412 317194496
111 481184802
190 756408462
454 642007939
106 572117123
132 971930686
316 17806261
136 581510002
60 548147177
148 104246136
845 916150295
616 882635654
627 424763018
232 316624859
526 340033839
824 752893871
331 69202760
906 555138287
811 827997149
190 220431389
469 333780394
586 58021974
241 265558472
431 63477350
186 464263660
387 43654880
664 946185843
928 505305449
967 210774434
2 815671171
942 61993083
102 218490341
88 988895130
270 227093904
304 788760532
559 61441929
359 944698376
366 807067125
925 675613409
363 577172882
806 179399562
821 834030163
853 344474499
622 439212039
291 881787064
650 25375896
182 498196921
664 103241842
590 160728316
467 973497088
344 544756420
318 800222054
215 603969826
926 37050489
523 800330028
594 433828244
479 985344039
645 556534298
742 845619984
2 244947074
16 290217826
816 400424770
59 210184493
846 258246828
63 771271832
250 242905604
704 884931940
589 686217943
675 872680077
976 182939844
734 951369362
986 255537550
187 835860295
98 861128997
307 226907311
999 165694610
955 88010895
120 579483841
841 114305586
442 82882651
749 852604111
797 423944679
855 796125056
731 43533326
863 65800779
372 24704813
594 574566297
590 265629906
462 644067204
188 922802571
493 176452556
622 993827277
714 188183612
248 187414756
40 8525309
57 210753553
910 30013877
228 577426313
567 59450077
432 360475815
814 414996770
761 45958363
618 482632932
101 363727684
681 675384784
28 359164075
954 602777832
394 638558053
571 359340052
545 355771582
966 547993002
496 861170309
117 418256201
664 785434196
4 319008998
988 136075661
226 37510891
538 360257805
543 227023653
137 368941314
898 855113758
286 726087258
764 967645824
448 438031411
340 461438851
601 769234583
473 902144074
80 762633547
155 10382738
568 20348452
321 970585643
931 58227382
33 260691596
859 429616805
773 598791377
481 622299502
338 119558698
697 477891359
671 310600319
294 499345531
424 432188736
373 435667626
987 352892155
677 120504103
791 956704639
514 258484747
948 909383385
973 669476765
117 892668160
115 260431287
664 567581790
741 120220031
71 521724513
899 988037001
118 535767201
168 833734557
149 720148552
346 17105550
402 635051953
430 134562846
377 867140014
144 970650173
109 754927204
188 928373470
651 191770572
503 872240255
150 315326470
818 873580168
424 138417291
413 641902171
188 669961601
617 882827313
317 138286593
567 230667592
943 263484086
309 897009302
787 725781117
250 173861525
162 948538805
861 811023133
700 102565834
776 25977210
647 633375821
426 197655890
683 844200976
488 871977574
670 846976279
158 750307729
545 213421628
599 909185195
890 798554744
159 25117794
166 141295173
1000 141872938
345 581829130
748 240876284
27 317492264
642 931643339
453 322925723
666 725748082
336 978018259
635 186463864
692 103575080
607 439494394
332 48146465
410 691608084
367 945614069
7 747374593
676 884672656
813 451020808
457 644044091
322 12581726
332 468379302
242 442731291
83 74329807
985 871638777
471 688769380
829 130231986
87 824487245
503 201630488
517 478437808
255 650878408
177 297352010
689 493198314
237 318990493
303 349228482
425 169383944
71 731703373
766 561167856
228 192460777
318 398571231
396 307603353
856 458230688
672 931031528
377 899819402
948 305137173
344 753804080
402 398437845
286 254549267
175 191089473
496 912478747
206 821910324
197 152456574
387 142128325
679 670091822
499 844837879
777 25557934
211 411491793
55 213306029
843 131651092
509 552666149
131 205655013
229 139399201
196 810690947
694 667379598
464 371075410
261 429619703
389 610715884
263 803805776
928 314489039
891 256986486
100 484963629
596 190144800
161 899633978
626 298278160
336 487169949
704 752310434
326 632279728
596 394249666
722 89812171
384 690793561
702 166390010
361 899490758
752 79980980
603 435343933
649 60917151
861 649663770
258 735621985
999 753174328
103 812489
289 602701343
214 222209759
119 25187343
183 421907530
355 228039781
243 451905225
290 46265180
38 956157327
970 955202529
767 361040618
686 690548734
947 161971075
242 37255221
130 968239411
159 697985461
459 84631639
981 322979364
400 335966459
75 948093542
609 593871201
100 65516373
320 142349577
613 77382516
834 580458822
281 189851634
760 615103671
24 777564807
70 826967304
760 664820959
305 983716325
823 182885681
139 507881416
346 214016678
844 966084662
469 285308404
662 450670116
873 107174246
176 158472105
139 963781268
661 529432300
642 532335308
521 514397882
989 339620544
398 945843924
577 485227676
419 120112311
49 131180221
776 434260922
802 926845504
328 173810566
98 465133267
563 875505049
765 403669141
69 479953860
473 333235497
403 442743933
689 418683937
650 598625653
382 690155179
803 548788775
464 924149120
730 931916736
854 401663162
89 950066036
954 515588882
361 278073231
577 605380879
815 177231370
188 857668696
473 497085883
613 217650547
745 750702278
744 24049735
133 476812925
398 100743025
394 48819078
796 190517810
844 707123413
943 482336333
339 414353591
979 309285287
512 196587268
943 470021006
745 685280525
530 698212389
871 241073762
721 519422227
63 272046739
67 686381389
104 571301277
616 319951603
376 958173838
289 659639313
375 438726025
326 995749874
722 525060847
46 977013629
749 598561103
9 786401318
905 509586565
791 347704501
108 566221355
886 366071306
274 362117737
457 370202111
701 818641436
566 104130229
284 3224201
591 575673761
401 459556598
941 918088376
712 642079466
472 653101369
817 688432970
817 930579293
251 917813329
176 73054988
419 737420747
239 571156398
950 594290199
619 626253705
285 369717076
434 892921322
267 464051112
735 284672022
517 257961662
185 956092056
446 660334546
202 321479538
267 366896945
670 925195353
159 307087259
619 194372291
712 503498712
907 952949705
730 464770245
232 637290468
478 214280165
46 476218965
121 704219802
473 261345493
211 194143981
56 808286225
746 69003683
811 236773456
544 488750111
442 783208175
636 579498251
968 363726553
43 581019155
554 111347416
74 194993726
269 901587953
298 331023702
34 254221922
300 271500507
427 956128984
332 578256138
384 390352923
586 775979720
999 27387848
687 35645358
281 211096304
335 961420115
787 456321522
442 63103008
237 389225607
331 520773430
202 817405388
405 618830299
998 88343721
373 410203089
800 625472645
131 574142269
169 308719593
439 901252733
916 121984740
569 904429765
734 201106821
394 890869967
631 109592373
656 913813616
7 211425563
183 962679036
97 777259240
256 522779993
227 71720274
205 624334929
282 923897888
384 2242375
252 282253021
83 759716756
686 502253976
433 781372518
697 575343217
114 992261468
426 632970465
511 431119053
102 413036634
511 144957803
898 119006797
626 828330622
525 308887925
71 941955527
900 182856560
565 556006943
531 608825038
485 299366022
552 814107710
992 38734020
719 270015803
264 642878552
49 106226380
651 145289019
515 431108319
177 570623432
158 821727013
508 605267245
699 970341859
425 322749870
336 50024442
505 974476770
473 981476583
943 250905007
95 406227359
398 204317347
87 383033372
175 155128413
297 286092793
326 8511458
553 361284488
216 539016310
561 998999192
121 155671640
346 434262519
555 478329874
760 350250534
144 745961918
613 16015888
61 36523093
149 309390521
508 728298760
927 585220877
989 580083999
898 945766162
669 107656455
423 83132816
250 618820781
669 696011016
114 809516793
459 483209813
11 613744400
274 849530339
921 58579550
512 939356622
931 720515754
87 295932689
493 342227816
581 499097767
99 726651231
756 454381053
55 62629742
552 610025418
430 418395164
240 949955058
740 353761853
647 445359399
459 176679033
104 45389686
359 377220254
688 833872346
729 561131139
888 894758254
581 994379571
548 328851208
378 724928284
69 675351568
895 17347034
939 627595748
372 749511932
873 140816252
660 872817847
798 689266053
584 115513993
47 298081872
991 275853718
935 968788792
194 327005876
943 371938160
477 358937072
861 145606091
596 912716231
448 489856441
37 625265904
704 618907691
198 586849102
66 269696860
89 931056924
207 898378380
603 44755485
693 82706825
662 213777607
739 244078191
462 401940236
584 898131313
657 393377067
733 232935092
419 123070072
405 123480773
832 629142087
916 774808249
977 252506152
22 2847914
237 662245210
800 283052600
456 1824934
252 711408336
345 113232196
710 338962119
704 853798062
379 280763361
49 658470124
319 27268446
823 336485222
446 256508957
280 809664152
753 77897402
960 96477479
227 5006885
391 831999459
4 820797607
839 27246962
724 247177303
859 537197161
200 351695779
323 308489989
754 755288030
402 326231584
429 108402754
705 84172399
182 401931754
17 944896934
790 139588133
492 750762184
454 815177970
436 250904101
710 34205758
413 51076705
591 720866692
505 44675850
657 647377448
944 886331705
261 669081494
291 735779152
812 53638246
381 102567634
553 117723484
674 531020053
27 496684856
857 778349075
51 565041869
916 999832814
996 303271440
254 911806422
81 71493723
654 586879330
612 536543160
822 94668939
812 250448903
594 596659228
997 861212140
211 37887680
452 342340652
286 924005157
967 255545774
314 335002017
21 729455905
130 626359993
591 130114081
419 904135223
404 892812818
367 656243601
218 629180991
958 370590000
60 949863563
154 836468656
981 849685651
367 911027675
431 658657520
154 697209089
497 945691534
345 391736681
310 778093109
616 722289591
517 17211946
507 248082379
243 472440854
852 511815284
835 848742366
779 131804762
236 289739522
533 850139312
266 123296831
659 113574519
712 219968429
113 904154713
904 777267333
462 672369741
395 761446805
519 703136741
435 35896923
960 863231759
254 502070379
237 313234502
226 209476066
488 428669200
335 477049106
546 102988158
402 681400156
511 364409013
342 769866564
76 576907234
42 125607918
969 108168004
623 167005361
947 147521450
593 508250735
296 82414495
804 412915527
959 829473871
871 674073653
876 775680018
193 878127730
424 258604769
545 271822440
941 717949438
606 747009268
79 793504669
273 679118691
162 75507868
75 469934259
606 3345380
458 902022798
302 100956412
302 466212212
636 958887820
269 976162825
1000 306636385
823 819168527
568 929387084
876 769200829
949 470059595
3 495672014
904 375962698
73 134515466
778 897852911
124 127819342
874 167510106
888 792863917
911 462591544
34 98421059
530 465168167
15 164271772
197 166595812
565 930799932
529 146312972
323 122222891
544 627089622
942 815513170
515 842811436
415 833029833
236 481959469
638 721463539
162 903457078
79 551359406
918 25499248
218 462938993
131 986014433
898 275730237
520 661884010
370 56072475
73 904004197
518 761415801
685 278829211
404 60184631
184 699434153
359 529250922
579 991394725
749 241259694
652 699864616
193 853300775
796 801853875
867 872374293
393 6132907
792 226375945
151 792041541
758 903328085
852 576603799
900 763230315
449 28455765
805 423192721
516 617768343
588 498498812
276 852937744
876 578923288
153 735358375
536 890683930
479 186536252
477 140174191
913 263377043
190 58602767
298 931999542
304 245171144
659 586249579
962 978954286
909 607212419
178 724484177
982 992150724
161 588281058
450 967539572
625 519402723
29 727906032
192 913429565
590 298528596
918 52329039
547 688099962
560 49127429
787 746938710
997 700613534
2 890281740
510 383440596
167 894375634
950 19077053
58 944155631
400 373014010
96 207268517
620 596773359
660 429424581
517 790464408
557 233906825
79 842008283
627 309334638
42 168764344
231 132137119
10 373475515
788 952267127
220 303581805
668 912495945
154 633310699
651 189410714
481 384873296
370 742844963
659 786649386
779 598331474
554 431083919
50 39493468
393 506517643
635 482652649
435 355631900
713 114869748
243 827910000
222 979924263
934 220852197
110 73610429
826 621983443
245 759975385
857 399756658
877 264490259
529 994963342
604 213149351
55 965069294
363 725091446
357 17974579
166 782681779
298 63605161
652 413240235
131 38656732
304 641726494
570 317757904
642 283194225
225 86104596
966 409198053
442 169252081
470 801801701
509 599079915
399 18840871
260 101874016
28 576041529
774 885429617
637 398730954
902 60298323
14 77657751
250 715222582
835 591346318
937 85269851
830 311912149
124 374610703
291 617136486
246 753522118
775 543340477
824 777980997
360 798516012
95 622954991
391 350522471
762 727696041
58 36636651
828 260403636
112 242495830
136 830743928
283 723325025
472 368947260
355 120732357
314 13172356
995 820160742
681 427869061
552 930230185
778 587578091
995 969640525
275 45431980
58 523795611
463 826227900
637 5394169
336 716904055
534 515193163
636 863730257
661 198528943
582 685744694
995 600591826
337 792218234
101 487576068
477 151613912
492 956178674
312 262700923
933 761472421
416 126785968
996 746719396
180 532103004
512 41955564
409 780745775
284 742217891
208 508447605
106 338084826
686 55512376
400 919801212
172 57039234
926 487797787
311 68265834
802 772056053
337 147106581
642 204196203
54 353383461
144 774501922
338 15494301
385 176876307
670 424582497
118 158959378
124 561432780
370 155196198
21 316727193
607 474715151
858 505288305
332 30729563
829 605514780
369 266073108
707 237721696
285 183571562
671 497069679
372 276367509
81 822132550
883 992577804
718 928786459
987 608223851
713 711166572
962 894591208
667 144627002
820 37655491
251 174658444
232 458122273
93 641201059
994 710000761
609 464379425
246 499801263
636 977585355
22 272504302
420 900400000
118 953712272
736 683356033
376 794166403
931 146532223
66 84739498
621 880438853
392 684888984
393 169609062
82 856536437
231 421016749
707 449662950
596 831655706
653 727110863
707 404215448
669 510935883
303 3163240
815 305745944
276 445612241
987 182532352
132 260605467
843 518693780
751 759910328
525 14972257
222 222543193
151 392088636
663 451433393
794 19724007
706 545676299
417 886071160
749 124958359
192 918186142
392 477572780
368 340554271
809 181219993
325 689866451
359 169041270
906 633616071
713 687938059
466 8041152
281 927605068
459 407625352
80 414807009
515 9623228
643 860327939
324 373294613
797 545714127
918 71085272
936 552929987
600 637915186
822 855598782
665 281985693
468 331315191
949 454006822
482 950244800
542 400603147
720 888865805
887 473517884
409 231052851
471 71704437
587 272253217
176 544914304
464 592131862
943 894587033
29 336545863
666 508515093
48 815354919
851 871777889
864 172274228
615 386322748
202 677850018
97 719899771
18 207126097
86 20376088
236 206026516
410 458450500
300 595856591
477 655779846
921 970031644
584 891158403
693 53384524
713 36675834
543 767446153
981 40674753
596 682027161
872 454199521
55 790328929
835 485798328
556 178471132
31 484023675
60 328061333
497 843580416
603 89189390
680 185624685
827 51562544
387 565859188
924 126026155
627 485966727
384 817662787
273 964127525
586 271539031
242 143059697
879 838625834
845 610053077
573 855799469
942 529045838
880 766367869
456 842354283
829 469746374
747 52038973
652 871152400
632 785870626
594 398206739
44 442600259
80 805642531
358 206461126
535 271209107
831 126837481
565 512667881
768 845009029
944 365079374
303 347236287
381 922837505
954 479443157
296 885099969
428 446343757
614 175298202
712 67126025
448 836834848
9 476197530
737 751142026
502 53253565
24 503767678
839 809263793
418 763578914
769 902632379
77 374527268
724 517684408
293 556688891
964 871904484
667 638809127
579 312642889
637 799837736
837 432109021
257 287232387
596 866296298
658 408531362
740 599005920
729 163566135
27 316464445
106 850314867
203 783336090
780 988613310
974 861137427
142 933891859
33 68952247
609 714221494
759 213473600
265 957054098
323 395723389
476 656223248
212 224161113
828 572163471
718 926975580
755 979099321
24 122011256
82 595171513
301 418511181
702 722903837
710 630343775
597 446714566
62 25022217
904 348676409
830 916126672
600 791442169
946 759113937
154 475948617
838 751574117
347 95585919
994 959149136
948 265370945
781 306578676
774 3388362
122 412996358
9 950268473
643 173095966
101 82642513
904 377217538
357 872680454
452 39332425
787 581009750
665 458824323
926 864895647
79 408183895
163 101670184
998 444991904
883 147060112
479 839462120
388 652439762
610 998231650
417 634588449
739 67301879
950 827394916
872 958303538
958 628416792
298 271459536
647 9637120
98 143786389
554 265345119
707 102746861
571 792275570
757 756709471
105 176792449
732 507261911
663 122234082
888 679311617
91 792808936
254 292661379
493 6286960
869 187364922
603 892272729
303 414736614
717 863041093
515 556033717
310 163737030
293 81680154
701 701565523
977 875373721
191 126686748
409 329229433
303 467059412
498 559702587
800 669989283
534 784788991
980 75692783
3 545934700
756 951210125
207 379221366
224 503818600
596 168425764
695 583955904
73 558361113
643 694743641
198 297155848
321 103947516
310 904870487
896 483296361
315 327757403
283 242391612
970 88637955
685 762949927
869 292646574
781 110886225
887 657955008
607 556374342
739 290623820
505 587466534
855 643246322
895 507127484
778 775266659
216 762453436
876 735813590
377 835342399
156 88057473
186 79326594
122 126857049
218 397794115
403 50397809
294 693898689
398 603102554
447 539788287
749 724923084
11 92948903
927 238271276
261 338075351
955 367152264
810 542571523
881 686320914
358 113029886
193 606150892
188 909953211
87 68919846
68 398904571
163 481557417
569 65401773
390 794792701
917 422145684
839 175841792
983 412002140
950 31984322
558 527943482
268 904563518
362 433284646
617 528149579
326 924286502
121 179667504
90 166136794
548 884670604
433 42472137
432 501217449
145 331912802
727 228029939
275 731905019
159 298897094
509 936781304
389 97522527
598 96895043
383 370646433
803 546917466
558 663237522
718 1752377
347 738693611
949 517043557
373 292399504
190 22159648
463 180283695
794 27736708
200 63856729
697 355240203
234 207206576
323 84053217
559 717784280
791 782066000
183 207613309
923 976984176
666 206700784
944 449945921
287 499031852
32 53832886
995 618780087
157 570629368
482 967638003
322 959781745
193 240931422
25 738879936
643 41109159
487 261971028
445 247068388
262 186101661
73 284355555
24 612593694
953 747870525
326 41553738
592 719425699
331 386141796
913 622358864
62 452896472
222 986612941
646 26981361
853 174742892
506 679598949
197 826616239
890 138865585
917 965325907
705 383142244
416 277051267
703 296665879
307 162235739
84 160792313
720 24666894
19 44030701
117 222650827
604 259565276
133 199400762
163 992665606
98 384476308
864 317335231
502 828157141
131 207118282
902 89494269
771 600213740
98 101879837
506 891992357
730 461125345
624 456895342
733 502369863
624 897322159
996 690232520
881 115880752
356 764192468
51 53826188
92 565016472
89 128876174
12 905640863
423 85396120
960 623235107
65 4913993
29 96368398
806 975299106
673 979148318
639 29681594
243 479583509
337 8156703
599 441306688
275 947789989
976 111668921
817 874053074
426 748181663
488 172433920
235 939858408
72 335173880
294 757850709
809 599780072
734 92833560
896 317518153
443 161624251
103 635394599
527 913277764
590 79234797
672 21539708
591 208258076
937 460270441
304 67696690
749 862327025
686 716442554
31 342534316
848 622281402
127 476115305
823 259435307
680 964270181
717 677508066
733 557995782
996 498646574
677 878594977
339 36407238
494 232636672
580 592420417
866 650756696
212 883034192
885 10322299
306 403845379
571 386982368
471 582963443
299 290444586
372 903226528
57 471781378
214 480948422
101 376163600
366 426650797
168 315463259
575 707155158
231 767405967
797 88876481
806 7284630
767 252632882
760 96319427
504 411973067
920 606536274
326 955407192
742 185665818
892 71965745
434 974343046
910 941068804
330 80256318
115 222570875
348 294050314
327 388839583
230 482474760
519 85918692
35 515766869
186 902995843
538 912750381
206 112989879
579 87892251
752 625914155
746 108528733
33 639612966
510 193347022
926 327033444
293 316337337
893 323020401
552 745955579
220 964335308
785 540568253
534 320143065
53 6131826
239 813309651
657 219836154
97 558567391
987 892801579
411 45234001
801 125609013
231 623359259
160 316588685
803 807568940
782 302196756
214 864617319
402 13396894
295 728184146
464 430494163
234 20537837
567 400642265
235 394731138
879 168489308
582 932934321
552 734204643
976 685050968
565 796198862
592 493032299
511 201004885
89 102110524
740 48335031
119 145108418
669 740181802
67 126493279
598 289129509
692 216422709
178 957374233
602 73186834
121 570288068
971 148519075
593 336956784
335 734221779
22 752777494
640 716740576
94 674745747
524 256384742
284 881917950
549 592272170
910 63557105
149 616729391
527 93843664
462 166552925
513 370048796
606 870988817
340 42845958
237 762867240
629 441360929
303 391949653
437 489936079
612 940382208
869 394805426
823 627072182
349 217095595
14 820176877
904 615790329
841 796611961
723 359430676
649 830103485
483 744820293
89 944256545
477 382361318
654 678454181
674 698411855
979 330722044
721 929110807
862 58048482
337 433904288
164 664335642
719 4354576
272 814085472
972 333736646
941 99217206
714 209785343
514 6604507
918 520885169
278 14687380
603 28254204
612 663461943
804 662348767
138 140096272
317 601987136
48 363187044
970 556321828
455 54947664
148 399848318
289 735481721
455 718135742
999 781545582
663 406612199
743 619525308
395 531228455
173 524234156
267 750200997
461 735549239
286 522167484
122 901902030
27 907817777
274 909730199
874 394068545
208 688127816
523 324552880
724 84550469
482 489917053
366 127940761
565 126003432
159 629504583
23 17491086
129 84537694
65 608776859
583 85776723
45 486688079
839 507556252
231 45139092
438 688205996
615 75255185
360 838050177
190 954796383
138 334917591
45 869906179
605 455421072
242 630742580
816 291237685
541 951710844
327 387983035
717 150356917
587 221724193
401 428965300
834 615272237
604 935405223
986 109489829
678 998949717
611 106224453
317 866252946
528 640775554
679 738897606
610 626763361
93 8932599
421 266014385
475 197286510
306 334759733
250 800057078
616 509914348
569 617245829
228 777301137
3 605908729
925 62915103
833 51020335
816 624761834
776 633436182
430 255926012
596 764126573
354 177984296
57 921488096
649 478462935
302 383084283
589 554546294
995 9507780
5 934367141
440 677526733
878 861193067
593 13856238
878 371964182
846 650904102
680 311595369
54 361319325
486 211711523
283 987501172
543 47978633
864 744531501
94 255884693
126 153012174
956 433021438
263 371714808
165 426748870
935 561434548
784 945152738
659 908429074
798 759368942
787 32848541
623 916696581
916 424088388
367 738226768
579 42608392
267 964348409
701 134481620
637 837771701
693 113423056
990 398105911
815 103804247
175 287749221
531 740802730
944 191035625
231 811942296
290 126927944
927 195563694
539 52765867
845 933374748
792 848135548
949 653299387
309 775813631
485 70992696
728 442725670
475 828931545
913 43110516
753 8798995
543 320459367
335 287723943
912 714584783
52 710652019
957 133394824
723 391816381
69 836883262
441 467116107
16 118466549
748 212854398
413 523564889
743 553030924
625 701742280
325 358168463
312 461065210
259 403444497
376 661963940
328 659660488
738 700089117
904 489596968
558 541854238
917 66997631
760 593390104
51 130797675
41 854929182
634 919915759
613 55715855
687 301180527
969 348785495
196 768288283
950 453492052
813 579022733
926 842831186
935 556682677
723 64846797
167 527312265
67 145042247
771 947988536
445 42007071
822 31687592
875 81533769
531 359863643
338 950056970
168 542972318
510 15874029
517 425028222
45 63018706
347 17023579
845 435175716
38 292613287
158 188162974
66 471249911
159 494582615
403 496419094
351 324556162
688 45304596
364 932666127
506 495373202
21 226603845
320 784002521
114 687299962
357 144023652
837 340848203
607 125787512
399 404282596
511 583385430
122 798550320
668 747660005
495 321803336
213 664079624
552 915352467
758 333449663
176 275101630
325 985949296
660 915246033
174 133855597
309 343518010
159 478334937
780 298327319
411 58674037
222 283805147
96 234223668
224 61293583
564 309736545
656 668104298
188 305375434
46 894047856
292 14428324
553 215343199
364 189265655
527 353274599
209 362209090
129 758044068
999 632373665
680 373850234
493 883697761
329 308619999
809 97079527
417 548821201
601 858896326
685 517620606
511 311179050
558 490046675
777 538485289
931 295059266
605 474134613
51 592997791
921 722117759
782 155615273
149 743144640
45 53885278
667 194652984
906 527274148
374 371498527
285 159693404
548 897470110
381 416620639
193 749155132
200 84571645
707 263988156
63 292558398
572 236151953
142 799619174
709 674027099
756 55231066
906 554972550
3 518641882
942 582812149
803 109742559
181 54629799
229 991073296
722 113044033
654 726509016
212 65945301
410 68666496
794 7261871
641 964480009
462 197914392
335 784646621
743 750022
592 504527046
713 480143416
835 444203056
895 15061854
259 505086718
719 516576898
412 811363860
54 714563023
819 737353906
31 319262413
742 381411899
625 805279444
652 377146950
387 305544024
224 798920894
517 640209917
670 922344321
347 912872171
429 85540649
220 86962298
278 710316486
545 966510041
702 24268538
802 739436798
598 333481108
316 716942443
203 382634426
796 136300832
831 68785443
954 241408537
781 581026911
132 556058720
377 818672795
683 432980978
245 921032015
203 133452177
143 398294485
9 259545339
557 192483884
241 761424228
874 695949245
692 335542689
268 887714653
793 57071008
105 522198699
676 241383750
486 221280401
819 678638363
807 58329716
46 215528083
927 688390378
619 505725612
310 470023684
945 92269957
439 119926351
157 41443035
823 518803265
822 503063000
822 680034282
878 678188583
275 325919545
108 132987513
990 667181436
448 819525774
423 370687996
393 772593504
154 395732215
719 144179167
693 143635818
138 745740422
318 371879962
858 999197201
266 28103532
815 941222096
651 415867919
100 73023381
100 631746184
285 527388550
361 360936981
231 890166438
362 716832034
918 477872966
905 63848788
886 929621421
893 725613026
160 637700682
597 35887391
98 663729216
934 144558398
279 30464803
968 166518729
859 637955786
895 50627143
546 880957453
306 752040278
937 80307030
520 211627847
1000 941068376
907 29856391
963 394032317
998 934385000
216 373989408
70 110876458
494 681123187
517 11473823
688 231947412
347 749588697
709 63438332
402 320996995
794 552422356
210 222867552
88 801657359
585 271133112
620 814308784
158 261894356
399 267279468
187 668954495
769 375954536
23 821486361
218 966490682
471 816694468
148 395531897
365 871426022
288 586952093
225 717100710
48 578304663
261 523769435
876 97867929
154 988315990
342 668132857
492 419949847
770 11684625
943 562900681
995 713103611
528 110007613
420 379409236
619 102885978
538 130595429
422 315619836
877 261024219
876 899918975
104 29858677
51 297435017
727 132172877
302 360353770
342 835779090
658 321289972
666 578660544
946 93375440
429 813539053
104 877781440
33 784749410
490 370212042
270 909135040
832 612137996
32 69214138
200 333063083
97 126715572
201 727739599
2 422312872
736 187406781
45 978760238
930 780261729
952 601567340
768 693139121
865 829309186
899 618375815
199 32223391
909 274921867
843 638596625
929 220180835
675 648796628
981 862997741
930 50871851
266 630560108
316 370097451
580 218965699
318 558390889
715 574234979
769 615901631
800 548700433
326 665757690
657 108622237
749 746359776
497 202011666
20 556401784
113 560441209
519 34664582
540 951737724
537 230577951
658 436931487
267 384673028
381 151391151
953 905576933
366 632715174
264 690676500
516 874385740
867 480017658
785 6405575
278 359242150
825 758350050
700 52188726
635 844159703
807 959745160
424 132817354
407 530196412
630 678439227
213 663871958
914 73595084
424 251209597
752 610003214
420 727621667
984 54986126
128 22950007
423 520543497
479 78880585
403 46644357
591 211630807
519 549183087
69 180291446
147 649994181
870 878337056
609 857840445
5 125479418
63 397195512
566 823724208
126 773741372
636 433958111
727 735364222
260 518617877
158 927894717
471 511633486
766 779797788
251 499190440
324 729744878
131 345583153
677 213674875
125 533242247
514 125098179
133 678188111
430 141588131
939 243532335
406 65760338
113 56162043
45 994777676
916 419273139
999 712754744
249 104469501
973 783110673
552 713104261
14 35325822
578 642660130
82 650051259
87 693377802
573 497556956
826 593842429
321 913256040
16 685111059
682 305640632
915 93073855
150 224207057
310 371324705
35 402989147
213 680291269
331 755283804
922 586737042
474 559811933
534 541194048
243 654704569
634 918744350
494 24508008
401 532279154
518 860965924
339 254777697
864 13515901
816 551131751
866 667981214
830 471994861
35 656239282
403 389292056
320 564035805
493 479426211
777 800579578
269 981503419
80 139413261
984 125506170
997 180102967
217 412114334
586 53969435
103 410133200
577 529962155
693 435132891
956 655380826
580 522872106
830 654980714
623 850385828
285 897119281
827 425269740
592 69786378
92 760318686
559 516166028
864 369586932
161 796590871
279 76066044
640 977673696
268 68575658
460 392613624
883 84211818
561 770907215
919 428234738
136 520954412
31 167297011
431 696303672
538 355513226
525 866899593
157 11663072
69 489998229
982 98293332
265 621792391
510 152674960
696 166612717
307 171253349
416 30652625
752 59314858
253 73849239
633 779877568
809 271086454
822 781204994
889 583813800
518 17468173
28 834791828
770 320939681
330 87654670
145 885233883
691 59880083
846 474716875
956 571390945
970 740962571
208 473632859
167 17535456
366 386694344
173 87218121
867 583581042
493 2797984
887 935578548
864 242277214
453 819022909
271 350352840
90 381426020
841 613654448
953 662443595
703 139479412
928 332928989
825 207241953
844 232121541
511 179364871
655 863125953
750 603273630
651 450977770
833 789280884
638 514068248
382 226764364
136 311290348
48 817279030
129 379452711
186 665436649
274 59137191
400 826537959
961 468003379
865 681155908
856 114479664
591 138806655
911 812289055
600 347766559
686 506213336
945 172554909
749 725440077
40 341424572
545 39958677
635 125380046
42 25501821
91 864720751
973 35895259
118 123336115
580 85846128
363 713209048
760 2136183
33 722192510
982 813813555
656 116617795
257 777048172
969 772899368
537 285645013
615 28322538
509 596624227
446 369810266
296 906830706
630 617500059
504 16776312
854 123322320
930 22605477
68 544481507
999 838252885
415 853684655
271 623762318
925 367462376
797 943983401
609 312979112
594 863710041
239 837912533
170 533129550
147 719622342
133 944440014
156 21044635
606 31963773
628 2427209
556 510155997
212 563487888
710 519748874
802 182329839
378 19893516
978 199781881
60 584459066
794 164421756
309 229470166
506 172840628
134 950765140
803 790854951
344 582646995
284 127216641
833 261029423
56 22300221
637 633189521
608 145536926
647 728417139
194 664932398
128 927691909
144 135024080
919 780835023
806 225147276
985 484982745
706 803038538
667 766535664
414 665187300
82 896851011
996 603233433
231 96996639
482 344507742
891 407848628
781 501196402
299 900004409
668 599056758
111 974688541
82 185400497
692 635706116
918 875578612
717 78642955
602 939501180
869 965935404
453 141034713
302 18187031
798 226205678
526 180139503
164 121404316
571 424501699
800 179990992
544 532744222
601 305523865
759 507008146
571 794808457
911 926129931
644 410731764
739 67441693
706 270261800
718 840934767
813 480754730
577 768592558
384 724394000
128 82719951
174 427121258
201 762978159
64 527095030
153 421977524
80 918680359
290 930783637
426 827147272
406 937541206
79 728768594
529 424491296
561 347604742
373 955833531
846 665409115
3 13839426
752 631905157
923 24527822
646 6995112
782 203221600
126 89376773
979 68276796
491 561955437
431 58087600
677 497330854
173 686238458
315 383972472
885 449001344
387 13852046
303 89132284
677 51211554
24 750711020
612 816482444
112 592330337
990 403982491
423 265749610
83 373690251
966 144320816
60 974948103
880 639305561
614 948255856
295 915651524
479 969767817
177 418642321
678 434146947
868 295254140
169 107484687
307 562521670
371 546319998
587 333502074
326 333114551
487 508618502
671 635889853
450 88062195
108 750185173
273 760678471
173 210033217
354 162087111
183 144860379
792 810845759
228 16123923
935 539786117
226 376394562
909 331992062
829 109323290
337 72666455
624 638325846
193 369709477
