63
650 854283083
287 989236051
271 214792165
548 632610043
947 746705831
184 456098980
601 597555036
114 566052614
485 199547376
814 6767683
808 703039198
294 177952315
453 954330343
124 612402025
745 209594462
479 15492659
15 388830026
120 843386759
807 220756241
551 417209819
486 123640865
156 946066469
64 93156517
726 423701239
464 742852729
369 351068299
577 154581141
706 396918654
910 203209365
467 863454515
393 140295876
287 460952901
535 76699274
25 834265981
779 297496888
357 346462057
943 992898361
545 141643163
786 377237083
993 670965722
177 572232682
109 630311831
195 193722791
540 947171010
837 393134476
49 482980703
295 424115648
804 137156366
335 618687032
337 593734186
159 817044519
940 254393481
517 736843083
994 333835356
311 303373348
386 971115892
395 997201016
816 101867077
862 165219608
7 147972371
934 832450553
692 31169208
907 46977787
