75
214 577435839
313 121662360
805 577708180
930 996686201
76 756677043
146 234655978
660 278602118
341 392483012
886 196044891
970 317722054
838 78396826
335 782089272
317 81725802
679 672276466
508 359461373
569 433855452
903 138023805
287 634597996
785 619043451
134 253607629
493 824495091
119 889232851
286 373285177
370 726392903
730 125021208
521 367878381
612 164857392
677 99025547
918 86184180
881 60597672
359 624731206
700 45639927
122 104358198
17 158624539
619 601281337
524 259299514
452 155685437
817 652376080
967 290013337
187 334369015
294 410272214
342 805741245
197 982957031
19 497899247
466 25575359
341 510186694
132 167239855
131 912952387
1000 20154935
686 256575649
458 774935330
159 563058657
933 722932563
873 673644537
733 841185049
527 641882060
441 494397690
237 890633456
969 264673072
779 13476957
995 836197043
282 48135383
794 184572346
131 311890168
932 808869557
424 500719041
775 878345297
567 274171693
206 737427084
636 173008946
126 774220509
990 620486050
301 268497235
131 479959723
726 365650959
