75
545 891816739
998 595092164
810 134363252
539 127881858
870 42224896
792 911424761
497 259531830
347 870347095
763 145672864
330 693723694
628 625490446
19 656832090
529 234281542
204 240849599
568 133073669
250 762485242
243 482081824
428 788817703
391 376877068
726 989861906
303 55405490
341 332852184
862 133105736
634 220349466
456 807814227
496 396211410
855 681886018
81 821442528
722 62048633
341 465641250
765 200186510
229 592358759
711 474153437
710 737574995
961 927727754
934 632490113
211 634547099
798 321750530
198 107570579
9 66442559
276 535650762
52 967831286
8 409170471
733 7605479
257 901444941
60 33003489
265 59730304
724 747287685
76 411301422
276 665760765
915 989135879
471 496165855
764 845178635
128 501996699
178 948394906
717 475637698
919 615825291
264 8897358
220 732390635
174 396573647
591 777923363
204 103620640
740 142342363
548 262917233
598 220297932
693 109897685
395 53772783
61 46963801
434 677270303
470 946427720
403 431394870
157 34593261
881 78596302
681 549006396
268 603432728
