1465
722 19580341
687 44953237
222 783521310
974 172735170
601 421623636
381 91607683
915 587217296
320 591096896
538 597282138
800 708543725
723 835843247
549 28904264
300 82061620
813 560383805
17 474489483
570 195452108
440 92162851
313 255370719
221 146305377
381 58870089
969 813033259
78 826207291
626 891076958
362 849040031
737 552083709
304 486275064
190 746758674
332 546929178
183 741053784
650 379723190
563 705040366
857 224049396
982 556963603
414 890923427
253 131398209
923 702745857
830 409938547
359 46616346
394 94825437
139 521170997
633 407482293
947 135429563
528 946867665
560 683725519
730 1368156
600 49644548
792 669996167
737 871702571
382 821960876
139 222475118
624 458088200
769 293825323
941 778624789
252 156418906
372 416005948
504 546150258
12 999607029
495 893491874
370 224533624
250 568501944
392 577351320
827 319279474
894 180769987
608 542559415
848 827533280
977 571358361
601 92437784
40 392032748
797 774490024
482 84372899
366 135495102
943 45768676
335 874629754
853 612809385
603 120847488
800 588792395
757 673917852
581 379272186
844 557714998
9 129349655
924 697555058
335 529227551
992 627081224
364 240769
853 66048403
188 248490693
29 282141905
181 271011011
907 38785101
358 35508191
119 976059542
111 538399647
118 510629096
598 266478083
919 345293427
231 981392684
948 489517448
88 789001378
497 223403210
788 230818582
648 586178762
405 181856425
593 941590647
79 681561619
123 817920901
349 5687379
159 135365848
873 96823136
857 913172330
829 34531973
541 338620116
220 760480670
557 552833415
392 333014186
863 549282723
473 553445641
529 609154316
985 372687379
257 669105752
503 989974230
210 734389742
836 229250876
634 931207546
918 939318893
57 763108706
512 234239949
899 130850679
718 917040294
208 398622175
277 438769862
291 325048039
664 193990011
182 80500385
763 294165270
364 70898572
483 917267126
253 354727804
851 569902025
566 218002794
201 712514271
423 489154982
802 840719010
617 54358097
209 819029631
15 773432670
135 480611395
244 277896448
91 220680604
988 151605209
753 295378796
471 52764172
358 616603386
780 783981211
428 536406313
458 499837450
175 297338785
793 822014836
392 747984753
619 92577922
850 374773138
727 938528411
834 217976454
855 935214878
695 643694922
142 188786708
873 592391563
254 957846061
802 117310657
903 335961757
629 484289003
201 184086471
745 67568122
542 270390423
304 968985714
774 206642446
990 198376836
772 75854226
206 824753728
986 309131465
564 325465342
696 437955981
415 96229902
782 992811002
226 531031037
627 90949957
75 376874961
929 667482482
648 248321087
20 735146993
569 490404646
149 513281192
580 74194035
126 732428147
347 513722249
4 348827877
497 412959376
530 400991376
179 424908477
541 79251098
998 888073257
471 7634414
667 32375453
753 615889244
269 368574446
141 843816905
315 604542922
663 712589591
727 994341245
676 647522562
860 241838742
788 40906519
388 654124453
374 541847095
238 423360971
594 117820835
747 250885616
501 601896264
635 554470095
724 906603111
182 471066556
328 813461799
698 116232362
142 735458428
301 354493960
154 877272943
317 116833132
553 85518397
318 689917552
754 141587698
224 338317397
656 786918532
106 318144087
663 105539719
536 16222176
643 911849874
873 169487020
429 9622037
295 997316546
902 158400589
554 842541113
274 909892019
485 349435329
525 182068683
404 272007416
123 845070892
52 499411389
813 36303417
387 964054909
795 812653791
965 417253705
644 966885582
484 812042387
360 587379202
953 659453744
492 865067613
486 466758289
757 445071983
697 447348519
245 542711832
498 547843823
562 557604818
380 486910806
88 543934116
374 694262466
890 951687844
205 5365798
736 430662867
328 62818201
6 640851225
252 18726092
865 583371451
994 709548969
437 64857132
454 511095586
878 958881759
247 28067707
395 388216160
86 606744788
566 818007263
967 128989185
817 191748121
834 539634547
529 131857516
132 189921147
226 874102886
738 92429706
365 774526854
739 499601443
266 643585510
210 591490744
237 961256221
112 320401530
942 232411493
210 6388752
90 659439034
44 35011767
322 17715417
964 682087850
636 232632081
405 828675046
487 374983399
188 364149675
186 723469100
609 27852637
991 158864947
896 35573848
571 604862817
225 167986334
739 745129315
108 537808534
267 14772151
692 147439487
801 10615255
703 350631866
515 227957654
170 283046730
784 171927556
629 938665854
198 516848236
386 651709532
421 343899670
93 450260349
4 850468151
653 6629345
948 401967494
374 732110414
998 147052037
995 69381971
811 184898507
666 968078075
279 21685785
955 414567965
933 324513894
409 800634772
295 631558272
463 391701362
782 653875227
792 764278189
772 89042146
20 453258438
421 841269098
815 824884030
598 676800729
63 388794397
207 51187568
891 20372378
955 752433695
394 514094260
513 841462552
723 365261280
345 858736699
440 555184542
502 430131295
945 923761075
961 241789938
171 963868063
344 737793869
17 361180249
644 749819817
137 502712353
311 117132405
114 49386985
643 653475926
956 398468621
114 109087022
516 264878422
615 67508757
347 237110548
298 652916806
807 79627589
413 444394135
48 249181827
176 382457913
636 447912554
594 363043323
467 109406833
944 794519192
74 328512649
75 486431532
975 723080298
100 694765814
669 968614860
255 530434108
697 691518429
548 311891632
904 478212635
653 169775823
380 100176747
208 144179945
522 308486313
552 200796620
155 151325871
15 363399001
636 171112115
588 282606912
185 254370352
296 12063136
656 78496850
209 644051669
85 126383822
662 45194046
920 853600205
629 984818790
407 359643527
813 722179678
675 43814522
93 260860935
82 455053937
523 360481889
720 330225243
343 704296514
366 392648550
754 127400429
138 372565230
281 219672000
401 583449070
96 347865230
33 988814235
216 355236188
755 530369870
77 873212729
157 484949197
171 578796884
700 387021215
555 257525176
634 680588313
694 704608530
20 166100360
525 513007375
279 877530190
963 475565450
576 881132981
893 817621168
549 99706717
311 216774311
615 438605440
704 545896689
563 645194153
100 736291179
732 836848873
963 641797273
890 3092072
853 669283500
86 495460563
919 222321644
367 251588809
965 572253408
575 761823295
110 976982371
664 292500679
285 743102947
464 23726457
681 447949317
723 359627831
355 544402428
835 102933307
122 726030362
658 465931635
286 489986562
430 846961394
434 469129602
855 18482620
218 490903332
541 38072981
444 111966035
636 301653586
229 47745198
936 30239909
320 596676910
850 541602036
462 866754912
956 561370973
291 249531365
173 770482343
85 22821498
34 382416231
12 967420237
889 386370267
486 698929853
951 998981554
690 609213231
392 961279198
286 648538981
699 773237881
876 235337368
294 276721266
684 562247193
240 336991513
738 521922391
230 920994506
569 43574146
178 128358158
143 415432986
879 215072522
763 791543516
913 263598595
445 899044696
197 618526853
515 913705672
554 233528847
638 4303307
580 40415033
633 694189342
703 286858047
121 618802685
34 34984972
788 235868079
644 870241116
125 180859506
387 414353633
580 435827509
132 762031611
233 891541607
437 637991639
171 102850288
198 844836459
947 342662698
718 803351631
405 380714006
427 157640040
850 985918939
666 126392198
836 940978265
425 436439231
887 814644535
96 551512835
929 963075549
937 138650631
78 290848872
144 248802341
409 921323198
309 942640409
781 479473655
449 700774620
32 77323458
447 957656922
868 276843759
949 136324897
220 82271052
498 627147229
855 326027760
97 499749062
209 109832608
518 282089518
696 139875537
20 58028533
701 889812948
613 678119996
670 793479616
840 342883592
72 196079417
312 187444355
121 839582689
722 320095024
558 971937599
516 116645062
461 5820866
475 801132672
56 59026046
781 178423348
539 179008087
231 211362860
957 214777799
775 337275738
398 815865086
459 237035244
175 519850878
128 999537036
594 337842900
670 730598870
298 405314769
976 53818317
880 405467471
242 232757473
935 959746449
333 171193326
145 959736197
491 190380380
191 785462575
126 685207351
46 384444438
773 672520238
954 262797133
637 889548338
152 218299588
608 57470742
656 793223205
85 352697036
277 194728
287 194153014
656 49154160
422 40316876
838 80023311
677 886007681
411 957001951
556 339170972
221 986227075
883 112537859
681 118600184
990 882768780
611 81057542
504 690073494
928 712299992
838 949348853
21 643969941
891 438438801
87 846937172
879 646625254
115 435964460
348 111956706
116 20129354
555 97264367
800 536298029
625 117120188
564 613051914
385 127128028
545 318818038
46 746694381
401 224870312
179 576784979
914 388491243
454 197382407
539 504989828
429 21298657
527 498645627
516 809990048
82 302665911
333 619160663
891 839623972
467 319673868
333 125046260
849 569121876
915 59342186
536 911304180
451 939579641
736 635287739
993 638311856
4 468447680
667 67386294
758 317122963
521 852832709
821 425211525
968 55450923
954 78643116
170 141014856
632 134453602
847 481045647
266 453808555
684 803565076
95 1802406
81 70683745
269 609924716
178 754180941
457 801463384
919 179961542
39 398387237
316 103347186
555 732307319
642 551937849
747 825268499
373 552751193
949 688733214
243 267646664
159 990336199
161 288988000
487 687017226
371 696415552
493 727099681
709 714425867
719 314577589
385 140687593
417 165592525
181 12628646
865 937993099
3 151081211
838 287706415
928 585710292
779 239252828
115 164972749
68 89542450
253 198908711
773 905565921
592 161516455
470 104084208
262 665711322
768 241478426
830 86614988
866 21999489
292 444715278
635 636293627
356 655353691
121 73610279
427 790291445
797 15350580
230 909806138
126 657774886
199 289699922
284 515034902
840 772989100
616 605202740
224 155666263
645 983270721
647 130954310
405 612493510
94 197102462
913 351664417
386 247335959
66 536512029
643 303226785
575 888427217
485 698088549
635 424924819
470 199929207
448 447398027
289 356268827
948 47843911
58 81821797
473 17871139
4 795348714
378 378838515
184 291165387
900 568080379
942 162200078
982 656725801
119 191409288
871 392175686
247 234100692
945 80546431
381 398592078
825 258881594
15 160588654
864 337350286
816 556085056
601 203477250
126 454185953
587 14382803
443 381534118
269 553144157
214 10251465
24 247119225
993 157187585
763 136383848
284 102553600
184 557330148
357 4511672
139 943720768
741 550900170
482 266713813
349 62814022
178 112946678
566 24226102
189 315926555
736 559184035
430 276748058
572 906746373
376 668422313
680 283248512
43 81662600
298 670785500
280 565243186
203 965157128
824 777538320
622 180511956
84 914047523
711 930203744
878 17721135
521 935497908
991 944725229
401 645126085
340 632133839
868 131395467
998 397209665
864 81372591
815 364980368
82 282268674
397 675960180
559 40230836
211 571954864
756 6419883
549 450881188
561 397033454
431 768802452
607 118375170
657 70590554
409 723617671
484 942719729
207 571851538
442 976649320
157 739437403
837 989876227
110 934333060
806 217832652
728 492718773
883 239172837
623 510263724
107 341436508
880 705127364
708 760466864
739 119771085
781 887876896
56 682822656
643 856031636
262 547007101
726 352499861
375 78841745
911 612003308
23 600573137
68 717016412
627 925926043
307 51014957
186 333733554
784 121669214
468 222737645
61 932484219
748 386561113
581 130748632
249 838299272
25 677768437
831 163704646
408 93630345
680 40201488
455 185302220
39 336764912
996 393089870
843 678580759
366 247757227
665 365937783
126 822221417
355 784180903
175 630873872
14 136529348
264 4201935
192 506422504
966 90374184
681 576821676
603 889217315
185 704468768
209 789638483
547 634770226
576 679078349
635 597166106
155 583355917
889 638044237
656 444127243
514 15859714
653 93468500
262 645249246
26 331194527
352 721006670
436 896171808
959 493115925
496 745983172
990 938242356
297 537887016
608 763576188
26 821732877
585 772674311
605 769494195
463 447426059
438 930242306
173 791215489
123 789573216
144 879880826
576 463772354
814 979579475
381 560464788
635 761693818
153 723159655
113 58870907
683 359630653
12 383199656
509 949544712
770 342566171
476 914857367
530 120258224
374 141067042
528 470122495
521 909138837
891 576318595
785 131254136
540 18868564
345 373657373
287 789857469
976 903273493
662 767879498
76 562090011
418 126727333
299 172018766
320 144814083
113 544489464
166 78430769
213 882543457
716 178340547
277 780237529
242 698551174
185 304544966
684 57592309
992 460896799
371 79594735
505 426885822
975 193834892
734 58684142
681 690429429
101 503183914
376 164886333
788 155040315
346 822107828
137 666369657
250 648194462
580 199358749
678 912223924
508 135898189
950 5937164
432 492731481
211 931901759
445 312643479
799 514071413
784 907730297
340 659196120
438 829787539
376 682607824
658 316157807
257 957813749
407 582564720
459 544133001
295 464470664
827 160313481
458 503821608
658 450450545
439 767046309
809 909627562
243 748577491
78 491652802
994 825007577
280 889641535
780 62052068
2 663074354
593 374355461
411 685595606
30 232470230
150 296432543
112 85628800
659 47311164
402 894312380
904 803697436
961 145543363
601 102945943
785 375532999
640 725707504
213 965072022
648 960863858
965 262783459
670 498590819
380 116154079
915 954576533
750 83528888
890 372756477
661 75071158
94 754561737
433 937987005
794 471237466
497 78400181
158 36183751
140 263434268
334 5393410
228 656477176
481 87818150
651 630440140
100 818858725
860 638395282
224 352950989
422 483282049
748 106217370
998 958900870
64 638662789
303 952298243
216 742784931
42 353300543
320 95943168
391 407839313
862 911719543
371 199970123
743 447697957
927 632859953
479 906255591
593 2566972
433 791376716
486 740841809
50 417784483
85 748816704
166 522955338
335 983938126
211 640187905
834 632243811
142 1040994
591 693496209
626 896640862
804 602585352
239 383527692
820 228441272
253 963219767
56 979249736
98 262556108
61 114202600
402 47855045
406 687623722
823 2126336
665 737299705
236 436694473
767 746185415
312 72564722
835 62499837
650 683519183
778 42053719
556 977444953
895 320664588
829 377309441
957 265680718
492 585645257
503 594111785
370 823328828
503 39304926
456 242488698
624 556928946
432 524165506
935 191611969
28 844089235
870 519822671
355 794596451
878 354954325
861 165473509
964 794887448
299 573431359
150 910173679
317 796353379
272 705879170
720 542181081
301 950293482
653 522883223
454 901154345
712 270468014
338 287929590
530 469464535
799 761503705
814 629707047
129 301817719
344 385850586
19 366195909
913 368594554
590 761877482
477 757425351
596 350349226
684 160530872
956 228229769
429 5767648
219 418860390
555 108290579
654 101888542
67 560181499
968 314018018
865 716966849
621 640977062
490 559825716
124 919776592
629 68457841
289 560279751
133 403606526
446 525115650
956 848395766
283 137451739
808 145756663
11 304718589
887 26219250
511 915851829
56 832948839
623 414855868
723 590414851
300 261468537
683 645777655
547 796674987
589 415118107
792 906240156
47 978824481
738 43304852
925 551881632
18 998203798
276 514035908
919 372646042
132 858326579
760 516446957
201 485528075
431 733609105
985 71699752
624 693277025
80 532613115
985 768468151
40 806052398
890 793404711
771 133169905
305 612621866
718 66189571
469 90600382
422 832245786
494 336327937
422 983704008
679 448674301
413 912519987
526 559955342
5 902660882
527 850356912
769 313051151
758 543133780
298 186910668
457 823389026
943 151266049
226 677871566
852 527909624
415 192185380
269 157534953
63 585957344
648 95953450
947 272975141
790 569531847
777 926579430
788 634569493
509 733136220
72 131309494
605 865346486
972 601810999
471 68871273
753 1655577
307 453945249
284 129356408
101 729871786
684 769963874
917 10267056
980 829766388
504 758199767
371 691154743
198 341189005
399 121263436
551 330885136
342 973302857
673 596803871
173 314863012
917 357717540
149 129476127
185 959217507
607 60182852
427 97217167
142 840587039
44 829384237
421 709725330
550 209119270
110 502325588
930 660510399
986 439641945
81 43507042
410 157478918
95 187341665
107 107805321
394 608697310
396 173514997
980 965050886
308 568539654
788 200101989
989 667464143
649 75363828
877 517805595
576 405433860
699 982366722
522 626359562
697 379772053
67 268249338
63 269997333
238 562808086
135 678320503
727 914447293
814 222841391
207 47820009
195 636928780
22 430848292
580 762230051
378 71876759
995 960284847
311 635907534
479 633460488
12 594108747
593 656981165
505 225192194
678 817269618
125 864725342
43 242079398
480 219661665
182 779510574
969 27646580
712 110811275
640 211679410
722 420677375
162 511994550
51 982255752
247 609212058
47 330293759
176 655830233
826 118713103
247 573240487
635 576449367
594 118304316
792 296732773
72 942854805
753 856629212
206 171814737
929 20870402
870 699610348
717 27261959
610 690734671
891 197228475
970 773845216
517 167097248
473 873446258
456 802265605
729 987290837
120 46541767
785 367652161
921 727351158
892 131059527
290 227015475
799 568681576
127 17590783
786 508812902
462 519958016
684 345727227
884 32543771
677 406983433
490 852068329
223 327590932
787 902117338
326 204362781
698 1221965
532 821049799
57 697704485
577 19694443
179 11318045
621 890019367
223 460559983
167 11624239
692 65045100
690 285527543
137 988213540
591 568499779
813 51276629
359 367521375
579 80614785
860 96369634
227 664794822
196 566834010
444 417525379
597 819556862
352 343035092
926 552263089
367 429867306
904 344972475
887 302401035
734 182851666
771 101607004
90 247866655
59 187870437
956 32586112
921 207587553
517 219066967
203 222167347
103 496193368
629 843385879
948 160717760
289 429631913
278 774769092
788 57446755
594 370331727
344 124256883
233 774010954
44 348850176
770 169077763
603 523810995
994 476118221
268 60947001
71 547409477
820 746306715
755 808602949
962 443550292
936 319928392
601 692743590
845 243299436
222 24269332
986 718846395
190 188318913
155 604614046
309 625198136
637 63024049
212 191197558
214 327273867
753 250352522
85 589800792
268 341678330
45 127463619
565 99475676
897 438363666
84 649986858
9 338840690
775 365519538
877 184620704
497 696425156
497 347544915
639 447852264
430 65524236
47 747141466
660 863334288
700 32334069
802 3597662
993 667887734
60 144641853
322 484454566
664 734872293
551 123682630
226 282045516
906 709395463
98 261600717
262 483581319
663 780221445
859 294559664
696 457613613
987 616898195
897 761316640
597 937432177
391 797827001
645 69655096
784 559934685
102 82072420
5 308733031
983 52560899
604 853144483
829 559129781
972 455377450
399 756597188
149 931797584
53 11916157
135 450221531
810 777754051
505 262564289
763 204326852
358 365793954
755 342828176
51 555983817
607 141548425
365 30822589
584 390639916
522 97519313
654 17105025
826 332073046
378 89080461
4 764765406
623 47948889
49 756752310
893 63633515
73 749930717
93 106306430
748 433652205
637 308831614
727 889582417
70 80681991
658 962436861
123 425407850
620 391010720
25 124789497
933 489456667
426 382572086
793 585105985
503 206649356
439 449789891
336 840301410
629 814589053
876 185326035
577 8476209
413 682981213
571 807584264
59 773363726
879 478677749
632 723293337
249 562658877
660 932870898
280 172631823
55 934684964
864 664804411
842 97634158
247 409182435
787 959785371
204 704045910
555 58726629
416 897869430
763 296931410
510 936239189
258 791811170
920 994695746
205 243308700
126 92410376
850 578878004
289 128706604
592 610491855
502 614434939
352 790875246
568 783971606
600 633485830
461 928951041
280 76180866
459 905193732
268 337972573
271 104917980
711 234925532
107 284199386
561 344509287
699 892927992
346 673242290
912 526946962
487 268317565
91 43079032
416 255480527
561 524572714
746 706222500
487 850360497
178 374537433
719 103032041
263 119657893
621 243589858
224 880751718
192 909142377
402 401242966
628 138912982
521 441724948
986 937629730
978 120641756
158 593320240
703 654717469
681 569707491
103 136956910
11 616385180
865 475511699
222 263408272
210 25409500
851 508666989
311 952509963
635 130417907
24 225030367
21 32059737
58 918629810
993 298113251
653 991603332
605 604254158
561 901151357
233 605574861
354 655807269
816 905192654
186 772332025
259 192576275
42 153315008
979 678982506
275 58291515
