3869
173 46129964
330 516956497
271 979947008
807 996802524
628 67706135
659 108803022
285 283202168
857 666596289
704 533747526
271 583323444
684 279501030
500 169607173
53 426657945
35 403837343
603 306096283
50 52966951
75 243881513
720 136865305
735 59224471
569 416597060
251 759531954
850 133701967
709 610475129
225 397443565
802 970307676
761 115351448
58 296512086
424 482883859
7 595358212
105 361621206
685 841699815
75 473125544
211 227914566
423 369267781
350 311975920
193 10883645
393 857443347
53 282385768
943 289635491
491 276174908
69 157412999
626 122028383
780 300465625
178 558115423
822 169759343
44 652619923
973 954100133
28 347722130
124 865369816
676 711979939
287 402458121
464 711458745
200 443995781
267 541899601
757 956796370
591 47788476
384 517147406
373 437914885
551 789992680
739 667504136
729 933936277
533 897535322
300 77834461
597 806582504
721 730529442
138 534391602
848 707302115
628 623676749
319 761250094
697 263874414
148 85551820
981 374569021
666 136644168
541 924332707
794 132863496
112 834959714
976 79216593
132 97802656
701 275981154
362 806168108
265 155875515
148 6690794
99 113224594
827 3327453
117 767034781
768 120165942
544 64129756
284 144834214
616 927107415
289 589628608
161 422964184
677 487777685
804 697573105
883 233868276
668 35647285
721 47693610
619 78684271
707 113267419
83 82998682
677 105394257
861 963731424
986 883394522
377 624300023
887 940279672
550 624621052
491 305106610
990 936952246
920 664250645
446 322788784
510 60481093
801 604404779
623 102055388
322 12053032
566 364425405
288 539482827
259 170738770
923 335189530
137 826668387
481 330409606
520 620265737
937 817493125
955 40981785
32 348110386
999 28232036
86 814456763
503 897577273
533 382241114
841 445127335
887 778819773
156 649791667
573 355149856
677 701468534
409 479816885
659 88794134
492 118380763
372 586538845
624 711563171
826 368972663
845 539056844
262 25497586
91 320355027
837 33298357
987 670719894
774 277930901
187 534468610
873 699416643
204 42479973
915 69112201
419 294189572
105 869102725
914 838382988
86 843354190
969 104315308
213 897931303
215 666093500
269 64256056
127 65394070
581 698961653
549 787804353
481 768546136
940 751094737
977 429487945
290 275944299
335 34103223
24 120928812
343 563292524
753 59963843
50 774234115
112 572918227
11 787019311
966 848038426
638 753317667
625 63848361
114 571774330
826 61465871
417 573466710
971 303820115
563 419202626
990 446347932
79 540940574
883 923197816
74 21358444
202 34957581
710 339902861
134 115562098
266 83339214
211 879370300
390 64070784
26 45099965
857 967391894
425 599346289
86 401310766
709 111708823
929 649697982
812 692351685
185 152765354
321 96146760
702 316822236
121 339328652
481 725166968
899 11180259
338 159056468
898 569702353
402 888150508
685 774274101
357 421802754
670 220973511
367 321851203
14 759859582
867 536891461
817 133005996
620 714385258
58 134833221
357 446605247
745 780637001
951 975504441
84 58657496
178 195204897
583 419054225
885 307632936
37 64651377
144 461143645
600 760813713
474 141061991
742 796626230
585 171953238
966 858173518
916 450547232
387 344346238
329 667831000
239 864322648
253 362940181
910 957913325
208 597150738
630 568179873
470 636135795
768 519771302
523 460455761
774 319462097
792 953483526
67 677941629
247 792067147
311 239630882
166 995960179
537 52252418
448 49802032
303 878362078
155 994916233
368 42804668
725 933445300
105 836097603
521 795477584
274 968876848
544 811932265
513 148635619
211 797990143
805 385068893
278 594853599
15 53350840
206 82867142
172 220684837
409 310865260
441 116676535
668 914517709
193 6436460
145 561094580
713 130988485
652 297495999
977 481552395
220 403830729
658 883133520
272 280445683
11 795553078
923 85148910
140 200240549
738 401015361
593 282849457
867 485287582
954 321318133
369 84719144
511 192943726
914 49002442
867 823993453
11 541316225
112 981071938
593 18368624
983 369782680
292 762766754
868 72335960
878 569854801
310 775259182
311 81519252
361 212956034
291 469095510
54 188966861
752 993502934
65 560812812
257 273875782
341 267573659
181 170245094
169 819671858
342 439202161
385 730096128
582 179774475
348 731084282
147 450021407
346 650469215
250 152526494
149 404436946
438 277583539
936 42340549
209 352675547
127 825839036
51 338711084
651 737172933
722 774241971
897 757944607
45 300264164
367 128622133
544 924457806
876 70704349
161 459349329
256 139777614
174 561000125
888 858096932
545 551387196
982 959939173
675 220630151
779 719271318
865 525145556
338 910086295
296 156233381
737 386356610
418 405006685
704 134077663
184 84755986
828 440314022
443 164583473
240 597096128
611 117352029
37 885878824
225 744174562
908 885253412
321 75967429
360 248940031
431 714543545
205 947635086
581 385041933
94 449230409
137 787074063
968 755645980
405 779137019
302 889969024
286 3371242
258 569906522
128 756439757
846 72311928
570 730556588
485 500958752
847 995884779
221 161288764
586 577469387
954 903465247
789 136670375
212 229568395
616 945355408
473 400598531
124 95612562
852 17025508
2 16568344
422 873385620
601 987607628
426 462016004
871 543107735
806 398025085
431 657979832
36 597925650
90 610116663
129 363681287
8 763954572
219 380272009
609 496760721
252 23801046
770 474675028
681 579639131
988 457343116
501 935190936
705 47287767
502 185654579
111 50878558
1000 143839676
480 221134346
617 622049419
739 73837154
896 7930899
339 401903453
978 547009120
27 586861136
961 110230125
478 780789502
522 801415783
907 28308993
96 285235475
295 623861466
304 331648467
98 139491714
435 124978928
424 60834041
863 422948384
261 997345597
982 254282868
892 41705650
688 48856252
343 877873952
622 406484555
855 599275082
63 665576671
347 897080991
719 733193056
748 864377919
539 846313970
800 68383192
119 797269456
193 710138723
605 371378621
146 794567295
471 106380726
457 446992191
764 850643464
399 617057462
566 111878118
797 573564807
511 739262794
344 673527881
196 135023331
943 840115754
248 730342863
299 686134338
59 997075904
850 49409223
837 948395713
717 389819471
241 569476515
238 392084628
603 572078603
612 767417322
317 254760259
131 95171289
763 857280000
289 41604395
687 204729505
651 548349843
772 24075831
639 787034324
208 958671251
128 960614233
678 594223492
258 161259853
16 815855089
518 830528029
997 430071094
34 964374206
710 146543389
950 729737215
343 991188655
760 668511434
403 809120861
911 851336093
269 373669854
606 785214277
878 461742170
459 576738008
86 397541631
629 796513456
957 80642110
740 118760008
529 658254075
286 722477693
971 546182857
19 442809611
790 716861326
540 78297195
943 263750088
533 425385271
502 408795139
131 422583847
11 748296947
88 196938940
874 807244408
324 416533837
917 300872879
778 624124293
713 59350894
394 689513011
907 779267387
392 983729487
712 827920062
537 125014718
972 86908088
788 432954952
686 56725222
133 502103308
931 189033665
373 973669708
252 658550018
619 51682084
832 34336807
527 384437153
217 129665099
472 691113231
903 636848783
867 228771419
656 546913101
741 904311428
175 658015110
892 288154146
378 19591481
910 165761829
289 741366653
745 586393933
121 433997963
580 239787383
963 114108018
777 817906455
390 587169626
638 865927402
186 915563286
19 171514870
86 950273200
33 288691968
833 987319437
375 447621921
765 886341870
536 254429127
261 298748154
469 425323621
937 344510225
446 566739327
439 132425283
817 203488817
122 932841636
441 636375301
237 711943208
414 297585760
947 402957755
735 177253124
651 873521374
700 517075895
907 729050974
60 800203394
662 688176870
97 300926881
912 276176149
608 111801314
45 191981426
665 891882123
615 597408579
802 803408043
954 45799853
758 954876305
505 826187259
613 376376422
639 716879357
733 115862463
442 420018188
608 512096063
598 543069098
899 503645939
737 768126426
578 783959290
492 1904873
836 677428762
209 542770944
198 949484873
976 149926797
431 559998220
748 478696011
303 30570480
918 280714001
105 144015809
587 90593999
303 711356078
134 766698200
163 861885905
468 235814789
247 67026142
733 1693267
227 869641879
703 106020740
974 957658421
780 652963551
346 98119104
368 406847919
934 807260706
111 550764104
350 651797385
361 731002923
770 326305797
760 151133545
660 480039221
898 756576870
522 86070774
529 506227053
337 825046254
208 377973585
206 336050654
815 12731339
631 369712567
812 669826252
992 349279186
762 815889809
855 255796227
8 964834279
861 556349835
115 567052092
31 468879955
96 398073291
682 466027499
53 928468029
434 924800610
312 120758079
884 346788100
919 349416766
883 749087470
806 438654520
803 686770165
194 2482568
513 671470347
153 122722387
234 323566518
626 793731467
134 178561675
511 110258112
835 380795012
645 319479336
691 51389641
57 115948707
24 13417730
208 129795883
61 362821518
784 522203615
700 25349458
102 955610537
637 370067413
734 525247947
203 376065212
94 395289246
251 205342223
935 773436659
542 435387394
31 143626454
503 167517064
774 160625808
41 80246330
588 63373608
335 478828864
489 438094552
120 379447624
288 970327242
418 403166005
592 185876336
250 816688063
662 880354060
179 793699164
327 628531744
214 413539943
335 472690756
513 706530344
148 105595681
259 858903560
227 686623574
210 42860276
746 384291475
596 339546324
474 515708804
855 457758443
112 796251869
22 402569157
286 634542273
25 748314701
82 298271528
736 717058766
861 103741106
327 337379268
878 46089209
564 340453836
344 186047195
684 707774275
338 960302773
71 110703894
614 943480416
598 755352428
834 390904182
762 612540593
85 55464025
520 365109320
357 823034896
879 684659820
365 348624806
330 317364715
124 386815590
236 864572374
746 644212886
104 842822341
40 144147966
566 906279058
161 9655734
686 918258594
969 445079830
417 417426130
81 275019213
517 93569589
508 695641248
93 221344935
292 357755534
511 370818928
14 858526937
68 350791827
92 637768829
545 243346874
602 197251702
820 853834566
418 130702376
628 543612289
465 810047348
13 960263760
338 52485003
951 440894380
69 181014282
982 183923584
115 506304881
791 961069854
98 817277351
928 697395627
385 507443057
599 700909954
125 78787731
172 865215757
762 466217057
169 14463672
78 498969947
392 972803475
831 857889476
736 309967576
44 736884921
961 340871164
146 491882216
259 545327377
895 556624707
656 684954288
278 638664441
86 7535778
261 256551268
90 725945390
806 961357359
899 917101263
922 960713162
465 383433402
472 876886803
720 703505109
928 558305172
115 931513959
407 699398395
67 394889022
26 107882761
311 76067882
654 33700016
400 245752388
19 177725536
964 379466149
730 964228461
961 642813289
940 481237975
200 722274008
870 546883129
94 936684875
987 384392842
40 51085022
228 162841574
95 991518386
453 854101769
880 166997401
310 59917819
594 819528252
858 264686096
435 921555035
592 495643911
809 631160597
59 359068623
429 990059603
347 662544397
338 133931124
145 191538701
929 157529230
319 35293507
711 260488446
436 50875176
480 262925648
182 395198626
616 303350083
950 41968959
423 260442528
268 743541887
572 446195678
886 209377797
145 242046341
510 284175041
744 317132489
267 915044992
195 642443890
804 637140354
269 936845441
697 893037903
192 49328036
227 50660230
405 290689371
700 371025653
539 589124825
844 493432965
760 188395291
890 878464405
469 152270803
372 343044438
278 898460492
319 271452539
352 215275108
550 768034587
702 142022139
229 67476745
99 693077077
714 138925809
603 389270149
917 836704203
651 413843207
708 186518603
810 44049278
118 872879466
998 176675248
930 323428427
251 397085916
876 200667543
553 628530698
494 149689129
431 13775047
972 639294995
266 906966664
963 379783066
664 21923305
204 694049637
676 241693775
906 227226966
843 693991942
335 675522216
503 288214178
170 42862736
353 636186033
30 939391188
120 741752192
118 473227833
939 536111555
356 896354192
789 736315598
406 882480040
387 164135575
318 644566177
86 93457062
471 66317505
266 424294232
104 716233339
290 33280220
401 723188110
913 450712894
409 942894300
501 449119889
302 182253435
49 549182503
130 13425616
882 789067558
332 180157307
523 51519883
413 9927329
557 930221674
214 622418491
205 890325174
474 839330351
333 915485319
121 458498486
310 536375241
604 194565811
818 917450807
582 896105439
876 425553354
176 422560050
301 718689192
999 456164265
659 552109211
459 509923023
241 811189677
229 326102874
345 617247675
7 388084570
215 40736033
414 489529827
203 446731432
848 576281572
356 295471299
540 869628137
542 391660345
175 630784972
76 613177621
632 11228513
133 641014205
498 80383726
580 150655394
316 641232687
720 715282200
110 44059013
43 842876675
683 88702023
430 395025944
351 3443868
287 706060605
915 594264095
802 351197606
658 222174174
348 514403285
4 282440287
994 952503085
375 590872175
585 93456927
149 29303303
945 421438769
996 689517312
348 819491547
405 61719267
344 304301744
992 716976090
403 64715907
147 567921054
772 607943333
968 728435830
5 895007130
998 132297856
699 350825507
198 51598938
351 965853105
576 220996038
472 57816952
793 111533935
483 422088871
111 644736799
993 609902319
995 642853150
102 970377143
51 117907446
604 401125305
973 423045012
603 940991366
341 30352598
990 332273170
736 806287710
961 547871809
96 22618724
436 20030702
687 96803492
942 67124821
738 628973691
840 835558696
217 579749629
767 322520386
230 441351268
167 260361988
497 628743745
234 129900537
239 267645762
70 748215593
724 928038342
887 758211987
392 122399205
937 527400584
83 611547834
637 919346763
100 592573153
36 286358496
53 386211443
771 78335799
13 606225431
18 665457175
801 940251266
904 221525563
661 233062832
394 491140437
622 54443257
765 299420777
919 11579777
943 544969307
965 534066564
641 180645137
378 74095212
596 640978748
283 629287129
691 709372595
894 248416761
86 600499912
674 439473878
762 844301234
137 261155180
388 587700041
205 630996960
560 542249684
806 707370101
834 39700142
797 305702128
611 605843364
136 722583537
500 441620833
675 225703347
576 677732023
111 556656690
14 627140126
235 654060412
153 946668214
529 536238678
138 333448918
321 874360944
332 315399967
292 674979138
30 836744847
41 480209113
589 814442881
181 881310077
517 422761207
949 175052665
868 778820705
959 923718800
983 199638197
38 851710050
8 839686631
444 376082385
620 177181750
330 61577284
646 25614349
883 744158562
901 176785113
335 32993369
100 678583402
626 95453591
967 494914321
867 224877984
661 325973071
995 60729373
152 858437948
915 14507934
62 211087118
689 304028377
480 112483945
218 291972534
147 279082991
853 329771698
8 46901535
46 374562587
184 462057465
151 21079431
554 597998071
780 230980757
890 330966300
898 111513675
744 337618561
418 610652782
612 164913478
380 871493397
244 766851341
980 83330258
219 209215189
187 444560220
267 75675984
586 183086618
266 96715872
605 892400350
417 970429467
808 370377467
765 133042145
853 37497461
758 763706751
655 753514486
526 208260464
229 701299895
863 618558529
784 592897180
637 993347431
269 442683304
355 408897141
528 674840546
93 96359016
691 787333386
767 859882003
744 586422274
112 245993856
549 535555054
975 88254489
100 184271573
902 869271365
110 392194180
45 503642548
151 672263629
82 177086097
390 95831241
368 612456858
477 522860714
4 217369725
278 794841720
657 101820559
158 254177794
708 756361057
366 610851785
464 54946352
639 339353740
573 768178780
876 330829780
924 691775433
180 338537559
77 123755395
486 27553563
266 15434855
634 475343792
889 605524484
581 626833419
368 8197523
981 683708892
292 832139023
697 101735004
85 455135349
388 833077755
521 523931360
269 500881156
520 822125891
866 595647072
120 783473522
362 327741000
926 480670078
523 904223555
304 473935405
209 367519753
163 877338952
823 425037473
65 164026394
515 137137263
654 530487883
823 646198172
803 120430974
659 469421011
797 62722891
463 337429061
258 318274817
765 555970090
152 401710651
658 86822988
835 163648337
992 606207733
983 760430589
636 532154681
975 69049477
893 56759047
693 72655229
552 846965958
472 606055425
479 797512308
895 24205457
172 590073789
859 99465814
173 363825775
210 531098435
879 505173816
740 415593034
129 577910242
859 542596026
862 247630467
38 945704621
901 768402624
616 211964668
498 863853883
319 694516717
187 680692308
147 879243384
246 527371719
408 958893108
649 56661225
54 40855913
959 510311637
871 578537218
330 30538900
388 769497807
940 103370709
189 493263315
609 507468892
981 889457775
475 385011111
370 485733082
627 503033433
104 298250282
601 874789464
476 398370999
65 147840271
88 527907925
564 713151844
23 954952417
210 533626616
13 80888742
323 447456636
605 406780332
434 282228373
579 9324210
226 93048673
724 955886837
599 135699545
571 592787272
914 284842605
470 85212855
274 595082937
562 222826954
662 24095849
838 494565022
870 186522595
515 256328611
403 725404545
106 359365594
827 383450033
486 28533286
452 296221991
812 654011076
155 359091346
352 436444159
691 283268350
60 40817238
853 29368851
843 94978199
901 648600742
882 569943142
556 571330538
351 573732877
127 343455581
835 556646692
597 970518842
676 220441477
30 643370325
67 89740601
487 938197902
313 867535625
963 122282138
460 508183641
660 231242865
251 117394805
924 156648379
136 212418676
264 163303036
363 327499524
805 10522215
415 905820538
582 639685765
886 363156534
106 88350249
469 310098201
644 592185204
248 386490605
517 686795652
711 83969086
717 846648364
529 291177945
586 806833710
648 905781915
35 962554044
989 409576559
687 387594472
102 756861547
830 209807198
903 635169923
646 88453231
40 772786045
456 144322356
748 47651222
549 329084098
428 371625696
31 738108883
494 886871643
927 206498821
574 951798336
866 880736454
519 796543584
947 427328509
58 899185378
274 59057703
224 343113653
244 584214093
587 278366993
325 773796303
996 954950122
534 792991555
856 935473923
403 496861836
92 418537348
526 24109033
64 879242760
180 356475397
955 534373558
771 850087136
434 874974369
234 976947423
949 329823886
551 947520926
134 772543091
897 524990048
317 116986600
761 334572353
422 617347068
154 806868782
517 388167586
773 484581778
660 132382829
201 695436265
668 788875642
465 147532679
311 589475137
481 473968127
372 753000843
133 769141852
572 105432747
908 906205498
960 182107666
354 266058600
845 75530093
385 797720690
391 254778305
855 517336766
92 428386049
462 766329610
780 906998142
290 553372507
997 856978090
373 547174528
971 893578716
704 791968834
174 98921361
290 235790355
935 79233534
183 737585624
559 764933281
661 288920478
255 343006901
683 751804019
811 667312591
675 62852737
411 597919956
63 71378047
116 501226345
775 118299683
948 374084000
826 460532659
5 714147882
440 729598113
82 627391416
189 344991271
306 537683442
951 54258039
393 122688181
690 94049490
370 354972309
335 811603957
228 755960210
724 35048837
191 97449430
480 26523615
89 987206068
572 934745750
713 515971126
408 6786885
48 839000587
454 998146356
468 957219582
878 843207068
641 31752319
414 771127647
318 134055128
140 56627067
705 305404130
320 610586968
471 104807871
400 730954126
813 521549204
729 507509879
49 470663915
920 725641605
47 516890367
82 851975890
772 851712495
363 559497335
767 413605654
168 912694361
595 656535642
165 988997109
719 424870817
162 105438583
570 574395354
61 826504128
284 907644843
579 735460355
915 781013679
421 815089353
814 948558959
101 427965694
14 138768552
752 845915172
174 463780757
406 502183241
361 640047424
520 577101954
910 797365000
510 540776096
269 767895639
310 329740306
636 101424623
383 819731549
384 217616389
397 15250494
105 124325066
732 3083578
468 653674606
819 800870476
305 594656980
704 832007658
535 700509046
404 41786183
586 776250066
914 562566681
399 379001263
409 800635897
97 588633641
990 351754760
102 213095419
694 169009631
944 78668128
651 190744214
467 612829115
647 637446293
545 947643032
685 812959372
313 381127208
957 464295595
201 311930649
39 928926464
162 496616944
508 380580050
563 565045137
998 121055923
133 348090323
622 936655783
305 34366002
132 944488408
286 247347940
405 995803859
851 670000765
679 465291038
791 549888837
331 737871246
33 359962956
473 688096500
482 372358422
484 76026149
189 621794296
894 397112554
789 583573730
693 423045710
632 540219644
82 178775197
287 122226680
13 478951876
599 440454846
503 61894034
282 302066490
434 518561197
823 868853428
667 889985459
830 624443744
391 387194666
61 32533169
565 376442279
205 38518789
680 659306089
346 409568552
504 498478433
570 693495979
321 941765415
666 371879201
928 783897412
96 105256242
165 740213152
837 92911614
361 425999850
922 39343184
240 863008411
131 142221939
842 194422550
448 2570298
297 263778737
436 930334388
412 945083855
483 367694028
779 336234599
634 965647066
300 404968321
527 456107790
315 828513086
435 117709814
934 237602349
837 545725824
186 206740093
461 189131458
296 993543803
640 169677921
660 502755215
941 500892025
661 143992062
523 742285579
914 498709030
138 574586415
278 860959326
575 908967979
561 967707632
177 36249080
272 172075105
730 516559578
783 307799046
26 100498230
895 936112291
768 454776879
928 637053302
931 179150056
395 830364063
287 430769643
660 84699665
353 268233302
398 129838305
315 569084336
569 212743612
267 352333260
782 524007100
579 386587768
431 988405578
964 703366433
616 269879775
263 434680938
149 874500032
60 19511013
803 94189971
510 967675399
863 342211343
731 881384039
894 136209727
710 637612126
335 47257204
81 188957920
943 823070497
725 10002980
441 887873656
972 848610751
661 978726905
691 601095261
962 204610562
854 623948997
147 545957129
301 364327650
670 516249959
941 580247871
276 719759204
29 71355356
903 536476348
785 444622588
511 683649274
737 379426327
592 196644536
232 678345475
362 812662514
181 285107622
228 548342669
660 771202273
888 22430462
102 359815359
828 583776351
314 548752262
291 679416511
986 772216237
452 681950107
126 90531478
14 981826277
351 197834107
639 834076622
604 589500973
793 207585139
806 76131981
937 832574165
922 277548377
469 317063819
565 559479512
755 706394941
211 793208406
422 562225381
994 117443568
697 357258683
661 54627713
800 190584340
843 156044485
273 467898515
578 28510256
615 29281872
577 450778343
574 978749078
57 862476685
879 599133052
819 585376868
985 549620378
146 247465232
69 557520005
516 651260889
296 810784208
328 409678837
634 736047370
456 39502309
645 756790179
278 502792189
829 937850777
309 750048520
730 278954111
719 62464523
416 414116312
273 534345566
469 280144149
678 547712073
228 925073991
532 974858829
113 844393056
114 953541625
127 137402905
476 36911679
712 904849323
489 771599773
18 603940920
369 130251202
685 30212413
460 105581604
291 447053985
959 789174941
551 423384387
79 718696247
970 44143956
4 893086963
163 15508652
81 677532816
373 613653901
322 767304976
460 393693883
741 825400845
880 626728370
673 784721981
1000 67528009
671 54371271
438 1238473
42 145540240
148 728367058
447 86692431
974 336795808
751 964763979
327 327628944
804 343124913
500 832236626
94 138402964
837 658045522
742 990838734
345 24210220
219 137360520
529 102376072
948 329450419
554 487783930
758 113867689
408 486916086
983 69675404
67 170831419
377 1328142
220 849026457
47 81286091
229 914799847
638 595131359
479 915986289
21 501587303
15 443152311
548 159292927
2 610810590
148 111024477
966 468320240
839 690028396
402 516514594
998 512014917
696 457039409
174 491395663
427 318908680
804 420691058
543 150262017
986 358959594
196 649040422
726 128260450
139 373557351
61 492845569
343 681019142
48 335384460
728 688685643
400 442755765
173 33791727
758 58234840
43 99796106
750 104240921
710 391586189
801 361790554
148 524524483
725 688822137
129 697994533
295 14693638
93 379320965
866 15323171
974 44408907
321 860358340
392 116235109
186 305887218
882 165327266
58 909965279
712 776193344
260 376983170
975 339392538
184 76277607
825 523926753
87 102421507
210 640191849
995 170613074
844 820910724
145 928365615
515 846780674
553 375903160
356 477657750
398 985222928
798 111149370
447 608395856
76 458935029
992 323021414
86 278057764
668 132365007
13 123217155
778 654333344
196 670917335
813 175772473
340 266110055
420 670144492
126 459573880
265 425011962
669 482990899
3 766183825
79 989159962
794 709316239
653 959481741
137 93569572
503 188529309
831 657171925
683 954098498
76 209674120
637 95224235
939 715695845
49 523120761
357 232817146
800 916212310
51 561093809
719 828342267
953 935698972
744 900694310
866 709819151
245 223768072
955 532448749
465 595700390
652 85905704
279 809146759
195 508471779
49 306834280
878 111754325
561 1367039
495 614965112
379 326488837
193 604425332
674 167550243
599 378199283
35 940287321
698 909251771
331 766512976
673 547863049
293 30521241
831 175948876
879 94475647
712 406266583
889 555426837
509 909196626
740 957720976
905 806794817
668 122260609
531 362158636
202 453312515
342 204128159
66 733664801
571 937892547
150 318558986
223 883839546
735 49344146
203 798996040
302 796904322
839 327090887
31 713190145
19 16850779
369 15444825
52 844953872
574 871629267
906 851193787
370 639712620
675 176243579
671 194205740
485 629963401
275 403145437
358 768142453
109 529324724
251 868553935
865 58587853
895 869128957
461 910532605
266 362150143
292 687817690
896 853377223
200 374135195
487 626026316
370 988687631
105 903985284
644 656422787
807 639510928
455 509399594
188 880738040
104 125689920
65 327358727
337 329953615
112 518146038
963 103871627
356 142618655
919 916231021
618 998222581
333 404468551
390 818307605
476 411188373
990 793089867
170 941191840
212 272088002
509 68828605
838 25958210
926 132917494
844 947032988
306 159928283
903 894205915
955 27227651
37 566029657
68 225947610
520 837461633
23 288381433
543 800400231
392 622176160
540 979569114
742 854620760
84 602743824
967 504565505
48 665896947
785 748848898
70 85360244
737 516532176
469 9650969
234 428304957
115 81422662
566 888235085
952 927835899
82 963414643
986 30066662
768 54483656
598 878827383
552 846476310
905 144585402
923 540252243
634 179539012
599 125043879
325 157935518
106 108118657
669 177245635
209 130212675
225 553417186
448 217312329
260 789423733
767 603185519
710 609781861
931 527773410
183 130682626
282 262398212
960 900228628
62 181711317
620 133451456
234 924431246
290 425875939
543 674649211
867 120580529
245 346903834
240 638765018
534 312004642
954 661689470
244 280175099
919 193180453
976 73988533
69 544347794
151 725228017
414 138893462
480 115386318
620 111033515
618 89203239
165 649988078
74 213777304
121 553423624
400 464238795
182 158036599
761 46192314
639 777781367
796 447722302
918 250159163
614 557207199
322 60661656
448 708767657
679 952479929
191 829195093
474 14443420
997 706662807
43 869438641
957 81699730
876 666648922
24 24239961
457 867636378
511 160348532
307 496677991
307 763497931
325 205350456
477 667371975
629 578272636
829 627496935
149 367692555
287 862020340
943 842584203
17 420982645
20 525411496
205 104866002
928 49766369
448 399267480
402 12323565
710 625307039
417 204261389
659 670252984
140 25162051
137 146080978
699 22794592
56 458070958
399 348493461
470 680754029
203 524434508
457 447255607
406 600026732
558 330824985
515 695215322
122 29684949
172 143755576
177 664280206
396 599643704
807 69737813
913 32949269
817 105099928
354 725484521
66 481990766
678 569234381
760 884300212
520 20810015
795 919279519
345 909709525
35 98729325
670 75951786
284 9965449
789 436068675
867 564198165
249 500088518
308 735634955
169 292490843
154 160393000
998 564121632
714 129653562
85 686702843
726 171463576
972 147094890
318 615909230
212 184392997
432 92657289
276 858585842
236 262114803
609 505183712
301 766948745
542 152076077
908 156280689
21 344778609
844 346338135
328 78537883
891 481701026
698 677265997
85 83749728
757 544206347
23 381935150
969 814899461
541 5110616
354 447612576
306 2464540
617 891408413
153 100733005
573 472709612
361 710458515
313 944079420
962 27890000
347 957029563
979 385140456
408 517606162
374 47534206
435 863564151
36 324944265
345 349204248
878 842066314
667 887831806
945 9433190
198 35243768
712 799503168
483 303261178
348 843647046
878 458270364
706 701857159
208 616986105
76 217123555
302 973207664
518 130731134
154 36186430
989 510460182
327 591498777
839 752277792
349 222498442
317 988528113
936 666580302
233 760051404
15 786646448
559 204660067
253 147641478
413 565541283
946 598098176
558 941040620
959 519717932
326 91618571
709 981145904
372 124312082
310 656597226
357 737268411
493 698943320
387 752137354
285 986451644
789 367204219
471 83328487
53 866800194
67 192994658
84 527872024
639 576941042
52 778970314
312 874995895
691 423030326
926 447890555
468 450153757
974 116941329
539 72770346
225 762899804
454 702986851
762 608408566
51 716614448
948 947804839
866 243631567
917 955702404
686 741454536
854 447742480
36 614134347
236 936668984
497 400955626
651 992787335
68 305906065
210 364384256
42 146959291
737 183025559
513 439217472
951 676568509
255 21952878
865 623201484
636 659787547
689 828559497
922 836309864
803 120803744
519 792249802
745 904056568
995 257836997
362 205941389
933 152246749
114 321664100
559 103304664
25 605884600
161 330727560
759 547017802
639 53086847
975 931738781
566 815936343
499 769191139
271 768985477
402 629505516
544 16332235
589 734521946
187 256525930
42 931081679
965 366412742
544 943164883
836 801378445
148 849574662
91 936940200
139 728981685
411 538634191
666 809875722
705 306509911
809 582477993
864 249096721
931 533422271
14 36563195
306 745510407
42 92704858
471 118526243
88 248771960
923 795514329
680 585951756
121 24742583
314 408401498
963 548927838
596 8829882
164 497339882
654 662213795
375 873018315
832 941194842
157 564306168
587 964155750
14 676144391
583 1996331
903 102839573
819 516924460
533 226560840
602 660987942
166 332188847
720 386995161
649 73845999
444 388104430
530 214333976
829 862589438
313 610992479
253 147774130
11 30115128
933 291652065
990 744166848
106 9523097
620 838284957
93 166363890
83 252314324
931 205725080
812 123380131
903 176012395
345 266462548
816 401391034
120 702650529
527 496774021
3 438152910
656 395631981
842 91956595
267 419239731
867 412703483
447 671734626
754 982593431
411 787670329
877 294987123
763 482056035
729 889074279
175 922009876
429 578819190
914 562905111
361 505568068
196 903089597
317 181426677
74 723881011
863 731181723
190 232933204
40 533228062
573 270692771
55 781006763
855 278902393
305 896348515
116 737050101
900 77818969
918 124213936
297 854691642
909 285896402
128 767015638
589 60297481
248 194105322
25 141902541
895 985226272
665 963060992
708 20073710
528 887398993
126 588478756
212 447076139
952 978493929
792 283846552
347 336044538
309 118444289
430 145930074
495 338290033
647 485411682
385 566587818
995 791525606
335 13438924
504 315737766
315 390728937
37 883076586
792 897212733
531 433250363
465 580436081
597 133724715
54 86367556
944 198886597
907 720277425
539 717163572
261 142613903
457 950971973
196 406447440
634 545573101
726 95832881
613 605319879
842 595825898
678 592006461
67 548566861
984 759398464
888 178070630
782 167856284
731 694262448
887 719661889
893 783180523
366 529498275
313 416238184
493 137628466
267 6822466
175 187522470
119 999185399
497 297318624
681 965151591
312 80179623
53 155940989
83 104414623
995 200921330
943 317883273
331 917347075
144 30378252
193 752563625
649 437747186
574 904902214
355 126262452
445 453163626
317 66522647
678 820655175
245 766191585
951 416288615
646 977802646
963 224236207
774 72530456
756 654259458
429 98234913
475 554487021
940 226508229
581 532422456
839 62352172
160 140673692
548 634824126
506 846019807
699 296542565
576 194134894
968 198656727
805 597824133
966 919402322
927 824440068
141 592760464
845 715706736
140 27069057
907 900311051
986 211381283
438 493335857
157 538022176
250 596393428
292 820855588
794 924444796
928 559718522
607 377280398
642 724555552
234 496647649
19 96650362
81 247863326
549 425603902
542 362677599
989 389841728
913 346536325
411 96943549
849 201767746
647 648918466
748 509458580
154 82597248
625 662783379
842 485444197
17 461750834
69 810937765
788 996865011
627 930495705
919 401837449
591 503697378
131 138104134
125 866583127
661 91209120
168 939788964
624 977020081
235 505173761
430 911839869
516 93100227
857 450779830
706 670210762
824 69296623
202 696329311
277 423564652
294 577141981
826 932755268
705 228299590
632 220314029
611 153694081
613 999517556
612 130657227
87 973974721
561 680194381
143 414878473
155 64458376
602 622957785
329 902308495
562 406793293
908 574234940
466 894346388
679 117534808
451 480090975
796 59428485
776 40818067
629 535710337
356 748932568
409 584425193
410 67443410
106 538882524
573 592633971
179 554437411
41 107685660
266 172969268
550 996005613
43 260363424
508 388792026
920 317270053
313 33683550
249 425520576
878 398334191
931 504616265
345 361225168
986 922143171
639 728790561
293 888107483
665 34127894
649 515723556
730 824434098
912 137670474
526 412293962
132 774385492
810 134307036
391 961008814
891 674280154
933 688692719
777 77825977
624 910681220
389 821026309
541 488652292
100 8912192
822 229639003
63 719545877
724 865046755
994 703219602
21 645752014
161 311156708
686 882472050
35 192209062
65 324821366
327 54292386
202 789103614
949 2875118
540 422430039
596 536861213
900 69183244
161 358700652
993 793691918
6 774870669
886 926884449
41 203581703
715 416059971
658 687731403
716 261037797
650 532978767
973 887245740
214 384499986
365 502204294
498 651684845
508 166907004
214 282958030
717 866612039
881 692859900
688 29633940
23 979050705
179 53150849
242 837723599
120 618030228
236 422488909
930 298968708
548 823308450
795 604777178
950 263343090
899 838440973
404 755330553
688 555284727
292 673452194
442 630558155
494 9311020
921 96280728
520 183997659
584 779718189
698 53113024
280 532496412
380 491026788
255 315469892
892 202180357
404 73987559
838 881284497
104 988363942
62 741911275
377 830389792
450 151789715
631 393041746
146 411183393
174 78216219
92 953872495
980 349832389
278 438598694
189 785861825
946 529681103
920 524396886
731 649929144
295 700606695
696 39930070
507 189411919
15 875209702
605 368427454
84 428253054
187 639431885
229 205770746
551 703833437
796 715595854
361 245423347
45 479045135
131 27881175
276 783910072
531 91713914
438 16316695
541 115649366
443 168585033
837 762061823
424 343828804
993 401822048
774 494178763
519 518378292
781 484937023
939 846434406
392 231613570
914 96902749
837 756341995
636 809158377
486 360979632
966 768829454
218 800618170
172 81759421
638 445063150
36 309394328
979 812186969
176 579831474
348 847814835
780 913899192
380 647480942
313 94942686
726 1198142
577 479458924
526 791267074
75 598747985
292 882874382
774 484445609
674 339803166
298 846159801
985 962597625
775 587138623
802 166533888
205 597863259
723 505224820
51 315405307
511 559288603
933 100943418
187 18249
311 109911025
205 439793959
449 890409175
219 495905896
907 65233007
393 8838487
819 65524298
230 490815315
40 979746714
293 93365592
480 20970946
958 829891816
972 320961899
154 585598005
180 684512143
640 531198796
208 482092245
390 853229908
873 323456680
571 531141248
75 47670582
952 998978243
835 46611470
323 19935098
289 529881535
17 197151300
647 487983
250 618943956
63 497196664
360 976505933
810 149975106
430 135631534
663 147256007
61 559671492
173 900160271
217 46585602
754 99638649
483 80255791
785 92047528
864 99232868
163 520822361
551 819139702
952 248401669
111 829003712
527 372144129
366 876533828
347 520735898
552 493202746
530 676405448
105 112197779
410 59307573
870 120916513
134 28745918
373 45683183
445 819261158
912 953422154
351 242442231
283 199584127
883 318694084
68 383060524
639 111502178
242 862438718
760 394687387
763 362258794
294 69813865
363 414181630
971 663087137
533 335452820
325 523753459
467 136432253
196 141117351
281 470648591
644 401958280
661 755346292
851 142079447
818 17237763
167 57120600
2 408995313
680 231168017
685 386462369
202 59852258
55 948622703
926 879857856
343 555400412
71 563976360
460 502807712
47 639533830
494 946885015
903 71613214
13 98971631
565 924838796
674 320335100
500 703650322
577 551496862
991 849065619
461 98799319
289 356514776
34 161912469
223 96763405
143 573166377
332 6336933
817 912971468
209 156504722
357 516566796
250 662242912
547 284914205
82 722131397
917 524959650
1000 73988205
854 234262943
730 786255244
51 528418830
328 829151615
262 14544591
797 297705110
215 68074064
668 768550898
989 425983807
597 626902293
304 596577743
819 652837154
766 137186273
154 405291577
960 270528093
849 555152021
208 987600432
190 437137908
244 732063513
12 191939444
893 420677339
330 490381408
131 63470163
364 834179158
204 359685347
126 529550711
165 503758976
31 988500397
661 718033567
81 53194686
207 314505409
62 286959392
372 525975666
944 142056520
184 107805704
93 864974094
412 270366393
923 694637998
84 754745686
615 905681261
977 792405065
543 800119374
265 107022533
846 764602513
943 381756568
318 800772986
1000 412921097
378 111097550
896 137014273
910 69899363
546 324365237
511 772777617
443 592210719
113 787349508
281 670592327
321 533438378
344 347550846
738 771309423
611 610839994
757 136421890
84 460245238
298 309847181
948 270237871
718 769222201
886 396988273
527 749891504
595 682579852
658 510830093
261 181519536
144 170202210
308 106346468
900 971225332
394 61353009
293 394137433
677 936194228
141 50506826
815 382620942
356 876033094
695 127374020
948 284342834
161 985092597
402 699193706
778 225919522
131 67182152
102 43292082
869 557917629
799 899963870
848 307665764
525 180254158
510 530275591
896 743996293
220 649127934
91 7912733
929 32368860
177 714816949
547 446138033
736 734583160
458 158092572
478 521289319
835 8412563
602 996376043
261 278666773
496 38850605
114 427632490
287 874226352
690 47095459
45 124243166
667 531597197
602 23248059
27 147155397
146 523454000
743 351619705
749 155253091
723 3376815
534 109033535
651 58691805
575 454901515
754 227795102
520 861711436
204 253734424
954 393943734
213 908857677
146 223026756
30 978586095
339 953393305
963 224501782
226 243059335
684 673126326
287 135239618
698 474694242
352 367897447
811 538890563
467 110868214
65 417366192
834 592178832
123 45500163
489 720507056
641 637431468
251 435110669
943 585097729
14 258234254
128 275520631
664 426473553
792 296098074
142 562104430
134 508347951
47 765265857
958 367787827
350 578878864
603 801846221
146 732928563
674 94423293
452 237112500
508 698866808
433 871231687
871 146499880
132 383195430
855 620127757
832 120906741
727 197099086
684 197963061
736 382232108
484 93672890
984 631181581
178 764827919
322 665160346
734 36001725
65 772203561
835 470855745
658 87714936
885 25642759
786 751954993
229 207809344
840 589022761
370 907580005
316 903368543
836 52258507
711 907191947
731 278469569
423 368166344
831 199404113
796 526936678
109 248308827
765 889794451
344 561152394
264 541898737
148 153755758
489 280544430
755 156313965
582 455241414
88 436081229
152 262972913
109 271931624
42 335398040
256 296773520
141 449477888
566 33982955
554 21416387
26 377952955
826 552359329
66 442266105
894 67508422
540 687105014
111 82341621
573 499937630
459 718205853
937 719613174
422 486713051
194 405771473
597 107405323
459 336212300
361 209528678
227 282148702
711 404898046
588 846817183
363 458373594
585 498930049
469 769498329
976 379079045
74 237777512
835 144617117
390 530921407
102 191075473
962 776386875
148 603195711
229 379510275
674 914417414
888 165686818
720 211608862
879 5055082
122 835175945
839 697333905
785 579776684
321 943566054
942 114926480
310 133201120
140 99587231
178 379652196
295 859508547
635 349023312
52 11211849
826 200057860
574 869849444
241 892626618
825 524284538
878 44067445
525 114811719
850 814363330
452 961659086
56 258168091
752 415800885
174 137981160
494 303302827
612 2468322
145 323505158
796 452967764
815 667984316
332 536889283
529 82236717
439 843261487
30 216898779
864 375706875
551 293612090
796 355185828
94 418585546
906 867322001
983 920170462
452 204436461
757 366061562
41 407404522
625 510548394
368 635329836
505 381915569
849 27362230
143 47045633
305 677870163
28 352126326
184 148218228
228 876083612
801 773091100
646 292508941
891 828808309
441 633242623
195 562857442
503 62873822
910 58830756
439 114609094
828 1194550
228 998207134
552 106145539
84 494709220
232 820067660
792 856515511
719 776513953
925 246167294
625 785868459
194 864742784
178 847886238
99 737768502
78 964468905
896 656280175
924 925034613
997 482311521
728 435176798
309 578077243
981 418380626
489 313518160
883 663820045
748 954335465
855 456726913
191 978855327
408 933679627
709 525318545
237 30548071
850 74650515
384 378507553
470 680971935
796 252269141
100 769347280
666 717697499
816 823313036
851 103629950
714 56849036
843 6269131
740 342863949
700 632507158
288 766829730
604 806732540
392 449731215
929 601378632
183 192936663
527 938626819
409 13953277
812 596303997
78 216924343
97 585467451
964 147524127
144 370170976
121 487220699
763 770369813
296 546072010
725 778018202
551 915264227
650 117729864
670 984328840
871 900071774
280 691609576
618 901968352
390 583945527
79 37957982
634 136012040
730 970336005
586 832611647
661 510374097
907 256946006
817 647381971
925 179190554
612 867610496
303 317771948
424 963295172
37 545183576
592 544087496
192 117892215
943 430352728
991 66947955
768 11070278
544 337056115
405 819409729
961 310728012
549 475981075
406 167955882
656 480853003
935 937632767
757 562075403
825 601937062
999 582428994
601 923959531
356 679122961
889 359011485
64 406373092
435 55750520
434 370179205
367 251255020
302 268447716
199 149097404
680 589241121
260 30158864
518 565798726
888 44965708
197 691531688
628 439737755
535 998116650
132 556004030
732 244661502
559 196642660
19 183239159
895 41780171
931 784540267
958 514261818
399 732093381
807 109505101
835 666305622
865 42822195
537 747483362
64 828932275
305 91612174
882 610647591
968 977304408
856 366975972
541 414265098
618 84210255
924 496240664
27 707072183
729 20143550
384 26524164
194 857372772
966 682382695
411 789141885
231 180450599
725 420709566
874 79490065
971 707502476
233 715524953
428 47769565
226 9466069
595 114621132
845 381706398
183 672194797
746 715248100
891 692147322
183 728930208
432 172015255
49 954098526
143 676530150
197 756359249
892 996709579
603 540756052
544 600898176
205 83709870
961 492415338
636 466717646
86 251103738
866 624920152
636 202958589
958 335913646
747 4180168
19 113358882
27 298502145
954 395125654
544 215007607
414 716055181
591 497213910
200 494177557
813 713205458
233 528273658
456 680026898
937 677493617
129 849613515
292 748792193
420 259405027
295 41096461
572 836433362
118 377259232
867 447908466
802 950427497
297 44087409
170 568703321
282 48727455
586 433692327
922 919644360
38 131887990
339 78718351
275 668202659
217 152356204
470 180493890
882 137344361
640 987577358
105 626188715
255 140982768
54 597137677
841 125780642
835 534616441
187 920874414
25 235220484
750 789774
131 858557544
669 711652736
327 759804041
43 537050501
304 48789304
198 286054557
704 537712691
974 655742386
481 99132873
286 818268830
707 600008099
529 451929165
738 635283070
560 316333533
68 528996706
768 379244561
711 134534570
109 678604896
721 92263115
836 159554993
655 860619286
537 263783447
646 948896039
900 317551869
487 7145090
845 308650519
87 832242361
897 373724908
123 101001149
360 587802951
634 672742112
481 865956065
274 900353770
742 971008409
619 833814035
844 904020423
883 327219731
507 401322945
953 698886313
836 107925230
111 83843108
971 98883098
319 170533219
567 518052329
537 661679654
589 904519193
197 105095964
610 422499985
603 111152953
102 842337698
885 16981874
447 490126025
92 105108466
162 875024902
349 384981118
248 586138473
647 199878563
888 749382752
698 440357844
225 141642610
38 344808204
85 637416932
148 363624269
221 717559590
483 707632863
869 323786619
513 79447317
499 935950130
128 402036713
461 105326242
552 978221577
567 186484678
761 733182281
47 177897743
913 942582494
25 455850666
892 296936810
53 31633185
373 991123005
7 837190075
633 138067976
303 558754917
813 367225004
475 668649287
882 138572619
214 161425752
284 789044106
841 967746342
397 666407347
170 916407447
999 323506726
552 992526914
604 18897866
99 93789212
539 69813012
641 980962698
185 172252840
671 824679793
746 369986138
559 507133136
856 7618227
363 565843174
384 757871665
861 686166983
787 106799290
331 409961748
895 782261397
606 399146968
132 675965909
246 138262520
830 727147231
532 902303833
895 914658067
3 86938630
16 202716265
61 255000682
765 471625242
937 944612644
582 812107076
419 690409440
686 987423262
603 256182267
116 637847226
755 193997275
612 576265003
419 329937432
171 66392288
109 531765893
999 395648846
631 770818289
668 708022356
815 16181037
529 786517593
846 114344408
756 695575334
743 420924252
581 180166833
95 523809754
803 554091086
96 337131175
341 158069192
477 909665870
286 640318950
547 425625676
482 585584317
959 781352077
89 524743958
179 238691168
347 208459768
226 159475606
753 22268897
286 568676718
990 994881575
282 246087854
341 8715402
744 507229709
888 594994476
389 709619245
480 956622989
473 718695090
912 47872795
105 806538960
137 267133356
27 691145533
954 84248290
783 581650438
128 186882298
575 262061854
68 356903353
357 952500090
303 686058338
554 682248550
844 495816095
810 992313511
409 819306811
767 566742103
548 42107764
9 480953047
460 596571616
531 798806013
986 816441778
772 343882306
216 402686461
941 848555347
352 990928232
649 816552738
877 716122148
601 833767271
547 403388884
236 798741521
221 526460771
705 776285184
959 153911924
306 111280678
825 530840564
992 385622764
282 522390293
98 68852607
258 391011129
794 103126988
409 931418546
359 398157821
404 818076889
525 95436832
678 136096731
845 81460303
838 347546396
722 34384868
218 625685421
682 345333669
269 571935725
418 486530005
99 552595484
620 100166938
494 40805902
812 198141452
212 720599612
305 213253275
947 231469467
816 528702575
378 236522138
523 330963222
169 383574288
541 927948801
159 704335644
766 140733223
392 904277514
839 127047378
154 196513565
762 460779211
30 99505885
511 633147530
422 427022194
198 346831634
266 135544009
763 480315193
540 802046564
921 35189579
455 831826098
188 108835847
128 256424080
759 255312300
431 79000007
811 985219714
135 31359352
610 717306114
370 1098024
158 424549298
990 324254276
370 150423706
956 817290759
758 111864556
99 755064117
99 281657338
463 547204961
228 495870179
498 185015668
409 32758601
189 971829177
64 439410265
32 331883459
545 843675952
436 365069651
264 471974773
62 92716389
983 607929964
268 740567021
709 405483086
77 562437258
35 904017697
140 246320229
735 799469988
115 950696100
287 998662399
864 142180930
757 103805815
862 647463546
74 598095419
276 693342987
147 449382635
981 799264455
587 775662441
16 235306688
485 590158825
542 60148082
73 23010814
678 271317088
871 376461408
131 438701058
916 772504839
988 271993358
807 505283753
460 136023080
851 760907108
220 80338951
868 62248
561 513120529
959 935253588
741 683930776
57 112566796
565 372042427
835 467505950
126 303027943
359 379752844
235 892367266
136 818200882
632 590703520
858 7561881
360 806693351
666 215476026
131 842367840
303 613276878
527 700445687
31 821198891
144 605804663
330 487218864
47 119330470
662 355690353
581 228760175
581 523527258
429 770988455
87 707211656
629 103043110
63 691921455
128 631016695
723 323741087
167 695971733
842 382314375
892 154360598
689 958677917
631 39904415
307 44207448
52 438254315
511 513889494
964 839174117
322 466378904
23 6727592
887 816585816
322 731060473
831 325677957
612 827788880
786 697306974
212 36001127
350 323367946
562 391446678
770 19655824
101 906526087
975 401798983
558 667945576
677 22408134
657 1849338
848 814878062
641 893801158
337 369718085
846 885044925
150 807825727
644 308739412
977 378267347
779 914543666
14 117381482
120 130255497
9 80629958
807 895808125
81 369839044
472 196381299
161 509985483
277 489598465
716 942945945
882 26940422
678 152324356
329 865244667
229 92839751
258 102457233
965 735357957
178 927630433
856 796947432
710 12874373
62 767065787
424 551862737
692 682797971
726 276350647
763 843212958
963 511142505
43 735942719
643 572026224
544 158677780
543 38033404
968 241418999
452 309661264
481 589518156
452 256668898
100 864937642
386 666677210
178 307510774
245 680445450
32 955805067
631 878773535
393 156017446
726 629050770
77 408579434
599 62592221
790 655644455
870 899863708
113 676385884
709 831772488
273 665415601
430 754831137
11 392068867
316 213279345
928 229707746
903 220968064
824 835022386
383 512836054
132 69303818
614 438732158
837 397148862
185 313016350
971 712206884
530 476089770
482 651522365
893 756436814
507 413747923
653 964846797
488 823433854
318 240661863
459 320906424
527 459331889
874 508998860
986 44744704
223 438781215
57 663387377
557 132541609
667 772021244
853 793783753
760 876829237
584 889573847
899 481868231
706 606020512
424 541612228
768 668844506
665 441635838
152 634095415
705 774861659
234 593012654
589 263652528
561 797734782
716 608789321
250 9071095
551 658580077
939 972335183
740 246195086
231 727697648
768 117906219
772 548861950
598 930469907
912 664861664
228 101203243
999 615347336
775 110742394
657 793456095
854 146878093
239 62952043
885 63677622
644 775540879
344 242603280
831 819943513
816 809733418
560 695064407
30 122842356
168 747202906
396 179797794
989 881509131
384 686646252
992 482915685
24 138602898
601 359685455
99 972106545
695 650975336
666 231710245
908 252138514
745 939018912
948 522742997
215 862756986
960 971838111
106 779999606
341 430538626
912 233166467
96 316494648
57 497730883
578 945676774
705 322820269
429 326507573
182 71061974
663 924395607
139 103891551
116 214763357
112 48658979
706 43750332
947 936620480
27 167145990
188 206810865
121 602183763
494 106926159
755 555225993
997 673272917
165 684784323
448 434941722
486 178369794
758 374332610
213 179523588
115 61045478
489 506825658
170 649031533
756 614155433
211 500210208
255 788025824
113 908374244
818 293528436
744 490835157
352 921318702
397 96756282
220 284067401
628 902288002
834 699866615
842 143201952
657 641169665
695 199573351
532 939661073
78 314937644
537 203538309
810 79323173
994 589110138
450 127934493
837 97667829
393 18141363
412 80801875
499 965636021
340 349504619
278 726113135
747 135252221
418 162215488
108 650960422
158 758762073
49 738052228
929 889699405
465 259190734
177 841604140
730 735374964
775 473349424
328 540740184
933 639579566
75 563175339
239 510844637
848 955246694
946 147907279
49 298450671
447 875932465
408 19094092
124 349225589
277 749680506
870 821052601
411 771886441
211 315337764
85 135826577
453 126799283
143 480949108
244 880656184
461 788135026
216 757848801
779 65477964
177 195456613
660 775279339
302 545887560
875 56506078
539 699667286
318 97957137
375 877292471
668 408006462
736 201729288
31 335562596
129 10308648
461 657290059
7 136773130
229 584806538
771 74133735
655 725279038
729 545817674
124 808421335
303 220521589
98 707768540
534 577497184
785 520264622
277 346516198
309 106820536
292 662308638
18 667079251
291 413906036
455 19079215
271 32882162
404 844356175
841 16977265
443 936793467
384 280218502
345 482272077
821 626615879
14 587088968
830 221226996
788 13102047
872 606723845
224 256314940
907 181872772
815 917083767
127 543705993
598 544907955
900 895543619
403 780234708
409 142229194
858 295393574
939 763784127
847 469821944
8 309077135
390 100734692
364 267085041
978 158066783
60 621545895
619 553545371
25 585333327
872 933650039
236 64082844
167 197616350
969 835303563
308 815678599
412 606697124
2 82644383
561 735033594
877 355799535
140 838819513
833 430335588
825 459242847
128 266273479
724 596761155
888 402661633
218 824586689
733 26628050
849 159492898
315 58977681
474 521606497
961 367625811
989 92938097
687 532476615
314 965861536
235 210455834
292 946018247
631 60472160
515 366445862
695 347239372
703 38181220
205 668198974
426 760632434
76 57961235
354 428110170
330 811176721
48 36394963
57 35045101
491 741951077
39 243436031
157 744737193
609 247326356
991 756103276
797 734191792
191 432911912
309 374417575
298 1738413
471 181776113
828 249078634
430 267189821
133 737472816
747 69475863
929 748092340
353 568619742
85 927545170
166 138893050
890 257261901
977 515587094
538 460907477
162 135779523
179 280362941
180 293030622
832 881402324
687 940405425
587 207603521
230 510623066
766 452819917
389 254251035
283 111056635
145 271705947
339 630768250
200 936164830
648 162399673
644 678459205
459 957294577
92 558405756
330 65825918
131 409207616
669 93113987
847 954727413
834 398717233
42 982950862
743 107248296
330 959938775
687 54553106
882 374271442
557 386916518
846 533605874
85 872224234
494 84967703
776 128004897
224 228965971
668 417546172
260 402073541
245 545526701
301 336976923
323 819080487
225 226658617
518 898664115
343 84639650
634 931918811
463 864691619
338 124276695
724 273698827
876 689254437
47 238034225
560 985421760
882 500116133
