51
807 50907264
513 390163986
171 571015884
624 397322126
915 952243955
748 907190446
346 74805337
875 257037076
173 961700988
921 753673071
347 36746709
882 768239280
392 998453867
689 79916084
906 431918034
3 828592791
33 588876211
375 612179861
136 850553140
510 18315560
596 539025804
770 22015682
123 246409400
755 974280491
437 754876358
42 562493952
796 212667590
986 445346194
865 270110827
19 25352029
978 760080617
100 956440065
710 377838714
543 124124201
814 867552994
66 992309858
155 319295187
744 423220408
726 374545032
131 738724606
369 546557493
240 141037107
710 396506745
304 64830777
683 611789927
58 730547851
910 563341055
467 330670615
286 236401940
827 234926636
608 751745467
