85
424 553249104
53 928461435
140 151330653
540 392825756
998 740046800
483 417531207
842 965350786
338 370885485
82 754422733
906 339476757
522 35431672
875 643027186
998 79603749
279 153252554
992 105502797
487 235590844
407 130739749
396 461484514
762 92184554
867 307448814
401 505740460
272 37035832
631 498999263
611 320260326
178 401049842
862 326087435
329 21165420
61 174653115
181 943634487
504 505928592
615 40252037
100 997817431
777 813413359
672 780969486
175 708850307
612 679522008
648 432990571
293 139294390
851 96847963
931 244588151
364 834440751
15 552764968
297 134842237
778 885406122
177 367224930
512 92833685
874 267185925
515 873013622
627 282261484
929 608527519
911 875845369
822 864873279
787 898703738
714 916662614
267 134162813
676 477800703
205 386995037
389 996575889
702 334727325
767 64974646
7 652774892
847 554301965
679 533764559
462 620870380
844 682577380
166 164199840
901 647252658
969 596590854
973 776535719
101 914316900
235 67211877
439 401447605
657 36660735
733 133745676
119 27569478
596 515671931
999 43590016
262 212188498
424 85302578
113 109769482
989 896164599
120 353620828
173 195021024
186 887081191
108 648291599
