85
102 367424028
82 490650217
654 635965565
625 622035243
213 614225340
982 385307885
301 476151869
118 435581319
505 143421102
368 728379592
255 578413140
92 737118578
884 750236213
241 92181473
492 142161268
733 615654765
443 692788596
580 221165690
445 41099906
819 596012843
143 157067390
365 150366951
941 310036207
616 960817570
982 518823097
722 324927378
432 898338018
600 359359683
31 824608147
65 34185612
764 693936134
375 974278651
601 691460772
792 742361300
572 459836851
373 206805777
679 624599107
851 613494961
44 444353099
613 711590369
81 24228412
222 146206702
739 593851841
870 985544642
895 287916056
898 970336230
946 965033263
167 931881506
715 827783503
86 98831530
304 836109209
714 585610922
512 842587223
790 355304353
426 117338952
892 628920491
413 242873601
45 178130829
153 119853888
585 294036719
442 986073910
362 733983296
605 622492971
429 159658622
588 581044417
991 912928674
772 96147979
118 646689659
382 362841334
397 709353716
818 190008804
696 730632156
98 45562771
451 255579757
145 997047927
905 569111323
928 362902758
951 801180533
913 459954512
134 332751335
334 304780436
919 493475808
844 205137352
60 765940549
75 17188237
