7259
570 634315883
110 92217603
141 720539506
724 351572476
480 857694468
954 69562193
534 601965591
589 812680525
72 558057618
966 6159040
432 70918497
998 92042251
546 830994914
968 31048480
759 5353288
768 455742018
468 24960323
85 457623851
296 938024949
791 31280932
626 302098339
399 263769314
544 898301695
953 97833209
922 973125379
349 460301064
87 800677934
179 563591590
608 943591946
495 44849494
441 105533677
992 550267083
730 559454075
255 273846577
740 652537155
110 107233377
528 484691946
229 90163571
129 94082938
523 248976474
868 481000367
803 387135367
306 347628086
716 135766250
739 82753038
752 836853177
875 381963534
385 888429180
477 556298997
839 313490919
273 779391650
931 585385758
779 198716999
141 105756032
778 732551022
419 881756664
686 564910649
860 575483842
165 479211120
422 114060256
236 694972992
455 991326551
490 817058251
689 849046267
103 131145932
681 791695932
391 669072710
996 406726634
916 193228745
796 552587497
739 828182527
722 675892063
326 569610591
960 521971060
631 518579993
590 136497014
850 255012693
607 847601134
86 436029812
882 664999742
719 383231793
561 853323543
443 894877930
347 224785408
521 395613579
836 892850239
678 248025895
378 943973548
367 813079640
850 513000813
241 143256025
283 21611376
397 316063139
609 467391449
754 855749662
749 597174038
619 794025931
32 486183960
718 8138192
796 664652894
808 791899781
667 929517866
817 875958619
696 533010758
747 351827510
5 16442025
926 880763328
960 681693065
189 67244324
770 415646512
125 799380853
752 207576326
621 145231830
135 473569638
481 123826879
708 699520339
265 329032785
382 643868596
640 531265820
176 887349269
484 922171274
386 441231482
61 22449819
579 739844990
52 778346191
317 392648379
880 216256730
178 450924179
291 270439428
616 399051984
50 707600511
801 227448957
583 544577888
683 287550088
408 193770717
295 708966308
719 637911685
441 162307241
960 32423863
784 66829238
981 911643885
788 444836225
201 262971894
458 602539179
927 879605080
187 13044349
234 783048952
322 330507079
819 294889681
3 826746577
985 200819521
370 306336043
663 716814164
361 969149845
416 569719749
641 384997775
855 82129256
787 451879043
215 212976130
854 144936747
290 259943630
157 283694600
949 412661080
845 537534244
365 678630113
261 657282462
417 508469831
240 948346506
818 144405313
421 5326451
634 842319748
248 795152892
4 984330676
306 423508777
244 687487143
244 948733934
220 461117705
716 124619449
794 494969578
900 48565580
491 532133610
290 120341224
577 917837330
597 565710246
237 49617975
322 58034400
424 347084527
983 105171911
558 208602258
428 329271128
637 324762673
915 455741315
214 750761859
711 352518865
217 119278654
339 686881296
279 843427342
156 56156309
171 452008568
715 140708915
988 558705514
445 738720509
337 181586840
608 621711603
537 261053004
365 576873897
401 553946513
694 739472497
111 391750080
725 650284800
166 547868672
760 661025177
72 480743589
530 365308717
969 929088645
453 346333562
981 104379699
121 607560752
467 32249788
213 120924923
318 938754014
400 904351876
920 603884621
192 320097432
500 9943504
801 712095846
954 725461802
506 197868384
848 234422272
370 912851752
596 774584748
915 33695143
732 838442971
404 352678894
465 377692758
793 557736265
96 428787066
873 118284652
946 653708813
255 345223932
594 511980656
842 723769216
585 715310136
626 860134766
365 341489805
219 928107846
832 64856375
925 835774380
274 712805909
195 385640276
85 426628094
176 813538800
676 278503794
687 702106988
729 518360812
447 440050189
267 734621957
525 331199796
80 876926280
813 96331011
679 840179456
299 613254035
26 716769602
230 118836562
258 108140731
582 800942407
776 979008531
233 33789433
906 600075028
953 939324944
15 623857393
869 861194082
774 110908921
461 509881196
442 26491902
989 414003756
239 745612958
718 657567029
930 182261156
966 287117093
826 344367260
753 70231522
203 312576750
34 277073024
638 12460658
735 842089433
650 935342910
53 152753350
140 139936377
287 98111985
566 657727526
77 527466859
726 43724408
487 999862854
490 561939690
783 916535768
790 43378354
518 618173201
239 178798703
264 408431918
684 216447125
660 155579653
544 935661456
276 801128358
186 494107298
775 181067895
475 884847165
31 994692898
954 60167172
44 586515375
479 299487430
75 255295712
667 598964937
64 122338577
147 800089037
28 525222739
252 795761872
940 141484995
500 229329086
615 8671500
511 996909536
383 329236951
810 254654511
583 842508575
974 960249217
468 151155507
479 121201576
90 486417635
296 764651661
237 993516566
257 235305696
426 137508340
886 921650985
208 604676674
467 514808522
883 646677200
187 139489063
372 197325399
990 135863688
205 608161502
228 732816951
504 264275925
460 361481634
227 858521660
749 82553872
617 511303
473 429560461
418 404592051
178 49791177
695 216182098
558 605103410
909 320592382
806 769159353
207 639848870
391 226998295
612 367023563
315 36132449
330 85343671
505 568580959
831 561607783
624 835049064
529 309850320
757 606859504
234 310360730
834 41609307
378 628561456
667 952045755
147 211515937
157 95236626
766 878239182
782 989868885
595 470257903
577 486418711
624 355264124
98 756523210
416 551273606
115 149575090
666 73559337
20 634153021
794 2901000
748 265006623
199 70244032
171 287497599
893 167447257
559 195688032
691 922790577
724 487433428
421 560203980
178 941024196
477 710905877
771 371292430
121 582409188
772 824155860
206 953413353
877 963839008
143 101933007
113 190276981
911 52274070
775 760389137
665 38898990
655 816703434
658 595472205
799 602954932
207 816037855
223 47529236
856 825959346
189 597126911
554 834094061
374 905443299
947 245276041
133 970643859
659 207554441
237 779827178
153 274979248
398 144291938
675 797598788
899 857254352
855 726243021
754 367412428
725 837807139
362 50018450
221 779743423
243 977760665
122 445584260
573 129894689
691 357236566
324 21913471
546 86367775
362 783940366
450 674573826
363 614217084
493 436892783
989 301882609
166 21753462
948 772413769
633 105157986
811 930801237
725 966886867
272 310439776
532 45180256
496 465329740
247 625289991
868 372036657
372 525407293
673 419851246
198 532559566
869 786246505
654 435928223
550 520981529
661 121938940
506 11876273
851 464163810
752 382700696
321 156101163
785 519550539
265 7202361
885 364400734
904 766971676
820 223770311
497 634339041
222 418845183
666 474473037
963 762119161
9 30429059
36 249404254
383 985684544
216 146129559
778 122284343
991 595850056
614 926041638
48 698648065
19 934814811
636 207770554
714 835681046
781 824649962
84 134225279
375 851060984
375 471049115
191 80052620
130 256137791
727 48007652
234 358779220
78 655486018
975 75525020
475 352219887
858 323668701
961 44478294
704 887214534
967 882250627
53 136368611
506 994490764
536 913469831
400 226026672
679 65669271
55 999346361
547 407090232
596 485990811
531 313288419
229 63374287
779 185839531
520 841044978
155 879914123
438 63764447
867 278302917
989 881918296
418 102021795
676 731094293
447 73776047
600 676522430
383 153416262
263 650711592
636 729803359
66 926329610
575 570427147
285 457836528
940 481609284
559 75701821
790 379023704
14 45895174
469 480636502
814 803048284
760 106354551
694 853623825
348 818508941
309 38497535
197 327002034
812 581273238
622 71589050
959 627646195
638 486994331
798 296354840
529 341711740
824 992465378
781 354614221
924 179303451
570 343638898
467 798687514
967 609516316
195 94083768
229 595354441
465 299346139
357 618391161
599 127911253
172 230389948
762 955722817
402 915120178
932 213246374
739 784927594
154 218261472
913 156324683
500 662940339
949 853151275
415 18046629
740 454210789
901 150669806
439 635448976
421 676926879
158 445301075
758 584796141
369 379037745
150 288647962
816 606783192
590 500007628
305 948825013
270 170230315
876 826176655
66 748523591
254 734788932
947 305078864
281 104082628
514 473855245
597 776695114
113 356927019
971 895149813
373 575164027
683 441952948
364 522422141
65 941663064
648 909930776
599 960950829
641 794664971
181 878827807
853 356897654
211 1385230
674 193852400
242 980504594
211 790308283
343 657315138
858 374913761
25 302966333
399 697214830
70 285942557
610 628834708
614 874061382
754 352924184
650 171649513
916 182352290
47 352499224
599 530734480
746 268118086
992 576219807
983 926426276
329 68275375
12 186507364
854 285556034
701 221823843
990 429444507
31 837637195
620 368186200
677 800662294
400 434636697
465 651912149
572 897266460
939 124097624
155 535767820
940 2332222
3 694364853
286 992810644
471 926545717
216 488990755
967 719743981
65 622978712
316 796925360
445 954128100
908 888157246
504 11913032
859 920769736
75 993441206
893 905933767
50 408216368
20 280368566
189 78407467
470 681669314
723 178957321
97 378744379
810 901203911
364 845281509
899 112051121
442 321351596
879 920884751
891 604109478
291 143412093
539 676983046
870 623427622
122 589004660
335 981661363
655 847452479
941 383200742
182 627503605
879 544522553
498 463190773
758 650863893
548 305317311
40 655192777
788 80187508
797 122659827
989 904842654
408 287322611
890 19678245
880 764886500
639 428660646
346 102872035
788 473284808
128 731050299
422 345536730
478 990261544
593 388687445
601 705786162
688 989081900
459 488516197
77 644664486
927 251749233
798 181679990
691 663951675
398 639497176
230 707692769
859 114914853
816 853538494
811 869412863
427 551777985
256 488191479
213 315774014
281 351525793
87 205160394
328 537693950
692 334290732
893 39467906
808 714223920
356 451144281
176 281069295
32 814452704
428 496886667
287 289931752
626 795756541
136 651969124
760 92205203
725 573280163
563 937197411
128 656023273
497 236015439
936 189842721
125 321604851
821 67337735
629 547198982
759 88425363
717 427596814
722 870437166
225 145137120
954 36449941
894 325188340
584 533116988
272 908529249
176 882982231
350 954558668
138 249775953
34 835309825
918 706723942
232 930297083
770 318253326
967 816663900
781 723865052
285 834419218
790 276838968
10 712104549
693 238778034
347 555288780
144 379291307
6 255656509
165 132381475
917 65960697
350 583059750
20 311409833
357 371925896
102 121089592
351 392098754
832 235268618
512 355533570
571 467048289
106 356083521
12 603248342
794 894974626
709 49395286
205 428375351
369 945529550
347 355069294
782 814665855
913 969597739
323 539832350
898 616601759
525 168329133
56 235323156
216 942979955
850 168322235
319 636207029
35 439886178
378 351274950
34 46769485
738 341241706
738 492719981
63 19373756
603 616262150
101 273486630
493 852397448
281 994581873
195 96827735
797 379158458
289 420472200
495 351523799
208 306990
117 687024649
509 8588173
743 602607234
977 459067831
58 799132083
486 357340964
603 627517969
285 422390005
633 571627849
675 929505086
349 762287006
264 502200231
302 858499302
696 250342557
680 75005723
182 378393151
657 281455893
833 342348361
144 977281640
36 684029505
79 241301729
912 519949655
693 802182038
524 518405478
82 13095897
424 878057743
466 397807288
808 97615048
254 81062602
227 380646945
977 38217038
752 981284226
944 938153154
19 196278382
684 490913590
46 713737420
81 753450665
266 480610600
130 605934015
135 201451395
823 968502264
162 917515833
444 146452888
177 492638942
484 683347065
324 586836830
100 919531036
481 887934910
371 754207885
566 132527471
620 46456713
274 764866351
413 666533096
911 369488921
470 884215844
152 775033144
382 72462040
132 590524460
419 261736145
968 857837646
122 751239564
630 908899518
932 109849490
32 468063150
359 992831173
576 65163124
219 18257077
82 720657320
424 336480603
30 583468789
78 52203588
199 103219223
799 616921011
88 528250764
659 175014997
353 282612257
417 993494829
798 726564957
460 829174984
201 813907595
49 716320366
925 761467734
328 605142871
715 78704007
626 144872891
544 415439465
434 716143549
255 920104815
715 483134791
206 681803751
846 350677232
281 555104551
465 217861037
687 996207386
886 775304875
293 846353339
746 428730849
76 258858771
883 973889022
789 827060548
109 900008260
214 784515274
130 389111251
240 640294548
424 297184035
337 954350417
563 516238725
105 86647225
195 698454577
381 380213683
367 897488564
120 861976828
895 418383909
277 556747536
832 944029131
792 791979177
983 15178202
233 845623682
328 571443021
420 659047545
200 752658273
646 983709389
781 439644682
886 84150635
480 856293879
558 812888576
56 221042281
451 7654171
886 553510214
25 157310375
810 116342215
380 350287675
784 554085786
655 571974667
939 816359041
235 843658507
723 501759478
427 967072864
471 671904173
506 75779007
108 79763847
893 197389608
788 532166580
655 282646128
979 83083909
604 921680322
727 441662814
623 414432882
794 947299182
598 826383298
931 380909945
908 389497307
703 127866597
495 334613082
836 71789021
621 255658111
930 538680857
948 545220269
54 94757397
620 473792099
592 36232509
793 199151973
244 70367807
684 480185767
598 69559663
154 641562484
679 806808559
481 656776180
365 47927578
471 291022232
681 88366439
71 34133814
512 436997856
350 452235599
701 474814273
643 125130096
943 714437925
213 902143477
83 186195593
212 588985937
162 449796896
396 189420534
257 153024140
658 950151827
344 144203091
748 392894553
432 20308136
865 214304587
471 369275878
26 33905430
892 165969767
181 696902884
84 958405354
299 469807118
995 924147112
598 67377139
583 794168177
569 483856610
387 143652386
77 838876628
357 369619900
810 214100452
581 925288094
124 191145015
39 637233723
769 564139281
381 78294830
600 77200420
917 53391095
60 755666005
371 316510813
994 569975033
122 295597232
691 168625486
982 972823933
619 858039441
196 448263139
29 739832583
869 801243752
126 378635004
360 18073924
731 149839513
966 840038124
910 689843743
142 844662980
375 248282320
667 446362651
941 765790013
212 646799021
123 868760377
317 485430039
319 939209852
763 737431418
263 944981735
594 143096298
655 728937824
674 724897346
433 124618882
792 802854507
931 110707461
126 183018330
265 272513160
851 247706886
724 358577075
597 696528230
34 618074315
51 241045031
719 63745221
31 395308906
521 865948834
204 578776548
525 46674508
423 202719404
44 34061082
264 833316025
463 616529962
620 718361361
746 692557693
922 801994941
944 376857228
236 55679182
596 547487078
267 184958201
6 3995636
509 441118870
892 594972442
429 647514198
398 850867807
946 719420900
800 997086748
570 489251169
838 914315141
129 261971344
947 904856312
300 863721028
485 869525793
571 759555016
875 112509408
70 446581605
77 764864725
875 923278680
589 873901675
709 824865904
967 131451803
763 479090646
351 364266239
106 801634086
839 229667835
551 640451975
257 436846283
288 770350395
459 704843779
190 451979593
420 480547858
56 726399948
395 3370877
668 103216925
720 208705028
696 69109479
902 15862595
915 418436244
816 621478003
852 920391619
297 136304678
258 841867716
358 173563897
859 832348249
500 370733191
111 451190644
945 735836863
335 844446496
259 620809776
931 702298455
419 421133812
715 896540131
487 746601083
566 768405095
285 276119672
510 413177104
589 797916802
848 552652181
785 76397753
576 553558332
779 877339894
40 818672216
689 88568979
893 869304134
167 611548858
233 263709394
127 857564856
887 746364096
416 724375850
725 200415991
583 353606187
568 528404537
414 679674018
653 117630528
587 44325878
333 39301651
433 701500080
755 386886790
318 328024605
96 586133801
568 588035727
488 329515843
230 314286012
972 852884545
447 858635855
31 991751841
683 185524987
414 524656913
608 310838880
75 597940593
209 684912469
895 523846244
960 564499084
929 971826795
715 745748659
155 248232628
494 786889781
521 245335454
871 530350158
967 556278699
757 2146619
458 138843743
889 829093900
444 93835347
651 134655630
940 602654008
513 489484567
217 587112284
213 491864919
578 96242349
92 121427577
605 961153694
207 92494394
774 185004255
108 663179557
51 739268822
354 479796782
329 583109801
945 595249330
519 152351922
31 244693346
231 87035766
860 909867823
524 18758925
473 111350475
976 408431910
94 104128780
563 865964977
192 468938573
894 23223214
298 616074801
266 994980809
335 290902829
32 484447462
220 927913341
540 585658125
642 385723959
853 450387631
561 136332061
26 625514589
771 638628238
366 315662013
295 127811381
413 944914872
542 119197776
290 174651873
991 149209690
282 271584145
404 5920552
896 675741376
172 52692947
680 533720871
73 840788964
283 920813008
753 375419622
247 100512987
64 157602956
448 99015088
371 25130748
48 193381056
121 395292704
927 489616293
953 472610489
752 808141475
634 275427401
675 261050032
960 726539846
594 321605798
982 283426309
167 133456664
640 849385018
406 180393259
841 201519993
384 903125052
710 625134010
565 522207888
899 156278821
292 551913051
738 538139078
728 71989694
191 253109651
580 396355597
261 765764579
77 504115171
117 208505060
574 468368134
58 412627902
193 782280843
684 149669996
210 483691784
188 881288907
167 163696771
969 984025175
970 140379955
638 708122578
632 383745502
327 755939412
11 72517094
928 906311333
900 240313281
144 953841750
517 72170352
275 12739831
437 215788
910 183117176
674 238597520
174 669905163
754 873397166
297 829250377
470 875028153
600 736498347
106 739852954
984 848367172
864 726178201
494 767346571
238 478720888
462 43285636
433 756234051
78 421184073
924 370639802
28 59281531
782 999611852
623 29579544
302 700900386
952 627439284
162 903091303
654 637786955
350 378618212
884 927507707
254 568052179
391 377025002
999 799060499
56 945059113
434 424354254
551 504674519
204 64754686
279 541363503
748 87532234
731 969782254
721 442366481
754 576510705
20 539579837
234 613386127
282 908993885
261 147239250
71 585959575
599 938041753
327 806505258
452 638859942
81 101646688
434 131010631
706 342135462
156 411295377
261 352379925
521 976876399
860 189891597
58 409508412
739 32651344
597 223339060
664 500531031
45 534932350
986 858843317
714 600694483
339 382169385
956 876123672
903 492746351
297 270918444
288 913296791
380 174151492
324 127801714
440 676036947
936 117725826
70 663089935
418 837295014
707 354037188
619 352799415
430 108844008
422 319339117
219 842835379
55 121989823
959 649483002
727 705891531
181 246360
27 427123784
286 740963916
425 888159658
567 442413876
710 487959249
167 271663653
708 664037718
391 437430137
895 67696500
291 911482070
17 901845685
499 398782022
657 858657356
892 818404461
302 302320324
370 9426180
193 863670813
452 504385693
199 509642603
125 36184693
833 34785418
10 468279236
873 11787904
712 791158837
136 49904311
180 66851456
873 441948399
789 885218992
305 83850464
194 812566860
591 626808743
585 970793774
647 106989437
505 927715821
139 847108353
585 152944824
248 840191294
619 513135730
799 464142050
452 377041403
428 995831536
649 307069844
727 772946233
866 809066877
780 578793836
685 543404710
326 331394098
416 995707452
468 318798029
980 286473631
902 124093656
48 70521109
244 493066210
95 32030515
346 386403779
364 491480777
262 280262667
524 269138738
184 234517816
793 153566712
277 350549512
782 541571871
990 658418890
355 992735902
337 630779849
626 896455072
137 731439029
442 77836037
943 310976353
327 371057669
976 705498059
240 472783553
438 786894102
264 50174886
644 159308022
622 819654949
479 658770161
213 874017745
834 536617351
136 922956426
627 779323111
45 169294665
78 114337036
633 757254883
557 385419375
139 793979624
502 227722394
112 627345819
574 927977324
86 387219327
554 160136658
738 705013254
346 681783711
523 723658352
461 133329200
109 314916909
444 4561721
697 515126122
769 508922527
43 744862314
164 137016571
164 68037758
920 604058775
126 959226303
787 483971065
968 892048684
255 738135145
649 285782909
65 29385710
795 636549633
637 649620106
988 324856783
695 501358492
342 814277132
592 887296703
641 30167698
178 576150578
484 433502837
1000 304535237
702 634962948
271 16081031
416 534297558
441 125182194
411 994449849
65 195645149
828 934379204
333 677468864
192 388968417
468 493338718
942 655935880
342 201101848
518 595761828
566 247496301
451 15365897
391 223801541
515 473543435
825 653524896
435 679319411
799 644239054
925 16425198
723 51059216
910 313547444
634 151925929
689 12105732
150 633251526
698 736648652
491 693046650
53 904157369
806 969813461
511 227091089
414 779806400
915 666985190
598 324674177
976 825679305
128 63620181
380 353716156
370 698107963
245 316096880
143 522264984
838 203345522
567 413814838
650 55150325
2 87146594
153 470235616
841 792674839
231 673245659
375 850805222
107 681266752
504 489406560
366 459987820
951 482409932
948 521018135
450 719582297
214 577023791
369 963852221
153 530897146
592 679377062
786 108840306
558 240658583
317 515025207
762 807022383
400 109285246
783 739946733
79 883957397
91 190857019
739 281015961
212 24789888
300 256803808
891 355980570
525 717436217
41 843283915
856 52585933
278 854723203
787 872533806
616 421084058
291 313548586
441 616113237
478 536332141
78 743612400
755 302524902
40 593458978
93 276739127
895 3505190
531 50183080
882 331688095
308 383890921
683 956973927
717 24999483
94 532470174
890 18992968
112 181979286
306 92377636
964 961370960
727 14718428
753 28931988
643 520643108
114 242682084
164 183980907
887 808304928
723 393814110
328 523285064
628 904635862
792 368313450
153 784736470
104 747579589
878 874197718
319 74230196
245 150276045
413 224501438
830 855821440
70 154924199
499 591319221
783 485165607
498 220376239
691 80250970
956 193581885
101 99132559
673 200231351
33 58965516
657 184037612
817 486776500
885 869249825
944 696502672
744 955681587
320 854344002
636 722544058
40 483844433
790 121425394
304 55569403
427 771067375
89 36200816
345 570409759
636 73307605
867 463368805
481 512348415
627 164926228
134 100842127
702 314123185
665 502705835
627 336944903
484 162728670
544 275569299
242 741583792
746 551560930
630 71064048
925 482665222
372 126469084
249 273289534
673 771752665
809 766086211
340 140231555
463 261960418
674 71847709
913 589316584
23 94755261
826 139487454
14 551105334
912 25001705
630 127248527
106 130481106
517 166889582
555 31688875
841 720025539
586 174708775
934 788214139
110 507392255
875 468961923
7 160601369
890 827561124
422 169514969
307 170547553
364 921674487
715 466025794
607 934427825
191 601144282
630 449235935
587 524688668
959 830738589
781 711413221
618 762760954
690 98430776
452 203139421
108 854113272
326 337028737
650 890577867
427 148483275
700 223536307
162 432749118
14 166065081
950 950381218
380 662559461
420 28493707
155 418285690
231 19062831
741 933145477
335 719587062
734 99338607
470 968613895
159 262164404
814 229212687
732 851843599
575 281488483
971 948318583
292 853024150
92 426078993
811 673209521
310 750031052
2 328802972
692 32557734
797 861270507
510 628710456
137 84665556
546 79089249
391 920781252
230 540683485
227 508475841
595 554950632
606 11411013
488 61371648
265 820401101
697 463337487
966 437642227
955 154550492
610 319593111
792 990144848
103 120934003
812 160979182
294 743929015
175 952040429
287 544453897
50 767311486
379 471640628
291 601892230
330 363132185
819 488633689
505 14339254
20 653245434
542 80147092
240 36141283
815 505773111
118 284049479
58 999831404
231 855206279
10 742615997
574 471267197
777 131407196
628 982137866
58 171000059
640 734984160
145 2935676
663 703826980
192 396606952
44 490233801
354 839442405
701 78002398
992 381150354
10 106265067
817 310889912
172 817125251
431 327425843
922 363207370
839 187038512
110 356630584
143 437153910
898 857998664
132 57317173
242 931456512
480 730205825
410 235699052
455 77735789
601 631428769
87 383456759
525 434030466
326 40214704
111 51614517
702 453764572
721 887586205
551 412503523
915 35827980
7 521489769
760 618237810
846 748567905
9 70872342
410 820145594
504 837783267
40 899525903
41 3190649
3 991298350
834 749407926
359 6437307
855 267100840
571 513507268
814 79892474
426 275496725
332 261757128
90 391199280
684 620844397
536 637365646
799 262686717
586 7460136
511 693692880
495 774311464
606 662406137
736 243608727
781 261890832
350 666991787
538 388008647
213 34027562
863 108291580
302 391771388
589 793789184
947 696582597
757 736815768
353 841230180
520 421932441
456 75133989
314 562150434
325 76154949
591 208356789
778 364368684
457 636374565
902 116073702
602 228526157
538 72328730
458 940830416
177 15316685
721 893339610
46 773263238
577 102263515
810 258242562
456 880263153
826 278205501
474 538591957
117 579429774
159 281231722
703 433603871
217 851174074
437 40303341
209 708497345
55 431524973
2 614185209
283 379701546
826 106771606
592 353127160
834 201899284
505 116161033
786 339921074
611 56376336
269 751831230
775 699779284
764 441884623
601 984053451
587 361276253
27 80130496
60 33710280
953 26345906
635 613352565
281 57427218
480 504519979
750 239866797
828 989355543
521 189204540
814 499470197
139 497175831
638 274836296
695 24995077
432 897115927
548 601134154
836 578054280
341 897413013
512 677001102
833 722861941
961 272129055
948 113532002
195 95844366
230 985764028
854 877369278
279 47093176
361 35905032
174 647535784
353 97957654
398 298185795
954 997184701
305 460524872
888 102638447
815 637436705
722 551834487
949 806245973
27 563626326
778 561135654
453 665221171
818 576362504
785 471417406
76 884264399
92 972617363
612 371509794
482 827481446
68 882729354
639 619645043
834 427649633
992 214234741
778 92860446
292 477248154
296 229582943
499 701499915
824 23110938
760 21078206
370 310685213
819 560809321
288 995259142
131 950582429
515 340200851
834 998500150
553 411500203
239 123314124
870 842836140
984 337289612
130 719813937
378 906900475
994 175719020
765 74147315
183 185883270
750 405056152
517 661128918
99 183703136
81 985925389
330 25615591
141 570944538
370 52234066
701 121917422
397 55828122
742 469022348
455 117418250
300 359371424
546 504272042
903 58235095
118 264024249
510 9287012
559 36376317
969 599093513
755 269032291
889 657712807
214 302617420
398 172639558
158 299944566
655 111467232
894 317228777
441 421509035
521 904014326
855 915072705
718 891048524
755 536649745
804 998352665
177 732153238
150 91731662
489 422797791
720 558252717
436 329491963
211 641397532
678 459785703
712 432746941
549 545254696
836 64201103
536 362319935
600 267962567
841 791014842
904 514182383
234 367316568
973 381743022
906 616986573
519 861476387
624 38407756
504 173570719
985 585665567
259 180036604
796 39403255
948 197757321
677 864364021
36 605410084
590 382190287
522 593749021
691 6845723
913 741757115
976 119397817
551 68733571
777 933854711
519 873424051
800 674143949
290 464422326
937 130316178
356 189182941
44 317608173
957 819597517
909 779222677
403 456597116
784 117188517
516 871244012
394 172874430
920 909276043
183 90471833
148 164887975
507 122931421
862 44408072
602 806649007
197 995069734
694 843762428
319 658139963
382 636405275
358 507114201
33 720543089
311 405669493
324 774636807
534 34590591
166 226363982
852 89975718
912 444566266
106 671532073
328 180289755
61 873201402
704 638437804
686 299528883
937 63387831
301 182391854
638 108429259
88 930292522
204 28753249
825 697497894
376 453713096
672 213520105
18 721117731
959 701279562
160 978153924
414 345438734
319 609970370
856 649976139
721 438588929
829 931541734
288 134115645
380 231363092
731 405201437
655 107624479
832 970790075
323 55579474
51 753390192
274 997367295
138 41468364
457 918873383
499 823449283
921 717036508
191 601767280
823 121991726
870 771408866
669 121001127
57 338912462
85 343540672
548 873598481
829 967030251
147 199959971
458 239561267
670 989256623
974 204865811
501 385332973
113 519163681
95 607747195
92 676140067
369 349731153
649 666534383
173 990398041
793 491351959
205 346551754
15 425834549
581 482628602
943 164094658
744 771868586
117 158853671
459 710398271
870 165597492
8 202807705
231 5946771
801 403041229
605 145744090
6 501520225
386 226694958
925 769932951
94 844134580
987 177595454
594 26809547
841 692655819
179 396846485
369 309225255
720 173316013
501 147080447
5 487255990
156 395370485
594 201843892
362 223098055
390 489800566
55 767972246
807 275990863
867 21743429
524 229170946
502 737697121
989 322681719
93 860147610
452 796146945
411 391355329
394 761714863
351 590117551
38 865440420
759 323908233
743 728478145
284 383628130
583 481117404
392 932107016
491 423842119
484 836469292
108 705240080
728 90521492
415 240095862
472 352499971
889 676270489
839 254691945
604 811501813
567 194407445
589 263940742
454 456531063
749 117491457
970 404888003
819 363711575
983 799446636
181 510961390
577 144220153
762 999927943
253 428358650
513 758046047
453 715220803
79 989129333
720 396605968
295 149901661
795 990559984
189 273874785
163 550030576
909 401997001
943 345248649
48 983373792
712 701541609
335 745822596
111 932173278
879 921246518
324 670688319
363 31607305
638 123574505
555 305658671
873 685396236
728 343158442
315 952054664
419 490236227
844 519551853
595 222569849
998 974659598
149 121996464
148 256826546
997 154604155
294 259377258
705 186108238
188 108274805
551 955800754
653 776174860
700 637226512
2 7177331
923 704929014
707 233100357
383 395577570
764 871644836
913 104275179
986 867353049
891 298564653
254 747444512
614 864506028
505 73568868
990 371335490
800 29332107
367 22972482
689 600181827
408 605608606
289 103175741
466 77043599
602 295037982
513 815068909
560 608095186
701 46495815
365 423811402
262 468102052
927 761068484
507 613185474
840 86235204
668 167463985
204 977629904
375 418278171
899 948992484
309 665395832
257 106599501
847 275121214
91 63351039
523 206243305
792 341528109
792 100025897
770 533469658
379 835693395
356 40495901
444 529149922
479 721573708
554 143713068
74 787466092
677 103294997
14 106773912
504 643428725
272 264828360
347 118892459
606 359722519
305 651956355
528 380716449
854 312500247
40 201038538
406 921482266
756 767718514
901 532830221
346 559447752
391 331680221
625 376916174
75 253507899
649 668471255
266 687165685
871 628748227
612 168614826
21 558742687
554 406195344
504 222935717
39 241142796
401 26840874
596 424749543
32 861228302
851 112141
497 705466038
577 533956488
690 850861127
803 422883292
95 315862070
457 99046124
393 161305600
484 801967092
449 546169201
880 988922925
347 16348839
360 849271294
146 173051456
876 68501475
843 86722070
183 171883679
885 490214731
34 925430652
626 94421001
248 343903185
833 213315669
505 183787056
376 236842236
147 851821922
546 688877153
514 607062591
408 40669668
452 961945839
448 95047040
757 62793565
282 427633142
420 364495058
982 132750022
875 759314635
561 862597678
515 924693304
353 415882645
835 537793504
475 134433445
205 196522164
717 103879372
871 775069513
924 442948086
408 652258909
880 990502736
748 92759531
323 153064417
704 279832761
386 927573935
458 608793933
445 409829400
740 143333722
748 628238177
286 83145665
388 306009339
791 295388633
320 507871780
873 881704122
509 599784521
926 547282866
942 465212714
614 482501201
245 65853235
526 876840878
891 976406311
8 616351929
74 574401590
600 995488764
644 886134319
358 685070675
487 668395468
130 999946665
988 235309100
722 758065726
376 300406204
742 328529546
400 204489017
468 138357527
754 339914827
184 665053667
313 349448359
949 47592195
980 725596684
337 927100161
165 803494013
982 140314874
466 954021963
999 831849900
17 403336201
831 626949751
55 714020210
659 832414270
173 921156872
268 611604301
391 530624543
307 547688040
270 393222941
623 388683350
323 315843594
768 619091456
796 118705070
296 749857736
712 33247948
784 160111484
971 581372558
698 376877734
567 729739217
638 718437991
86 135726803
361 574250018
256 38517575
732 921659735
666 509427727
823 919940611
109 416639548
877 281808383
826 406013982
902 906631824
461 694717607
768 468014356
873 35500325
746 81403139
879 272031941
122 768307395
871 346562382
788 980564828
241 301598955
84 549826834
956 891554843
289 711357976
577 591370285
523 153623644
109 316315610
847 81470916
81 370192821
552 291033627
260 225919529
897 897025249
132 347963102
38 701912885
508 367501781
575 473427844
486 545870371
168 49976884
266 116719226
183 764850037
551 865227372
302 618782809
605 669111520
425 777199977
265 974610517
52 108725327
467 241525865
103 721917432
14 488068534
579 911902581
156 88311412
623 165321665
820 314059823
646 992254029
1000 538599921
50 649450755
986 762245189
597 984693712
277 878970783
608 960633195
26 65679411
802 145108535
125 609892409
727 41888834
645 818833370
88 336419632
841 193833362
458 105688632
507 933221491
305 661739428
554 63620203
678 715643106
510 565100577
791 98106558
848 410313928
155 145584529
307 445020185
551 747971474
237 200116527
740 303901040
506 912789282
496 8829529
180 125385980
612 48901081
473 69900189
676 540842209
559 946316051
101 90105071
715 31196458
932 178716131
589 239622790
783 128845679
436 347469545
318 441211492
822 76730273
739 846197267
195 790941830
54 306686950
195 118914369
518 164712630
399 63229925
137 28555096
50 950819439
439 996271115
355 285035595
775 521215857
264 536073899
552 52442671
909 67445033
172 582194839
694 428357536
947 203153536
487 672681661
681 187078476
125 23432986
908 497736358
188 899361621
895 378462455
837 75108949
939 635487459
633 609713032
136 945722339
412 27966894
524 991581590
308 830620820
260 963067005
187 441742403
831 920647513
310 705597910
766 448574166
814 908059655
466 708217281
114 23383282
849 596044148
841 297001402
307 61929268
610 448285912
968 687671649
228 456474471
192 146468317
954 558935999
199 637276529
198 129309306
283 209525374
419 549390038
952 915708612
759 872154993
389 497308570
83 282359099
386 329853586
293 833729810
283 250014865
870 740908291
331 750356719
848 881171283
993 161994779
56 418984939
534 303567067
259 173145302
167 702580561
328 118116563
678 124937234
88 75528441
776 332405566
609 414080576
385 171988203
792 738039837
928 137233655
748 119374002
81 576867099
47 137584229
946 946496759
202 351189761
586 817047061
926 457015928
73 677137064
114 435201118
704 575946170
39 215544547
257 501232925
642 642161035
957 377154741
798 899470809
397 535889640
53 449128287
600 997525836
430 178461890
357 597964756
370 841401477
509 483126190
497 916191860
853 673262189
357 979661381
41 399474192
218 365710510
774 848582505
933 84592256
260 533178278
434 803378345
35 166980234
726 972876808
198 577987843
412 538808745
849 769954547
287 768493270
670 15862340
189 434052926
303 210052773
159 330194058
223 101654030
880 562724608
969 579928542
105 494157458
952 632377242
498 470501816
357 6497700
941 774644342
872 739375217
809 400274372
777 756596405
95 944493258
725 747661217
795 641982838
478 741816780
145 553467746
874 842087986
577 215550537
68 868421832
721 496541892
988 416832874
881 582653348
37 396144647
186 988224985
429 124758260
323 262847944
775 368806317
434 411044284
426 32059529
770 178197667
715 81883359
609 26499084
866 369118072
70 620383749
754 897925732
518 512072159
913 943303171
331 421150814
368 767288936
326 681195093
287 218833858
841 400493754
615 806071044
909 49511474
541 112467829
299 996268878
287 305657033
450 699922480
760 913149181
26 692620400
163 532313527
814 461648068
989 643439176
55 623641035
381 728458501
914 95141854
509 255006868
833 401749311
581 68043100
719 873473913
198 699691327
866 742126532
661 753082626
810 403278806
463 314084600
249 232292928
818 483449679
881 975352124
990 111023209
290 739628732
945 975848099
890 86999350
492 737869369
715 582381392
939 932270501
49 401579795
542 584094422
47 722931342
984 516232674
321 815820951
101 892052698
84 722419015
811 332231994
141 966789451
930 557035850
214 343140488
556 190247098
690 12702147
740 279370651
454 673663852
65 684594870
114 91559810
172 944069491
322 502346894
495 271425465
320 259573062
425 528434948
440 99883356
273 137305610
711 693196943
900 942460195
475 584802504
360 325234593
733 127861869
630 116386656
3 823272948
402 917118670
943 269820875
214 788250561
247 636836144
384 699481856
227 986169045
387 963999586
844 262874995
208 449873402
581 112880766
970 198833504
629 287672915
111 477817475
378 712945983
107 27395139
255 158229524
692 891095721
768 942496222
202 805672682
470 197549723
60 903570748
746 927345705
601 331720017
238 685033334
82 199796622
940 23751809
263 902499221
624 711398132
47 658845675
339 197343847
892 296445972
961 989627019
183 356428928
686 759561887
369 822212045
478 126000380
500 623625903
279 952931809
579 464219179
54 631361476
510 154285400
891 555733680
348 137142907
316 387927164
856 833041842
536 703062451
669 569924785
796 936114562
846 448379318
776 586692700
652 756872493
232 364992305
67 639990197
554 475438401
863 429931443
387 730410263
744 927902637
156 37645392
560 872963243
207 835820782
347 36612364
619 994283338
790 736217918
681 127615609
162 461939129
415 612979324
120 980225908
711 758674782
817 40765390
62 501208827
136 76771622
924 341634547
566 19443370
169 930412870
579 103965478
833 221435164
985 70997370
349 209441416
992 891754376
48 989417531
538 240843147
151 258822191
514 130667552
787 100644374
456 740911040
23 885736007
284 514408258
985 987626014
77 846563259
283 314539964
14 906012972
841 785756554
469 283803633
652 326020023
997 537177782
318 199661611
223 67479788
343 304162163
294 928926754
896 220138155
874 578363566
955 460064326
243 815947752
399 746275246
124 29807101
793 883053842
743 403737655
360 276614669
816 563827773
230 920865164
654 826765633
946 45067494
648 58676719
369 788334395
587 954607753
530 392948085
263 495417844
989 872772107
203 90558378
700 31475232
35 855929014
919 663832663
757 404173327
212 987938368
183 607368762
985 751138029
678 428597989
123 21491603
652 423000734
438 4237504
849 972414698
917 144232935
772 120988820
83 102125099
624 366576727
14 277122712
622 247077411
624 897184400
237 143650402
610 901214479
360 451521198
645 470323248
65 62135005
198 266211898
935 516070774
630 294831950
829 238961875
662 637988435
813 880173938
838 559385924
118 346563687
704 801138722
190 637299485
791 967917469
510 541371413
301 493836531
311 130377109
659 197071468
144 14703317
603 710573405
152 605079920
288 701462602
592 283962065
428 32949756
20 231592783
369 504192685
890 841613647
823 873008456
753 304005109
747 925833680
747 568418974
903 832387560
13 707230406
220 261727125
78 846697009
439 699292043
36 883428903
264 337300512
915 618555827
812 701469068
437 407822148
926 242145383
389 780833384
385 514759504
967 249477573
216 898613074
831 323177754
248 14847102
180 88396338
405 118497602
775 3624833
111 696323935
400 107564457
453 67226429
375 665209515
328 137291011
813 415716620
765 479945111
13 300882105
377 843107755
506 146229144
100 941741543
344 221386653
468 7344638
855 118793927
877 44036817
623 116937877
525 483347769
170 530936981
508 856533110
195 633778299
724 929089498
175 779552495
488 447730351
702 118333779
765 186017109
121 750224041
657 72253137
318 809157293
461 247971236
991 389276741
564 45223661
289 319371861
506 321005
182 207716729
397 789624381
90 161051600
967 107289775
438 80014013
44 803642760
25 821140676
520 591469208
193 805543295
657 596695654
710 120557023
548 913214952
568 901269769
473 449396190
913 787922049
250 781113232
448 217634352
744 614290421
261 549486088
950 354978863
850 613404601
497 561404113
706 187988364
748 872426317
897 710329230
356 648490924
478 104329375
942 485028390
970 304040142
767 129102875
68 332349692
277 396823399
572 993462780
69 468365507
872 232006995
68 53085911
944 855239123
853 820261525
837 87664394
356 75331825
44 368565717
157 18517552
32 228943435
81 106942004
350 429703637
937 521318924
859 386837790
950 572928521
453 894374479
540 587756390
573 680011297
462 417577612
107 989099343
244 786875873
779 327162726
430 732138907
211 945612839
809 605246724
117 764197971
553 736961008
139 461241418
153 983711356
137 460117305
325 258628580
614 371193975
826 542481189
580 115355047
174 607606973
148 620160058
166 695908588
593 891965840
674 487908348
990 402030970
241 200124721
153 918719881
175 150093862
278 334329579
152 303952052
127 924919900
975 279822567
606 150456255
598 579194007
354 259622736
769 545804276
532 71221247
101 232402520
39 534166581
922 802686851
379 487150821
708 44681001
174 683472382
999 827256203
904 365789750
400 375338171
253 201317001
125 58316178
944 144060015
543 574043989
937 899758701
19 431968918
348 633552303
222 309168450
582 754529365
608 634595303
402 712331345
81 763192934
265 588187608
394 524509446
886 831156690
611 294922545
43 111446144
272 188737055
549 64551523
971 195488518
759 159232225
422 45089498
68 826381297
460 83619502
650 907225595
929 832948712
104 457798831
534 383553203
110 499399180
748 154725458
209 695357586
314 227022374
466 7834184
392 685075964
585 621291530
233 392178458
886 423959766
605 892651070
965 301664333
757 857291757
985 93388625
440 955491987
429 199367368
390 909861770
812 35498508
964 482544927
591 810214699
193 918137748
542 251269475
849 524197831
866 513646438
202 734731410
60 182640321
286 268010054
763 510304942
371 339838169
497 755028527
35 916058269
685 104918114
929 989464486
80 449594837
764 901014043
968 648865789
181 474957070
933 557919948
421 419992733
998 289960512
799 853281180
794 174785627
443 663862764
572 893807415
3 438309597
34 399446141
136 867158241
874 571150603
891 32761258
89 889289321
443 652143879
812 847750610
801 292959610
735 246283317
856 663746318
863 787983460
814 495729105
550 568214388
469 693597650
33 36511516
846 121104816
177 353183410
818 793073794
24 86866833
285 342670905
734 385303827
50 357936512
938 180731969
474 964261580
9 911896175
740 880580739
73 70687048
533 60208131
869 405910363
102 305914302
221 978142980
660 755204125
570 427553765
756 203413512
243 549661639
660 64961951
669 337256914
19 671287882
419 31425249
23 42976038
785 108134576
840 69977648
140 670197630
196 866146358
794 889666083
114 597329590
782 721057112
583 368761608
269 166387162
285 158787997
653 394638232
809 330733288
622 362574237
192 370819202
567 357411458
240 969345990
60 599342253
27 234944771
373 691887986
742 279844421
346 938985190
242 129854310
509 574806413
417 379089529
43 328338815
45 45069167
731 750927189
224 658564726
420 464271077
862 808459655
232 206998743
932 723647074
550 685641893
257 726316524
996 126256833
31 182793448
676 239845803
471 906327405
397 402085451
986 866351088
965 312780143
578 397978631
799 825329602
480 311819900
654 471860813
485 403286467
951 283373426
997 448673562
607 469224735
233 683548413
43 308881687
232 387865218
372 875584277
573 868050293
708 155877451
964 860365287
496 819220200
17 826580002
812 400406763
463 67135492
656 445237795
467 57433403
830 709730032
344 852768634
484 405731179
440 860534863
858 661737055
620 764752191
965 54034253
715 445248560
650 66644736
225 353959517
399 58155734
983 359940573
650 794016134
204 625029257
654 127182636
704 384540209
31 168168544
292 262120722
822 586421531
836 230358842
5 193788533
260 586333925
207 305242975
446 112622246
422 288955847
80 116162937
521 744322187
620 308945945
329 560708603
506 926563404
188 581756895
834 30878562
369 45581745
684 969255017
335 767834979
263 710716612
210 888604924
291 506991554
792 332356036
615 270957811
760 298616362
186 633889392
504 773393044
466 391085098
113 88857372
183 371717634
291 837885861
141 873405544
467 469829917
355 773891710
382 708822848
514 902592681
93 274135867
999 279662307
774 212252688
675 819620622
185 577125176
467 875055694
532 54077975
766 59709028
49 610617913
699 42944885
550 577049065
692 7652817
497 366473414
409 624563092
662 454999298
613 160322767
380 933889602
662 324958413
804 341960033
952 803554315
33 532569656
252 250709345
532 110602772
182 161339785
795 574316011
581 122085226
50 273454733
159 23201673
241 605546864
932 820971684
165 948179363
819 369402235
478 990807770
638 751416828
376 725241155
811 446972808
587 716191946
750 583756278
698 927390811
998 639823760
175 411981946
478 933681
759 896183736
530 456043854
489 270903059
758 391008808
699 608070040
827 799788737
294 959488186
681 580416722
472 188744587
416 69394047
134 562051582
692 415219097
586 318947505
764 323248254
721 346481738
340 553111847
640 482894793
696 98246391
325 105088073
922 55896944
733 990997561
425 82152432
622 10532577
52 336578582
184 456648024
833 79258239
750 966759420
503 660800014
882 119348614
947 100704053
506 14511985
372 57020611
855 286170809
485 120351928
681 465850062
679 78470962
883 664184825
536 157754097
550 125799423
964 860098587
243 544132307
561 847659736
635 656698221
338 594713184
73 166738950
885 460963165
157 889653973
607 763513871
251 177534170
481 89405886
962 55316569
209 877532401
438 110599712
213 43142760
954 72658411
679 35043828
657 370650562
478 213677853
298 341021733
301 4097648
251 780721999
223 381984249
895 470274140
830 422044320
761 754167608
414 97801659
281 936154479
142 723746900
307 452079810
292 173142136
940 886623025
57 932750780
384 642217454
168 462006097
143 821930346
797 547449500
895 341718400
665 671871358
727 337387170
734 782513929
749 884502624
787 648809229
879 395646077
289 838462549
227 882712791
645 201479023
428 91624792
543 28124273
639 14895000
413 940896840
744 29071189
637 374641354
35 111928881
498 936473950
228 78799886
750 525515799
395 235048022
832 978490165
94 641336994
32 385442802
859 944521539
287 791011346
816 823189499
408 420574342
228 495609711
209 949011417
765 535004118
894 296885868
100 465417174
353 946709323
103 367170489
174 578121456
530 289234944
171 133523194
359 298306090
455 165955441
81 963160304
20 623121637
56 879325085
196 30935959
211 333474981
641 452833714
686 882442184
712 102187845
274 228528144
302 267494213
953 845724191
37 994947776
69 660010060
919 544776191
139 13404186
512 543321148
959 127401338
993 444528932
467 32776323
169 656249565
503 536903133
315 206791766
84 676246789
495 297818345
731 794050103
501 479905329
759 62528725
447 980576108
973 756675528
53 633899497
70 590094913
488 986976736
967 165153838
220 189437071
6 259207040
342 120513931
506 17018652
865 249027149
141 788252541
418 592080943
832 972773220
216 144068452
213 143232812
966 601308219
276 256767340
790 85215929
882 783043742
200 808241630
603 224347830
181 304860683
30 447404580
632 843233043
465 374723296
700 709957485
983 132344838
310 154035565
601 696913538
277 267557519
664 127508815
1000 650470478
739 436480579
181 995245387
434 301449857
705 914513984
275 463198553
282 874968999
406 765876308
808 761534379
786 178979228
605 663637214
669 146234661
136 284562554
171 21920928
868 2686686
398 608346193
513 401309792
199 448645526
882 912833907
460 147885852
801 867768828
870 136902960
995 768144388
102 100523967
581 589605883
870 559112775
918 44650062
994 850264448
829 775303663
712 526173837
201 498477338
483 620743492
767 465250699
388 886611641
646 17535723
153 55735769
315 106133974
667 401159210
546 379374325
931 264452751
545 450154502
723 107604428
515 563871928
171 30462982
785 175165579
6 204399813
368 641875984
713 424296307
538 589339383
556 386938627
593 306518126
522 686826122
623 990348941
218 995940799
831 765226647
1000 823848175
707 104508584
374 139760525
674 294786007
66 312198302
396 819987133
837 676489545
111 559032231
133 947434571
108 889161969
6 100210186
946 643390517
891 703324390
871 895037624
682 375632745
491 516445617
277 925816288
909 611550289
299 348787489
900 235735629
459 483609100
419 729945363
170 104623880
511 79156415
993 602973161
691 391566370
437 474698352
268 552517811
858 650650348
650 943913835
655 705099642
664 706991049
607 766255614
287 916731802
709 783019279
172 661040156
129 134713769
953 623707009
228 477369773
819 733428782
882 599481164
937 333060626
961 722246761
249 935242062
348 459419654
492 250522731
859 965646383
802 337823896
896 722523141
117 824057643
156 13040325
167 121496239
928 172039648
583 97824160
141 360137108
759 909758518
635 23982313
283 463040089
144 866249531
995 618035310
908 442628130
873 998257508
853 287693643
331 584357024
444 498056978
741 138367423
141 101348125
614 418667249
784 935836739
201 117156004
532 393547848
735 975865941
555 866272500
405 243932003
585 873287588
610 585703312
489 952002755
828 500877602
824 369876507
210 324783403
677 569670129
677 31345131
12 431209976
635 5683341
558 814126944
420 34046376
285 575599942
830 485363037
581 716034953
563 41861804
861 407140398
716 484668005
237 366154078
539 748963075
522 204971025
195 152429192
617 83395468
596 863039747
474 859031670
842 753914954
764 657687623
35 59269114
256 935162983
464 724100077
918 122868438
247 807815700
163 460348082
529 625501134
222 980208133
417 20329260
146 921970684
20 676983080
880 490167854
644 717350681
552 936459081
965 22258449
974 909806145
718 45179214
965 921302334
874 484250229
362 65459033
368 890798825
437 259912996
138 296014143
958 941365904
2 258248226
594 944756474
602 984053153
88 935514285
580 772180051
737 497188280
421 378480957
226 456969150
242 516819333
686 2413578
82 560577129
373 357867595
646 363179104
635 85849824
216 64676909
14 221630841
905 308783398
412 994188320
804 311189875
451 267903772
400 297275784
349 795835276
624 50805
439 701657370
550 39706803
288 677660945
641 753007717
272 768709002
445 265267457
901 202896774
289 317930468
522 168320641
144 194742347
820 250241283
27 306300185
814 809776008
391 554967590
836 600744687
590 787565394
31 29074081
30 839198014
134 826224148
824 457620306
666 848207979
333 541354736
285 823152888
394 477154
887 121263451
908 273046577
469 715072198
194 207522009
982 707789712
532 401512117
899 681179427
263 925379491
975 943151222
405 345193102
386 846242572
253 329561656
790 616411627
534 2814089
396 91693288
180 625120308
357 369439217
305 572446046
69 140708823
371 930708783
92 138769400
703 46602685
31 818484920
343 11459768
950 149663607
973 225511816
162 23895908
66 340798400
535 586410650
983 256195743
685 785796620
794 698310377
266 919124179
658 147966603
293 45224805
917 790948434
412 167503336
495 285796430
986 151303072
655 513654403
852 677150052
937 174182408
381 464091095
683 876053216
678 705120790
890 194050947
710 763359099
496 947942802
792 990667245
901 414859839
128 313164895
495 905013268
6 691449523
598 306599213
644 696762883
205 52429610
53 445200978
571 987054624
677 627384435
75 922749594
952 888644638
524 864380825
677 790711997
713 898399637
626 256846466
394 64486682
691 105893372
462 443681981
18 901338207
154 252774545
834 177240316
290 882916144
131 498198963
87 982005316
664 44052967
204 247020586
941 91498886
635 766024060
971 109922769
18 376961188
506 901253731
267 301847897
873 3758731
19 347817514
455 7201523
695 463265655
228 838458974
57 351011706
915 901082753
623 566022993
106 154046692
289 882949954
614 126589443
580 898168267
243 65720546
621 140539821
603 20227682
224 770057742
506 858789447
325 728153495
546 345779355
998 164517397
537 690402927
122 472128358
589 999274948
816 463513312
684 236432249
929 170025576
397 418346588
174 852763963
403 666286004
370 98680219
152 33172778
228 813945690
511 12814671
238 28907467
833 169746367
106 8374327
942 377222
911 34781430
774 975823311
120 477138772
79 516609861
117 553903255
723 607102685
800 774548797
905 216185007
62 986849596
287 778508406
444 666666462
893 247850147
375 273457583
882 328854931
474 113293281
534 866004872
537 414740385
251 367754927
546 452410979
363 683731250
239 254272750
617 847792838
953 533598943
336 131281890
840 111540171
848 1151094
488 950157667
475 384732710
380 502650606
835 422552104
197 290771753
780 524267466
558 874887679
227 953638354
607 661400232
649 866938599
123 92555222
981 392945955
344 676119867
408 213751432
431 240632237
29 42874321
352 346867670
475 783568961
4 120809518
278 716765809
466 284556958
53 838391717
418 701014722
219 121019301
231 558171457
966 285899773
238 655824395
343 295650337
749 433371748
40 967144298
328 662571614
525 861249310
916 185265239
384 69963064
599 482362393
188 145400615
852 216463822
940 360645806
170 930702609
803 893303439
688 678146497
999 131982335
543 491587219
437 592175078
488 490337035
702 61371412
774 695874214
647 451247214
659 934855466
194 496474494
191 740015073
918 364487528
695 513013171
881 721534379
561 197473491
602 68917449
468 173159111
176 983068637
420 223117535
478 107063826
935 851527787
966 973814968
794 485615296
994 984981336
114 233610974
711 173161802
86 914752658
42 711680815
476 577728695
502 475617416
299 381634036
923 95062450
882 57028186
321 142469571
597 710371600
945 640865090
395 937958938
637 158126094
700 401186673
114 876127060
19 888667047
592 70444310
398 556220253
830 160538056
133 715933403
428 209321247
188 250081778
114 3667379
413 12218043
453 345102421
218 893129419
253 646072935
685 823350226
579 868139137
406 335439532
180 204137290
227 297380960
563 123851500
794 970576981
969 241494478
744 631255531
949 236057099
437 45814146
672 104353901
114 870584967
104 482272009
801 745651770
968 182913281
676 459115205
887 810973751
806 553513040
151 568447366
16 428313211
782 874964855
480 567032067
958 373944928
386 538619535
704 201097793
806 357333397
834 441098784
567 448916402
424 836039420
154 820337921
508 413695883
861 478452552
713 495158130
144 22224547
699 63496520
888 708512902
176 589870671
972 759919978
251 154454651
617 345669018
30 123137396
520 519450263
787 975921213
839 74560304
345 12414136
977 570913861
752 65613726
41 427165638
502 4997593
420 297002385
300 152147339
68 953329183
732 223664203
479 179879328
361 456347022
775 931878058
171 810700688
562 332228299
112 897796838
25 175001204
525 226760871
519 467723210
703 677884130
375 756469570
506 76046832
163 164443464
876 136363272
285 982578960
682 159799879
16 351208736
537 255636336
167 33298890
192 316249908
974 446338493
180 874193604
214 169786425
666 720640314
476 483314448
642 4067440
181 720929739
951 589892570
890 932494468
13 109870725
37 318227181
200 107618415
339 175269211
236 329811923
321 277816283
254 807402134
306 821994535
119 589214707
603 644682690
816 207847465
654 755061419
422 520130221
811 753970662
62 28693699
223 93388127
350 459177453
99 144249454
518 847662121
455 50301928
416 338227696
116 634158936
538 659282702
472 410540774
907 351298763
924 153530285
21 808729380
378 828784588
690 776762147
495 9493991
230 238649512
142 482389338
946 169017539
637 99866752
782 22556262
752 776671417
66 657556753
317 864493176
721 96515796
684 291541938
744 40530666
747 518308501
573 154713524
801 595139397
375 414339226
856 706503819
47 430137927
545 693872258
85 742875621
170 111284877
62 233437970
175 110538584
684 254566182
155 108811733
614 56320390
795 166147716
352 145339443
8 851516990
141 515330255
12 387959814
530 765219060
649 872813718
230 432583253
861 617177529
167 120956672
900 206240997
407 223682104
923 35245405
138 912579263
401 75258174
875 605573754
555 930757855
600 167324531
237 114276424
92 286941205
382 519428140
333 953400356
639 682580479
22 939229749
212 592834159
436 612630186
758 323229020
294 351169382
55 100044063
354 640410308
164 488437819
413 355998933
576 79864865
474 76952987
346 537725367
591 866836748
948 101949415
414 774452347
272 45887213
659 78196442
502 635761282
983 763822313
278 849243790
869 12076573
203 504891001
846 717199146
863 283576283
41 666545821
70 126891013
570 577700001
875 324028801
254 113658158
165 519874067
498 345479101
441 707742416
135 537825813
119 821753637
168 181003594
60 860547542
227 572773518
569 427432414
366 273367940
298 969713015
983 272174200
195 553268576
270 580889995
923 797787873
347 476443333
544 426013523
66 147825454
664 127693907
919 774904878
76 446265990
481 122756795
84 220947788
147 295682623
725 66212153
59 920241710
797 194315117
689 488121472
59 100438848
521 953281710
518 901466353
775 931601480
12 236438214
39 507706612
101 92008366
102 49358460
137 438002925
1000 50282378
834 717488597
758 144576292
714 433704192
766 856423191
584 555451795
330 147725654
327 115677877
310 166810609
996 173974634
944 769700292
521 467149043
197 824108809
645 429202704
345 749957318
456 742685459
918 798853009
411 279338028
675 746022590
478 844897743
167 690143947
614 620138627
797 725248162
171 181197605
383 383409841
465 939444755
716 333716200
146 751364169
917 332843187
200 323928530
895 347269608
734 859784633
299 941977920
961 754205769
355 415354454
521 964813977
696 82743360
66 788075986
657 777150443
975 701586757
159 443062503
684 404013979
987 969124249
927 320763381
576 404591133
82 25472649
328 949071695
112 770148690
635 70866437
11 398593967
29 131198853
194 998320314
826 508213237
550 214874498
435 419388950
580 835421931
406 525568441
954 530411639
200 716809179
599 431822366
705 920685307
907 286465733
448 927647520
428 498211052
119 736369334
403 558043307
224 214577901
495 624887767
276 112278356
556 330710461
196 193457254
568 215722125
963 967973221
162 13947796
260 95251302
205 841554795
424 310565735
451 278444318
48 526329178
711 395211863
292 659191669
424 220465323
932 39440985
821 27562030
582 584069026
391 166811131
33 449682970
549 514214489
747 104297268
605 465572441
552 235267066
937 40611110
976 842847737
44 732629357
484 318965978
88 513338409
134 908666334
958 19807459
172 742162728
614 467629650
746 227347673
691 98603507
85 459430954
701 60136988
571 421239382
516 850654818
269 90388403
806 887889729
187 735296937
554 549248508
621 339212607
126 75284571
73 41499222
13 903983852
928 878791856
669 96948750
557 476723247
699 592385628
34 94410319
56 747739815
594 388099820
702 378526169
774 52755816
592 748028383
53 79041659
615 171311561
568 197562334
128 933643102
370 185850241
847 936425558
919 7369491
349 204631636
118 682676939
961 819157565
811 107126519
816 364598948
40 974848732
789 107648351
223 153643802
749 325753109
446 941928720
935 896195940
582 482806802
69 236780778
582 745771228
928 143101779
140 50145693
861 754129678
950 197444385
212 469282005
517 489184559
40 899771852
126 117259207
168 6239957
784 304703163
687 217425527
295 948717438
596 378846603
271 28378891
453 775539559
896 37429177
772 921921389
730 753628361
10 477253159
708 416403229
216 542606947
736 963230116
808 442874424
4 339600442
997 132712426
395 126487646
892 981356732
940 947093296
367 279395737
618 151725166
907 34357076
612 683856232
108 944686589
954 870960013
918 441312245
264 852202725
289 655243870
419 350493179
315 717194224
3 362320315
759 791936070
410 586898050
420 778543113
617 124801304
927 42695406
193 167841333
915 97070709
7 942950864
166 543209412
461 187622679
574 21900099
548 840995633
568 455104894
833 868859342
587 116408266
487 785034238
915 198038125
142 440714979
531 157970339
475 556177181
197 439034617
926 941590259
261 12908591
491 91318509
46 72527554
20 249840013
82 92473554
286 653491523
962 86044863
604 504241603
530 318653372
658 583214154
433 226885859
437 115582483
740 347710059
746 163186927
283 926554014
482 281472830
831 621997571
122 135599542
172 810276576
939 269717187
849 24093681
894 678625818
937 754348562
350 718243311
450 25561446
306 737198955
92 66209000
716 71417529
502 748867259
405 850477216
790 286693073
995 499775292
108 617031728
284 125965447
211 782955376
358 392739990
924 878346519
454 303981217
948 420803447
824 420345864
63 31634393
552 771323924
706 943188501
627 70118098
915 706025001
666 601340013
930 498222292
898 629854182
167 46558941
855 432019914
68 421046231
507 932134
304 846153875
831 314110652
507 851021608
594 101013537
957 672687779
835 793799669
740 69619148
314 622211475
878 383963588
35 199788925
75 622772254
577 735368897
810 977886460
759 7625306
212 900855488
37 294624838
484 712108621
304 426757171
603 746411561
214 671661413
315 979631417
158 134088396
111 54771527
851 105532547
72 180815470
307 117133326
855 363570027
475 401002264
972 818837085
593 612466285
490 947388345
28 888875456
437 895475527
591 339122333
254 272964469
117 650637319
50 213381926
146 236454031
634 95173051
167 920023867
279 672474407
459 761006744
730 863570734
268 138670130
818 980174569
420 718934562
984 815743237
456 188391546
670 570611225
846 915177139
761 338421338
728 150353056
803 506480480
870 755040599
236 753232761
146 727804052
638 433177403
385 996906888
723 69164343
892 495926978
761 88795649
585 571653600
962 275046050
477 117069447
745 252380071
596 667341827
95 844687373
803 129414012
648 950521863
801 946485566
142 849139734
58 523726764
664 864667229
275 680493162
208 397439195
866 946488983
322 289346830
523 642399909
489 286111980
859 22466581
620 798604681
275 729111198
851 634225224
172 321186575
35 410422537
730 138444540
856 260932503
51 642699099
498 984416251
30 167011319
290 655359390
267 877241494
56 135013737
110 717094537
583 615313950
593 140256903
749 734092972
27 778810672
709 970398390
835 800213230
793 270886816
562 908015352
879 594471904
247 784726303
393 417436633
528 847720540
419 707529711
249 84946680
528 443129126
193 795768212
983 33202057
859 889675331
836 440833944
452 1859367
977 228219889
224 468971040
982 244476161
788 602831610
885 883102310
11 795778974
869 784910057
36 694593388
477 410367159
121 905067755
520 315121324
111 494801875
454 443651707
575 525532335
971 26394493
483 670287751
916 989348716
102 728555856
177 239863535
515 825577868
365 86011701
133 973624892
44 663889899
32 343069241
686 302998866
859 381965033
471 854471384
856 338645457
565 812847715
896 134573104
162 542804452
780 612134802
738 933884218
89 486562286
849 362982058
7 96581963
461 691240267
800 153278144
644 69685260
606 75717870
339 486316088
632 779536850
764 643805272
926 17455240
620 9641290
443 97052517
110 491665914
972 231181390
681 504232173
46 46699995
153 104361097
282 863101883
485 947179015
441 897144843
412 217563463
871 101294746
71 834881291
241 816583073
679 553126620
96 339099736
587 501161701
614 399315001
334 598353898
979 579308846
178 546771066
31 379374201
951 187182640
803 544261042
241 958245099
972 206573737
985 973772469
931 561156008
457 795155065
998 32801298
888 991812945
334 79585298
186 145244524
754 916689955
260 201345052
207 704352093
844 421491917
305 625874987
389 543647658
10 583203384
850 952781928
427 841602003
325 86233890
164 509657730
108 694302432
553 35957098
385 888351916
833 264964722
437 4697946
643 504011787
369 7400409
334 105871514
495 705096877
791 346975071
977 406305640
870 10171157
486 652147028
927 894002265
514 734704637
998 352642345
808 143708187
96 120354684
246 988633679
442 490793994
466 459031386
79 25285995
770 274884760
213 697212989
410 940051723
14 823758399
206 651019371
748 804016536
583 666383731
920 655057058
629 110012309
922 148362282
65 897976056
628 454759696
164 177891955
621 210896649
524 23557301
219 575875224
859 454000385
354 985793583
687 16933937
910 916070281
631 763369255
425 318341666
564 920182420
457 51687272
5 522003777
849 81607251
647 219101172
816 759131539
275 770561122
821 914912255
746 379716409
214 795790021
651 995246669
402 67543965
710 71346850
390 803848167
644 353953726
635 479044144
721 267783527
984 809804378
992 116294761
992 395107383
459 512936870
580 723441723
890 201651199
558 487943006
796 51264139
625 977370974
233 247587774
807 350576970
163 446103537
216 159261328
167 207376784
274 29939914
27 728986189
739 906914250
62 621828044
21 691906773
920 710255647
102 208901837
185 241297617
523 212817561
215 541087192
830 919717244
333 132212317
807 628936107
72 855028635
211 959862090
863 517708418
129 444137742
946 458660046
7 62621283
826 301193237
770 16542501
449 572519454
154 391769571
875 227292151
625 728386216
264 88722333
118 948589584
531 578413790
577 809920432
762 13487106
983 786830399
41 704943641
604 650108240
392 25606805
25 87019110
77 548868643
451 604218458
331 117968368
493 14220238
909 993065468
992 895033100
809 620453822
387 839352097
925 671536007
251 41390176
532 433569140
817 466161784
129 556061799
37 239165018
251 7042142
111 122780495
814 587898976
37 492582080
214 605934341
701 94069393
110 937587723
717 587567922
531 811953129
493 17103386
647 243968866
29 20264759
965 237196083
69 834827624
368 304459163
235 891803638
257 591101209
690 289803225
476 47886912
26 632496614
889 907622663
167 791719480
968 81820169
288 709666226
267 477357798
529 379066032
654 879365939
520 255200860
784 32819
424 48137657
170 435678119
477 248324639
68 622445879
92 938864646
503 934145687
919 602371796
279 62380124
857 181386134
784 860150255
466 618871394
864 669666928
366 77497689
815 872543495
645 429605340
807 15323680
195 532828712
196 506059118
763 110384023
37 497710237
911 527271171
25 846194290
845 118153947
334 265147493
980 634075398
398 382167389
604 696242183
261 640225634
603 179573271
979 883285988
762 932169630
396 653766313
950 663296758
746 513024718
749 25497201
918 89050158
670 787111901
534 28006522
840 498574739
293 842063565
975 752452518
230 376196215
206 62128889
691 371924848
734 292288281
313 110779376
484 375094371
565 388686444
953 268419671
166 755474215
760 105951618
904 624815567
196 51496115
768 319573265
359 508594277
713 145804583
474 339301215
401 310164590
484 866801815
591 81434063
807 720639667
462 257938340
965 548163873
710 436914628
421 105695537
662 329819534
270 123367007
40 675102887
298 717449895
303 216658783
896 799538781
147 690978854
104 823697049
894 987524511
661 405457522
844 352676682
341 50105659
73 231335081
708 878318480
258 900164643
694 225277205
311 568599190
683 702086796
972 84621848
29 124314973
53 281117404
92 139688628
493 924658334
340 91278902
961 875218869
598 953756756
715 238030306
994 66482779
538 534034091
610 264540698
205 620127396
432 79073262
851 114723949
8 102901982
666 231558665
973 330332626
736 537446006
904 880377167
170 188913340
52 363014852
205 492928157
25 632026192
160 329146651
799 550428877
921 612915327
147 929056101
756 259400500
19 618336617
952 993097022
929 61904994
285 149298969
343 921311662
503 450938032
722 684858991
725 859936866
85 226450175
593 899445503
711 42815663
320 307609667
654 37964630
589 573198681
31 18686938
148 88254155
49 736896463
536 790018976
904 80639279
669 32652831
691 537084337
381 21524084
100 861501106
725 74751389
508 973746782
543 409116925
369 872809580
353 338668092
991 23730477
453 979601035
848 873287924
415 8106507
7 180590204
544 578075117
358 581499999
176 446788469
8 547255345
487 354687125
696 386681818
781 117893345
864 799804341
415 509268704
168 921346829
809 588591006
262 107806021
177 182953673
288 618756302
787 373163365
23 981837596
213 79510800
27 676246301
295 446411474
386 357329673
914 770258538
754 420803086
598 968434798
170 622327865
453 851042774
823 820099391
372 39460184
415 873658906
558 776363487
556 879253917
582 574318340
267 876944165
728 694699219
296 76077836
65 768595819
873 605696426
217 348452778
671 482755292
903 285896859
789 599108023
333 28535571
889 359588210
457 687407550
634 50024365
139 878563892
949 796363424
408 753935275
514 23511708
793 731201039
171 768895862
710 147297216
910 163279559
625 675503100
287 412726498
646 996513304
862 296573177
191 557294459
83 623511543
960 122396756
219 792811350
964 435596365
758 395880143
50 406009913
763 418594788
686 163458507
970 586278065
582 390110758
676 511474760
892 334568313
348 321080078
549 594756961
434 284952584
336 342262711
633 522971892
914 7310551
453 554170767
747 28903769
507 843250421
701 492060964
559 795627365
44 113772890
839 646941812
296 16776323
848 903221587
543 625946619
257 72278346
25 639574702
995 993098283
771 780908582
183 917703741
251 152239081
207 554893358
27 75873872
223 825674146
195 357645670
930 796245590
232 561973108
222 926217051
70 81752437
53 27912081
201 853008198
560 359159584
162 169269949
448 72902794
830 764426147
711 825118187
47 179791988
868 507719744
555 852719865
526 35469435
3 236941703
325 731299270
103 548799906
447 92602885
896 435755998
946 905684055
741 754268676
360 658664373
818 617324538
577 223477286
256 376629551
885 188750553
349 542066687
904 73173372
804 82024866
992 548515303
276 134604475
233 998752076
633 105469136
753 893823171
996 942293844
838 634336113
891 522597794
630 956911726
332 345752543
914 612964178
658 987451791
299 43995030
603 451393060
788 493737071
967 113104037
379 282924241
534 875234492
198 985677298
614 292468484
451 635628849
697 326741003
816 783054910
838 280783786
476 336949048
60 54125747
478 680066509
249 824858473
133 149399604
399 987037025
308 180197676
293 566758782
825 867664318
43 106325279
897 640098460
19 336265194
418 264133459
855 86202379
651 751803306
319 568361639
71 845729406
172 519511881
883 33371514
119 297531081
365 641206909
190 185360454
489 865601571
512 134410727
507 572591439
6 439837806
652 896976183
392 276853406
484 428381545
853 398049551
105 95045819
694 167975645
886 729200436
136 587369412
718 185703369
475 468230823
265 155860931
501 261294325
74 213031105
463 357421477
131 705418975
131 62493789
512 702557422
868 716067775
828 610096738
545 9061336
748 794066601
946 717049341
322 654241561
454 815208599
230 563614372
788 843785838
754 154086294
186 635521216
454 151817199
431 199478944
77 750757176
850 780931938
518 749933388
526 830936412
627 550695148
754 112689276
401 421425543
103 145936172
173 590473541
240 160077507
909 24255728
513 183881070
894 492200507
127 29474241
462 5749536
296 123120069
299 775964766
712 582770364
605 451587007
561 707975024
692 540959179
845 335237606
291 420155683
810 467295264
260 937026441
355 32516713
826 675918077
279 191698043
385 218897914
594 527756489
434 108031286
464 471897814
684 56987179
58 59242101
409 998220770
388 942900599
767 496769978
389 262098994
604 30035617
332 376031566
997 995683014
967 758665659
179 557006396
481 258727333
408 836883943
465 706716092
215 850199783
436 451667227
534 35084247
724 534827615
904 105921607
128 378072538
870 872293187
618 924133711
535 630234951
899 998701782
238 899620837
757 142773068
747 226500640
582 16437501
947 715506817
559 825151798
695 840260328
299 20554377
613 616844854
417 551888316
456 424642400
530 692584279
928 348728883
987 288690
489 415467458
734 11000551
61 905379376
763 179999423
203 522204018
701 46241514
597 603430016
603 886649093
496 776116149
354 839010666
948 92787517
750 60517091
743 633504911
563 655223240
933 9240621
548 819797598
843 87412454
394 836799165
503 200126480
259 723960414
666 794168801
635 654752932
120 568171936
674 45450717
976 682985090
536 747464667
783 26517780
902 274162990
573 634188439
812 142519942
253 454571545
448 250096959
757 178018157
381 333808334
224 414076309
129 735910333
565 608948330
92 495462330
510 582319290
938 858347033
253 386695927
112 979016300
520 3195325
203 143119768
800 141013564
426 838574297
611 64710789
990 706013516
875 630973452
935 543610304
1000 147471182
965 384152792
691 811200244
575 239789727
7 663644753
583 980920282
48 103280282
552 274419411
741 744082605
821 123491585
16 29788240
826 614233072
962 82986566
296 904055516
333 446618336
775 132331028
409 558711061
196 965864403
138 465659798
50 838489928
699 683942314
230 21736025
758 989060761
647 248766247
418 922119335
974 9988742
769 62304399
730 795402196
18 762571301
591 94573887
990 401119396
824 281669978
596 916531006
741 221005639
898 420758853
225 858165260
779 937181633
941 200189664
569 313580600
337 725097206
476 20210451
90 226908738
596 678432943
198 822077
937 408587475
966 555854550
827 667908297
175 149999493
128 142066909
715 543099705
501 11990492
972 742677993
76 77662916
194 926120
933 109648753
495 949781259
264 61614969
273 586495968
704 418003290
118 26219106
880 41605265
588 734982789
682 423909403
540 113285824
560 129530785
747 83955419
343 843095174
804 820634848
484 673154827
264 636041177
592 268209569
587 588699722
986 260746617
190 161138694
799 433966149
623 381200804
96 871018038
190 914880333
468 898729172
849 911862819
273 646934485
139 494862608
746 913576987
959 951726464
281 130039063
152 576895516
754 352940164
355 115502539
143 674358267
4 283344931
138 85162263
659 110956313
839 163826406
91 771780646
50 228801461
797 223048203
405 583960798
692 570322284
102 87666125
47 381355149
729 710401136
126 855850959
351 272875717
211 541510737
171 290113284
906 68057354
572 776196214
634 332129235
934 39211545
244 962897931
558 110318611
73 176021437
360 49607722
656 647262561
403 335350893
714 129787610
740 497216890
195 456829953
717 235160849
297 451042728
501 716225457
910 503909541
678 550659659
71 802241712
107 347269000
849 913525001
760 96687723
788 481077444
218 952766841
291 334998401
74 501171492
847 745463037
681 653202953
682 387713759
294 215983933
71 206128027
310 601796994
818 667886803
80 153189969
259 477426237
208 54842048
625 74180116
322 1994972
327 618548995
622 8288964
150 159568997
378 421567275
846 947857652
368 629983708
491 109283330
337 683248693
407 222550736
360 209191606
124 914958460
352 153067576
270 823508434
644 987716446
7 920222174
749 380745855
112 902848158
571 15367205
952 334239949
928 289659899
383 509545629
913 582789299
429 738662146
333 868148705
752 524194037
453 986813998
632 300590991
569 787281294
243 127237926
855 760131609
350 171594230
464 604242807
511 307607341
440 130531438
392 959301522
885 376444590
62 3790540
31 531433907
690 441092762
500 190015348
973 855163958
136 738988329
273 148857503
975 78417916
673 655376316
309 607224200
472 375817384
44 938688627
138 612170947
744 306940251
207 111732983
407 138606068
191 337905166
884 295900528
601 69132770
651 436837472
576 814478329
88 347690668
978 916417065
537 603638153
542 630262640
651 910351381
897 782802553
516 804111645
363 436933256
437 129776346
121 86932182
174 458365782
873 267990331
486 823549234
656 433142197
18 759982263
12 381741158
299 216615952
978 25016059
623 737924725
27 306347583
416 11089065
722 767467341
161 89326376
904 422171319
283 113992223
204 329953545
444 72231431
504 24775916
833 587567966
953 945884616
510 78020006
882 633208294
253 916261960
623 241508102
520 783352483
724 483143589
208 112981228
505 788464671
779 272887839
603 617545796
628 768058241
257 400013755
950 201608166
122 77917222
974 676122518
191 141404961
584 165602590
687 857661204
385 611396316
953 773575904
436 801033535
739 907100402
60 79877037
58 96881323
520 18212987
863 234520276
400 405461270
710 950394376
428 767615259
253 673888280
463 732595588
951 124564883
130 998228397
518 865604368
747 91183729
525 238483764
551 213289980
121 434436296
627 998472221
977 15189959
929 897407912
361 174721857
198 310065070
537 638444211
819 379657218
538 111002003
350 81234746
994 180208134
842 755414553
609 929385024
799 838256226
810 858170530
331 375576491
386 385292525
193 130855402
812 902735301
392 658491760
571 923296449
9 97240528
664 117554109
900 631453424
357 111176045
16 295390433
203 9695641
917 958796101
252 871517203
194 453846632
530 278111014
113 373988256
918 559342721
457 717947041
7 668747453
92 147532243
124 984318098
250 535262639
93 899316362
733 801318556
269 975635954
346 906469781
857 24396059
360 374969749
992 457630836
705 490167621
693 472610720
949 77853350
805 984698071
325 532967797
452 362744418
74 869731176
525 365490619
716 310688061
244 333873261
353 174222751
80 257269286
916 241196076
734 742709418
739 164966044
329 173574559
469 811379992
979 644980957
610 616940609
561 855261113
565 190873852
166 658087920
225 860146517
119 698422543
9 64175674
626 42089916
507 564389638
881 950229366
539 659335904
373 978253954
231 754768979
769 121839397
823 696677704
170 89898440
735 493545799
923 605913416
362 764403026
361 212656585
805 214068159
838 315120947
355 785892939
401 961494964
896 322245562
232 997359142
502 123232852
341 114585842
383 449258562
968 180814318
436 565599589
818 400393881
964 58275893
376 734421916
370 847195686
311 419212651
718 319711177
96 144371726
930 91890734
512 377776891
389 403900266
789 921526537
261 432190511
660 318061204
673 576196447
459 374373221
522 924218454
557 430047849
249 832203726
464 454373847
580 212999159
413 539479205
195 805164098
975 166529313
385 648676990
521 629233130
309 904746485
481 3313667
707 508665311
934 405444482
182 809884328
533 337014401
418 889644032
868 28112604
439 51128919
448 965830382
2 954456307
94 78197505
227 259240389
149 786911032
427 320136175
906 371850399
155 599830551
537 16995396
193 747034991
299 819673249
281 372766119
970 692157620
95 408625138
537 229609166
457 788933526
857 594279950
249 345382860
812 2790780
61 650898462
140 141618315
306 998730741
352 335145204
496 248365636
373 880920862
768 538997130
620 224964752
820 349953859
877 213382958
506 283057420
461 470331684
948 874048633
930 963611935
556 788769073
838 58408056
124 655036054
208 87121386
550 69777100
654 32491449
635 899308735
429 288692374
306 708153594
352 902788727
4 666073719
316 583882669
335 193472149
250 174169094
165 422414219
703 691891440
336 401856316
569 499730820
840 567170737
328 115002477
275 568241548
698 352212172
58 723024371
211 148783556
955 307130837
40 82069841
363 949505839
441 356021318
698 506534549
201 5581315
109 224915210
47 522172987
624 585036849
793 804042723
58 764565380
999 96028632
390 861360276
896 72511748
766 474634020
314 361420057
733 907732274
40 767015173
405 295731576
373 429873417
466 564289339
456 716984786
549 338111456
940 146255393
477 931080686
802 631287009
102 819724128
787 60316677
544 782698864
222 347401929
646 314331526
384 36695354
758 536223550
331 540339576
534 35729251
53 425116016
379 963951444
144 763451675
704 58147118
917 799650886
810 227348104
759 586351593
420 915869092
620 857732402
887 542259230
135 534197656
967 807900591
217 674386126
911 381224213
987 84489120
646 76536261
660 73220898
575 80431442
877 132268105
117 533203220
967 407193096
410 418776391
284 426743119
231 101475914
305 775484112
617 230535446
27 407543119
30 548188003
579 451577420
562 594641728
24 371705792
743 135431640
784 974846619
224 680339848
868 699900645
461 81560217
24 169641282
579 615801998
42 612894397
408 334497134
392 904718368
27 41264141
177 796945037
826 531924236
455 584601537
518 852077255
500 965939516
17 890605575
763 952350486
70 999673842
462 88607416
36 103208302
713 81166187
563 524701822
712 805893392
66 564516810
750 196225765
720 814980257
37 829206093
536 833345212
129 31901691
346 905325019
172 180965580
395 854589469
638 122496004
805 497312517
715 668154109
570 957070642
838 331749385
470 278740017
542 240971930
374 43317623
154 860682064
269 575008244
43 245209891
361 78057468
864 511496329
668 632107455
275 662603355
237 16417948
826 214980791
35 34600966
444 149455435
201 332682788
856 776370999
121 119481168
984 242429675
177 493420114
906 903895056
668 815578612
739 458900705
238 121163355
787 580063901
793 115052014
36 541207409
73 677738678
832 971170072
64 980162080
684 53698176
968 640728491
165 87590082
466 984838795
722 100040869
61 357596742
53 641937022
166 592265419
102 448707230
933 198396737
410 503596730
191 105245415
624 397405557
81 511717450
136 132284942
838 40176173
529 34840707
125 741240212
92 523890795
855 865145863
526 515891556
852 425151046
927 467278538
982 720035067
805 211949143
739 7297919
736 854724300
348 920314378
321 46933834
799 564458761
881 975625056
488 425194743
557 52231135
6 83289164
177 57850876
261 762209277
436 446300051
744 785474424
788 397349492
398 228778889
620 660598131
244 6978420
515 454103
99 544638869
110 354454357
259 252304019
427 286109466
940 286700164
624 519445713
389 908759170
13 379287693
706 444838949
297 926404544
815 381988467
958 687372750
671 354089073
438 5203005
159 94708034
31 669473271
676 619142128
423 136092730
726 474387377
389 220462983
359 914760369
547 329907795
678 976099740
355 174856026
536 940345895
529 842908975
193 381228621
229 252432685
157 675694239
588 415492235
511 840961864
861 670781387
892 533197076
674 46050016
369 533858885
14 961676812
331 72489474
740 158101091
633 746250909
723 524826236
475 521716910
367 812365854
446 284612516
231 230222150
159 843025286
685 7599606
114 371605461
955 452913681
126 200196174
662 981449758
869 322140844
503 783910551
143 105888424
356 357926538
294 861065720
207 546970320
942 156250578
142 915281737
805 457017168
614 906611363
202 847141896
827 522371467
616 769402494
101 542445212
976 806016967
814 96730000
308 530618450
748 560397131
293 200824466
179 134588152
888 770291578
893 439100184
757 539708480
122 506052346
3 185849684
977 364018096
445 2081971
2 289958066
726 408556459
421 479250093
134 430842598
727 813413848
348 882490426
621 489409887
228 657303858
951 329914776
792 398341417
708 971378476
963 982739465
245 174885159
889 576878475
972 350558528
378 422811513
125 65559072
773 284845075
315 866892611
219 306946146
648 856015768
651 585688491
596 979448975
652 97271044
124 100532355
883 349893033
969 390546931
718 598899918
37 734195404
842 678778975
43 610507193
32 745288101
517 309245005
415 486891270
971 550520029
111 467884645
248 664539988
542 331155372
636 353491713
440 118023391
577 720770213
87 830091656
645 419577016
445 965063292
666 263166844
632 229171707
606 542919322
143 66081262
41 88452837
453 146687582
125 771061211
39 468003697
841 313971916
765 793950447
794 489619507
617 552400507
309 846714862
60 880748051
230 159522148
336 680343334
892 303547099
39 589352706
187 823409097
737 765238236
121 74508394
998 920425088
856 77399364
338 899692222
141 914461249
100 667440544
231 878686611
505 195415580
977 937629982
408 995005386
453 17950396
702 9061143
924 553357132
812 422036537
940 272559168
338 797931235
98 593958991
593 426470528
831 64522587
154 994288762
930 726128182
824 522702866
447 824789467
520 961353342
705 495469234
296 286364497
819 155583208
132 702747268
246 550556545
687 380198175
507 137966951
781 259426029
243 88959299
793 913167128
298 477101224
422 557692942
750 705317659
702 724807262
542 747943683
455 540762587
233 888197617
96 534541196
669 273979001
506 137263638
110 719416177
880 453830508
89 49933837
122 604568483
598 664846833
922 861458209
329 426653824
57 259472888
697 97374495
242 490048279
365 99657580
360 417274760
255 101034732
903 551182498
174 986098492
599 725923462
172 776857648
214 136158771
943 264226277
535 98534193
560 725915113
67 328048153
499 556442493
876 70423065
261 438864967
775 113180214
632 23901961
497 176575172
324 215216198
369 1896599
586 119271297
535 313005878
888 863864921
686 510059735
669 779084552
843 603288921
741 190396111
763 259938950
835 739378244
418 196800356
180 146815742
106 519651925
293 758442316
349 51972967
685 442734985
288 8330816
824 416213410
256 334937725
913 689872288
193 299551200
40 609093406
982 854328141
966 33507311
642 236016819
813 311146233
132 186704340
989 418831701
979 189233383
259 970042799
233 986489616
853 246620070
160 115645303
247 375399490
26 845497376
890 135876497
458 913603161
550 82774756
664 683609068
902 630651603
796 477313061
229 635191701
707 851338532
575 988551479
230 28595146
20 550767080
875 42110018
14 935082368
81 488417142
488 770795200
574 134756546
665 176951813
206 783073900
79 629173323
877 161380490
544 101880517
774 881478273
109 701535783
563 427573112
276 906174301
954 484729488
223 501712643
812 327973882
280 604971558
371 350434801
128 904033415
3 196102016
732 934275209
55 92756422
948 848249312
163 222232914
759 504389177
227 515977380
602 227952651
753 693538122
448 794328700
680 141045432
869 918438793
744 807667128
116 230644562
281 733950025
337 366845177
784 372735132
142 774962029
325 997085857
369 469468597
997 829775232
576 35742873
181 12262470
300 388634264
107 37679858
192 974039780
541 482445634
932 279229208
621 460271980
169 5408206
351 567161905
316 669601123
94 2108088
702 679631166
329 296017286
237 702843654
49 412229992
296 350035233
611 279260009
219 376678786
571 753537096
9 914835409
181 51435631
714 876585869
788 699682979
691 985869874
31 337757751
350 652390582
954 937198273
370 894113387
185 180855816
477 610253619
290 536060214
523 849224707
839 868337522
135 601943932
389 862172737
942 765918294
875 215156512
620 78297382
173 136936534
950 746807929
774 318769760
585 337859197
527 24792655
646 591847871
952 865265605
452 242155830
702 567306296
887 806449599
522 76755538
542 85126682
358 25028372
472 489718755
204 256901674
60 79272605
871 441938549
19 85261620
43 393004918
468 381060522
722 46392264
758 146496757
330 828771720
551 985149973
12 529918833
172 994138733
852 99363447
80 87318247
703 160886600
143 86356850
87 675845780
394 58181647
382 336954108
608 154776786
264 185431302
585 682013917
150 268514839
551 12194255
158 710288260
574 426913077
294 327871892
594 5011786
951 116242493
195 486427009
714 282737803
29 496236812
657 386622063
363 620777183
42 248902487
789 885527621
667 891340473
736 236107951
246 959061512
490 550667891
894 823779367
144 832141977
167 752404281
546 958911650
884 590035563
544 338297069
72 411406525
351 700436637
425 73219016
487 70318459
694 240311972
758 560928093
37 418593876
533 833991472
286 786378669
400 81456377
438 418919495
662 122527300
302 62608110
527 664053586
827 956309980
43 767678779
436 865756487
617 385732304
663 769296131
8 71241001
916 85956359
75 909344893
347 341897018
974 117688562
205 880326380
735 866765571
95 692976970
289 863915450
680 525598493
682 63660408
341 149581401
712 953351179
735 468972848
456 858618368
929 117021910
980 621557874
379 480247883
65 623324499
44 919651175
571 497800980
51 256419353
650 139716298
698 174323084
341 914815331
446 17697936
806 354725767
896 135875975
354 458050000
979 844639698
283 991868275
400 639052015
939 205883998
141 116766238
856 484744157
894 487701515
424 196516068
687 416646362
413 922807357
488 925702719
236 880637908
83 231249277
503 462415739
141 686529902
265 167350636
983 81885359
83 598875511
794 193377519
82 270310434
566 289304773
964 460387920
848 470238103
865 523905300
420 769834132
647 62431000
438 431588534
893 322791919
24 119718086
49 500735970
395 13314981
762 501770413
834 194875059
22 73383305
225 934967338
906 935587429
244 644063887
564 255271730
5 588449703
938 376165775
183 629994330
148 526723349
331 214455785
705 907202644
349 996639206
475 576256041
310 669975707
302 306602108
788 861261644
785 426588558
371 376981149
28 687564411
183 222485558
171 414718016
242 133360753
48 609391143
150 727910959
172 99578131
487 802889343
658 648411071
780 186576653
503 547125237
697 100124991
662 276377832
134 531335351
364 230890793
510 459221449
771 437439269
55 356326676
333 755453289
423 51371234
106 94388519
802 33005152
216 484789519
85 684947417
890 486523037
694 360081105
979 223010161
499 668707928
561 638357504
807 849236211
934 730921694
839 449511738
828 634042748
550 7551403
508 853422308
123 602787237
351 323442326
404 330542638
171 51251852
476 127482475
481 135765027
29 770468266
223 168533156
503 811898990
775 320648063
315 545707061
885 670845135
14 114990232
552 107489214
583 985281515
990 389656338
775 796339957
908 779207693
227 537734337
465 229039230
178 119390170
664 938975763
55 115404267
782 230232074
680 103675793
921 63452708
693 293600142
855 595281447
375 849076714
960 425484768
221 582672957
398 92976674
407 280493589
9 202810691
343 105889427
651 212759881
231 917077074
274 869957442
460 91801250
635 982526624
493 402516576
911 210454844
706 468395847
407 71310123
161 861237981
642 183880936
502 295222786
171 191010182
681 274464852
839 192114294
209 241567635
224 437911543
506 92953968
595 751298559
942 473191140
652 427880421
191 361006561
718 157732100
72 777860355
886 837520397
925 762806005
777 50264998
776 445278019
782 563434135
708 337073668
704 567714503
592 635914890
633 167299424
318 409279764
456 907646397
801 615333312
364 227617900
571 231482415
687 853575786
849 381626390
966 510373833
244 255485502
910 794708938
962 422686343
203 366967184
951 102795230
174 578993416
164 212899085
522 28578653
693 725999312
928 80148178
806 304022589
188 380798101
437 7162814
473 558021405
660 752138898
269 41572113
7 701790095
461 240059769
479 78210124
885 549114733
869 482513890
745 244080953
689 472091700
30 630181707
224 862007613
312 110154025
485 725647072
66 210773224
175 470519754
109 133590988
739 346017676
130 73406937
655 273470771
471 728311199
298 421674283
306 79487472
970 131027858
893 935228296
763 587949049
367 548426114
533 580284373
319 972386542
508 492989346
806 324240138
255 245014351
411 147268850
256 699492203
332 32326880
159 218640250
413 340962278
855 907771540
306 687105652
710 60407780
86 681282864
953 65286809
694 968054187
601 204117780
598 238233585
691 229825885
452 226096528
610 19353545
300 668021983
304 750622482
5 27517031
440 846123456
934 929066614
790 541731849
118 985419591
9 844140448
186 884981103
66 797700614
478 375913520
65 490948942
865 979781518
657 34312177
746 866070563
348 90128717
853 766792142
540 696301484
837 185036337
849 63205222
111 806770566
942 697908628
883 133561805
195 470624529
969 858182010
828 491128041
502 37084909
433 382369405
743 690753669
896 100375124
452 708443588
931 856354830
338 27831142
898 289657762
977 712920911
302 619097605
489 892224394
952 264526237
63 849370614
48 888417728
221 350042244
266 143385801
563 836187665
462 990070659
437 857597015
132 601992289
212 964232476
440 319649995
187 692078464
602 807625446
771 750152245
576 757276969
356 103851841
72 577197494
758 55662610
362 324449877
679 394927280
877 908247299
783 154981737
500 906033274
7 259363028
798 62779739
26 17749535
118 233664316
841 222626607
591 591933838
509 112354879
678 581437807
205 162335122
992 902307683
511 260080101
937 484453582
847 362178973
307 633695703
278 275841690
982 675623374
487 91967950
612 142684741
209 680037889
585 101601814
96 900294066
339 847744417
860 122914857
45 491250449
848 633164154
843 338747994
882 307946105
279 114550941
282 467939002
733 253496243
333 819322175
996 452017152
139 399208868
720 671947547
760 763022998
326 986312523
701 488905777
521 700163037
681 76503266
419 438969356
814 913913531
190 905918111
90 202108430
402 261975771
841 997378668
486 996939330
390 408393064
8 301964708
278 133833515
631 165064126
511 666855797
842 176452260
664 575454573
665 523189089
311 766095228
759 156462801
944 654044258
996 686684510
564 283280222
496 217516753
167 232018712
705 985717185
475 536029539
727 17477276
296 669058015
905 518832230
879 485955215
524 252837857
768 6392788
217 5649853
346 948453467
664 442161546
805 638106656
809 868391471
432 725270708
103 579148203
102 942213128
355 196018028
417 802394252
912 862374406
109 968204906
398 170308803
986 532426126
379 69475734
724 995852043
698 706043895
819 601909411
447 257343034
995 634483427
288 880723473
462 887405390
301 991338249
581 235188320
281 470191395
702 809502176
452 563625948
547 749596294
299 691741632
111 104940672
747 334667133
164 942820139
183 505155285
741 284401555
919 50499697
949 546154119
969 157289509
728 240485183
546 113869384
615 951171093
715 133829741
588 435208138
947 277304323
530 622680368
981 701996926
32 995746639
652 545663953
662 550012146
117 883518260
515 512899800
605 86146477
358 677767687
963 908148949
816 120261413
374 569065597
41 13803688
111 294519709
815 185604804
386 830874081
145 804371482
887 852042915
564 539444767
524 613382358
464 1591727
330 714370164
261 208464111
93 736319576
683 845150768
629 439282717
231 511969727
378 43334867
997 781042011
891 822214065
602 642836904
434 639957940
749 444445629
751 122912701
55 802408120
807 629032997
82 202823230
96 125096677
401 422281393
866 878825737
364 306245441
577 456925566
704 639315168
90 268643191
706 308941602
462 131348278
856 103681533
844 711150896
594 366306765
553 395818377
747 196928408
188 452850623
549 662874184
165 105749873
22 19168913
514 75622069
473 516422487
338 476122325
241 698199518
435 191958254
20 905568351
310 939165719
946 399838136
289 643022149
224 443510084
454 6203170
951 151008445
474 259723119
502 294727242
59 702782127
814 732662353
269 383176414
196 517316333
6 457743955
378 808753126
898 747134115
731 4465537
307 878878150
442 929208860
154 949482087
84 300381531
711 991067898
547 435116889
953 349600850
214 163873515
607 89608973
379 407909100
56 112042046
241 953941439
584 384127215
575 486822667
186 793443410
649 951067726
624 112508559
643 143263667
119 918837767
190 145867093
701 109086925
605 782066680
383 164738045
56 723773752
450 975302342
393 798581693
387 768558126
482 490057695
316 564441120
805 991818488
789 324311842
438 784510144
20 252623193
731 87798145
987 710197973
167 689820799
328 838196570
776 818894195
891 876780411
562 40530852
978 371613641
660 818123917
312 7606462
250 991663012
237 390563115
309 595722859
975 470692542
525 868663772
97 38702823
887 15076392
116 551601203
313 385966453
733 127607865
470 259447165
757 71205915
234 796400851
556 483007829
340 626067526
44 874770947
904 664271770
618 345291309
372 699269169
995 732954687
422 313939489
804 576727992
772 918971980
776 320156992
167 848883346
76 145581226
111 27097949
545 589862913
747 897741822
533 855855559
115 21337094
737 912394621
309 773228239
567 618250907
293 770141510
580 123141386
577 166779098
658 6042622
858 464311752
616 304217634
451 482853107
950 77775491
55 304159932
343 86838451
517 686608039
213 656519116
652 432480712
317 172022968
202 137276003
759 749821219
138 396020402
475 28672255
970 8110700
232 155974938
797 342159068
341 585299336
383 126924604
288 441191888
580 792274490
134 36196012
695 768978467
397 457932560
284 721214761
305 940903371
244 596547223
996 507596733
269 132834819
490 190483037
193 375413726
981 926271310
752 725576877
858 134743653
211 765909356
364 302227409
60 366798979
52 839304649
413 231362382
922 121315051
286 56743967
430 953455957
68 40989615
746 811076059
294 196366407
776 809041848
294 21952539
589 500856187
637 623852771
981 340728167
91 546101032
634 272052847
982 615833739
927 357985448
581 37281294
620 44136198
778 883425162
165 716909560
578 205717247
800 402911125
111 21082951
240 36023577
195 373498405
116 737455620
273 233103573
626 860473261
769 91517385
552 447942159
792 183907317
798 506511565
434 437523181
305 52486411
789 471492689
898 527801038
681 843727568
646 193558906
733 795967024
485 657553548
136 211857931
295 973605250
390 825231656
338 580466881
371 915139918
389 997036434
698 76348829
100 791744702
279 879370935
518 47227552
57 566581518
80 51322680
164 769201962
342 539453309
627 745340089
296 549389418
76 317152052
558 912995035
265 51392205
341 533014459
719 115671615
593 13171323
160 523443284
753 708871278
22 560586715
548 188725642
248 694972479
833 110411808
50 199618742
719 148832195
748 577954675
823 870901774
417 679944168
99 974751734
700 759736690
790 661745108
873 205266569
648 720110
268 42952314
737 994150767
922 529819125
452 757603079
876 238703932
634 97494691
464 611056780
774 582151341
831 631482255
22 749606895
481 29729949
312 606615163
683 707520634
400 152586025
99 83967921
788 885542503
813 915015266
208 444251886
213 994005844
9 260148646
661 37834934
215 734322197
656 830760766
722 955211995
84 654607137
831 940703734
981 595755242
37 176267102
479 545084149
435 258563052
367 494630997
367 627986704
504 59006942
383 365310183
695 573459808
114 17241760
97 91853764
919 70719134
570 590134792
758 118219445
147 257387589
466 917547556
433 69595572
775 300169218
764 599336730
154 754833500
880 603590450
780 583422105
860 117194266
505 733890968
773 26518525
719 444670914
515 618910882
913 612159334
678 129402584
921 458936552
570 478535008
476 76731899
451 179374095
500 107081329
392 540816819
566 937563688
112 638250020
208 403373981
895 548131382
956 288784234
656 429542445
408 866749457
823 962223811
843 712893161
365 836171818
500 550642517
363 39663693
349 959516279
364 58027568
711 31620831
747 542745646
996 158651653
604 118575107
135 241939826
196 826405923
839 62007510
234 122506891
949 51204643
683 36977891
735 573470742
629 77691172
334 14768378
579 110136335
322 932938831
997 239774961
598 637282906
722 882675992
926 953048611
569 199500369
502 174049754
310 24489164
265 33164265
16 136351947
306 111095651
629 29866939
483 793217967
721 921136790
238 447965611
215 363957103
239 250519595
242 476450496
488 456549048
221 488535921
4 23973030
7 322836609
604 619641242
480 481051684
690 654871050
262 526209879
633 841353782
406 728448825
769 53753928
688 145666054
90 182625715
515 898092693
581 416187447
318 86702443
273 832948110
56 648829459
941 973509913
778 74834768
834 876892858
80 104232378
851 9514389
588 470153713
653 653607536
130 876576293
26 136016186
304 734130743
850 895121122
150 91156333
154 487703535
442 155791359
604 106047007
461 589101106
847 611980574
492 784366902
128 819882709
139 168979515
666 384278657
996 819155897
673 237329881
594 303567359
709 493978191
633 363872252
963 8150863
362 643215837
626 658586189
151 884204883
393 825170241
372 325872425
703 592821152
66 211664047
423 227955162
375 171801205
945 86692594
432 725543575
877 122375316
542 837434918
395 777201189
633 327151198
563 532599700
215 81717357
593 433208065
645 41365786
537 169630431
547 83523013
993 15372557
126 493129934
444 129384992
213 431515302
801 395251114
375 227043119
585 63924439
702 854912223
406 310700779
461 524026200
440 594999991
777 634973404
173 787269950
785 921098240
829 916690598
978 444303810
335 515448322
139 972145587
425 573635803
533 559822698
997 550405381
357 446417699
689 124131450
713 978717403
611 465760425
863 824258126
373 617208143
883 491505502
132 274051735
228 715973555
428 704456875
472 975926035
424 75656371
929 503837241
496 159639929
849 933502833
986 885919057
129 87407654
214 607707635
795 902627382
429 742464095
368 786744306
31 258072525
485 255597742
616 368092390
938 188196350
116 322027792
852 621375139
213 430044806
247 843402232
833 831062373
20 758987295
737 28056485
376 104473674
684 173724959
12 272357345
129 601690450
613 460786406
268 399469965
89 933663132
735 135600279
156 98698917
835 503168194
146 650154049
657 197831425
318 739624962
130 196048280
909 848634354
201 862866350
349 895224006
160 378479598
649 972678572
45 8183837
303 787938091
857 468640107
54 826052755
574 606167651
477 121287155
828 212337527
890 377331246
436 655385567
503 298154300
623 316483321
710 61297077
111 993340165
365 971890602
268 223789918
211 766220571
29 888710119
158 759586570
638 689458891
842 154874499
455 672044361
266 675096372
86 784688139
155 989864150
789 832265969
730 112679364
659 845433143
215 992540984
699 43343112
599 359635434
607 720073575
787 354087992
59 182059123
648 343054901
946 352008861
998 110407885
189 150778767
826 685426460
979 627587392
500 470859341
129 108945309
145 535019379
96 562058915
792 631984305
651 923286758
332 523768749
733 593375346
59 774315406
294 225747315
288 61627040
824 731117624
81 876497824
500 174500681
700 306134417
641 776061378
805 269418263
803 859839233
799 863020566
883 392444394
738 783805769
689 993893075
500 581213762
51 75656065
188 145601752
918 55695668
330 132334162
167 515317630
62 518356443
161 108784332
911 73008742
37 120002606
910 962937300
572 797994738
276 131231614
206 515434234
215 158113153
596 906156559
952 35693827
24 705768047
226 813554653
755 855222196
987 660319925
354 861917091
238 531010109
816 61341488
844 992080143
26 30832549
937 820387211
678 924674359
117 9099896
569 592532869
397 569273233
963 971238189
471 893221093
198 924234234
671 303348310
311 577042234
152 859541906
294 282611667
467 246899971
885 757322820
222 402618683
984 647764043
101 976879204
512 669060532
470 691946806
60 393013762
260 511119984
532 367499992
580 193942016
38 745188142
192 480820971
211 39061610
431 676564070
301 244772415
51 735008914
905 746056023
274 796740467
573 617771016
669 640595646
569 792384356
82 175719848
891 887935965
331 822929880
651 45449260
559 875846288
23 24183410
502 150757798
65 221828605
214 694255990
633 708120151
212 863599573
349 446980557
398 183576508
