2342
166 592460324
204 248855435
231 636402956
804 19446517
568 231869202
192 82202329
853 185295436
218 727572466
309 356939816
271 926010952
364 497078956
160 459125554
640 274598439
712 630557374
88 586957192
9 654429457
269 168697864
597 364515381
660 63524605
49 253650228
564 489269455
107 968624907
107 175801890
871 636357232
564 87814300
861 695095693
182 600791520
451 451636290
790 946671636
654 798899606
955 261320805
648 472082124
93 476592502
134 789716229
554 640221112
378 136828490
10 28596136
499 618311892
83 999307954
945 467586533
41 679359911
664 98952339
356 725831173
575 722593621
939 358715826
870 285683244
943 644306295
489 999346726
243 431341061
301 213173286
104 141710939
989 603000302
94 535679689
803 954082274
358 61337042
949 795134171
198 869933062
461 735364147
647 397733084
785 892116619
446 780306368
344 137715912
433 12899905
38 85114215
746 279280169
333 508628015
601 763329960
94 206481141
369 836358937
30 21756536
103 370452161
288 870020409
894 103756933
880 602114550
456 838639411
901 370715208
113 55174265
64 118603251
658 650964076
516 541248945
419 719033935
655 879989764
16 311786407
149 751372325
850 508582033
814 115011143
706 957314215
518 447007829
721 824725447
425 265781336
543 144258681
766 759198419
332 154087937
728 885887571
38 359061101
800 662485921
696 555483324
845 137606033
707 463803946
163 405686539
944 41911041
127 357032613
544 38735889
446 935279023
700 109089874
130 610282125
212 859315604
50 304455131
577 117932580
486 143019101
102 626014822
513 655888656
911 168435823
365 291698201
646 944001070
472 616158065
852 625727955
31 386647258
430 233947167
779 910272458
530 16465233
336 708845417
220 617617007
772 43770918
185 586380318
759 676694605
689 267259227
169 836391446
718 222068060
493 922653313
477 32178865
262 561344192
639 454698689
318 209082154
65 166148358
247 105822952
69 677669562
531 595772653
459 25353398
793 921640038
808 724577551
534 851975983
494 762184475
783 144392100
585 18801080
418 26288275
670 765882940
408 384161917
909 827548556
604 958537674
387 641878763
294 33920889
211 526667294
886 461302422
421 547534178
195 518070523
188 87992688
933 218398630
487 554129085
297 990850220
785 687129618
298 256363912
34 27674059
635 127155822
624 235675312
52 149192877
226 691488639
117 215152869
536 75709776
415 611812324
414 284314409
968 67495904
913 420020995
907 408731850
145 647911161
28 656947255
745 824125458
488 370436375
405 891790868
852 564776026
506 550458791
613 786924201
257 237452419
38 114206974
807 644013501
377 978987932
392 416896239
478 350608488
442 33801057
35 589873141
817 541599733
196 13801505
703 126341476
19 832213683
278 856850571
289 886669662
728 918764049
825 784386270
841 602095198
643 281063611
311 132827755
892 387554577
650 253498502
457 538344094
233 826130029
456 574770768
391 689582119
618 42346460
899 501439846
531 493255318
316 115776870
995 444489691
970 174554895
205 713396946
329 330653534
551 672428580
85 799194937
109 661848215
702 617622185
532 264246633
13 350979817
172 184205323
680 614086306
915 492397168
757 377359646
33 953551976
633 723539324
533 263291074
160 689001763
920 443382504
291 884499704
396 44725009
187 661320304
165 90895026
608 445805363
106 430407402
909 6244970
681 193764206
204 168699489
137 382855781
932 901099587
48 815492613
169 794899231
589 969559889
591 172736112
537 815258379
6 16150268
294 171900521
552 672157871
228 362277005
124 445677606
951 112786331
168 690557223
562 92532195
139 743198820
819 446923930
832 473415475
435 975486747
345 136048260
561 431915651
830 852455936
89 667765368
140 85182418
548 272968066
237 364420528
673 34633594
62 341989296
683 802130911
883 233875930
42 142731835
194 318298718
804 718387859
256 3789841
178 649730380
882 160242861
20 77334211
25 724648915
617 986651230
37 994144030
647 722139087
17 96096109
376 936447510
500 971263005
309 822454056
451 806628755
223 612840181
82 919845341
587 854653934
335 818018643
83 61786891
500 133422467
511 14661583
314 16192435
299 771496429
874 784583169
648 17174394
449 749186878
311 799600173
233 923454704
793 460769013
500 750048444
120 285671657
297 368674160
629 185281638
271 259344836
795 201417202
815 526273767
915 577570094
500 422494481
451 735465298
970 781721348
495 719231706
836 652866684
284 804804295
427 272997349
270 980128752
564 286907952
874 873522709
331 74489026
111 548290186
89 292246660
116 123846839
58 170994590
148 918589573
620 382540396
816 803789517
377 16936480
894 843606744
237 361675501
26 917214984
537 530706806
246 888552341
163 255359685
323 903102122
430 278353792
27 849645447
460 727203448
330 761729714
958 594477858
468 752585660
501 814688662
689 341738269
221 650340482
324 164452861
243 856412846
301 664166869
955 388557267
424 5309421
195 652198558
569 51940223
330 105404533
475 281499404
951 73995818
799 677125345
896 969980528
6 418889301
951 279982465
827 354273507
281 92000851
240 551627875
516 783096517
396 50468898
106 457291753
718 558495681
581 805937939
120 325185006
781 916035442
259 935801132
306 686883764
476 60156599
686 93099494
169 144774838
79 81567093
704 176597697
849 566076275
980 877304501
269 266122377
577 259170883
450 505238558
742 457425940
779 420802460
884 232587978
303 375404646
487 704046141
858 885999738
604 786587846
835 541552891
814 544859428
482 607254197
715 962874221
589 213582226
951 867103635
431 102740109
287 74795270
441 994537667
519 465894101
882 190755835
124 902685127
30 579857401
454 74436974
501 999521427
634 523169783
848 759917768
600 801895638
48 168602895
153 338311424
63 894480384
322 534315379
805 267442410
234 144048489
150 349532867
653 37714635
313 25572873
315 503870249
273 728663648
620 198834163
529 607784718
433 15626702
377 197045417
709 678449887
175 77953203
979 377955536
835 476537019
23 961209356
888 354540899
514 8871587
456 32311985
303 670270869
229 213452671
736 55047967
43 205432660
91 522065760
641 310792027
631 169254424
689 216346831
248 924633730
153 64740256
501 347482439
702 544806786
748 869451813
85 404002953
506 248316925
91 156793152
128 880629920
378 824273262
664 112558242
750 587787769
341 658354853
429 379974370
177 388464894
346 992928241
401 891350573
357 230355989
635 598270762
562 598171573
755 969763334
868 539891551
812 978658619
58 194359401
623 529804413
530 952519149
281 640326000
331 568867944
245 803190212
867 28772425
471 489114983
847 614623539
964 848521870
376 527437613
455 142182163
600 683281843
167 248354165
184 750085318
799 982315333
214 937681188
131 972759489
117 241968503
711 60805011
606 438878986
961 173850877
86 776676899
442 441084696
537 224806381
578 841628784
151 470988979
721 744126527
705 578271856
247 340134710
303 910784941
939 316931816
629 737748627
859 291148288
337 214519831
152 177351711
690 692960241
714 389420742
632 718235850
900 159186365
967 761606651
8 660704161
284 50688826
539 299274587
395 65460276
555 410137637
989 299753353
111 680369539
22 601393523
743 758888695
163 421329087
632 985831764
105 541540772
893 316250115
506 936656567
357 746584345
229 866755614
107 700577834
597 517176339
68 119017365
864 56853903
220 981333167
706 59595077
780 905903997
814 666015290
114 249386044
551 334734819
397 105537123
64 592321813
822 324205890
936 446516334
552 469996742
310 883717600
170 550249886
432 440606536
884 401283841
253 852707172
904 317263135
274 669952151
308 223975071
383 941775984
660 850516552
724 652698159
480 343547207
343 570975509
737 744792968
277 954227351
141 882522927
719 724886711
241 919890333
69 25350350
778 78023532
579 798446473
316 19611476
268 376373974
25 117281726
962 777371007
467 219279195
950 635900055
207 535059452
362 248847522
419 350311733
58 705367119
203 11937832
410 215288421
117 117158626
598 161792511
245 75309876
934 104614305
398 208042459
970 368141789
837 391844728
722 196247002
373 230094785
12 766397005
107 883873842
771 964191001
347 329475751
659 735279794
916 94117653
499 934552127
34 71839441
818 546165787
346 838580342
626 378091629
385 865756641
486 937247710
642 126764171
389 469332892
266 109208637
464 786306911
450 320682668
564 813698795
89 112616433
602 117684544
906 323702747
42 354956894
265 142399149
276 379408683
45 512895867
332 917598893
251 134307707
177 523339956
859 146511396
181 520360122
172 43222084
955 294937289
501 955725867
958 913609593
559 782333375
623 585010927
912 399874414
969 488141887
248 249132575
311 868120665
732 837902214
132 953827744
215 126116690
517 147366464
782 580781789
349 973303563
293 308350494
730 47867577
566 614393933
806 580045437
710 729833041
804 433028894
413 973197291
168 772590179
939 615883030
853 119077992
657 59251434
225 262162351
610 685672413
360 871556945
494 130608287
974 397601988
164 134960170
339 535208116
852 664109006
318 21261697
998 278934300
945 287690666
633 879207962
758 962896660
372 303968594
926 116150573
589 586314806
413 24768316
704 79477740
517 860972751
410 683065202
536 779501702
5 20653501
46 801637143
163 58000346
927 661693640
309 233441227
475 419501248
242 202423062
179 256304397
439 15218541
462 66462110
30 471226290
722 935978448
171 159552820
486 74742605
971 22410671
698 382017954
771 93456945
977 818890491
554 970555437
509 563385620
176 291003586
942 684776031
301 54835890
518 53350844
501 212768137
720 865492176
585 44226701
132 505629107
472 353533957
947 25738181
355 858066748
353 238627558
20 363622915
869 55722842
918 8196109
269 285587560
465 511762121
889 970223250
611 665879310
830 305020912
217 808732429
217 954876342
986 540353237
617 312069769
129 934827245
62 221770129
398 525885777
351 981118875
412 142578004
6 789789256
656 232316753
247 800068639
563 883640951
4 445095927
335 608706171
299 368247630
69 29779370
161 992345666
464 102595241
32 341239137
229 253200398
734 255404774
435 704093926
106 441129394
814 99641824
124 291006921
221 551971646
415 518886803
137 370100725
953 67401481
103 564041641
503 327460892
124 938596901
354 677682229
907 1995833
745 574163860
523 968185685
506 109768623
151 325655406
667 722506916
749 983167729
384 548558857
99 127785758
855 101500135
967 135668386
45 481972733
837 114202260
128 53112087
357 141160325
354 16787451
534 961655664
930 142990808
934 340445353
846 540259980
733 142110292
490 35214876
900 372545248
739 943832032
395 306347415
14 799887468
963 653173616
443 550727619
138 316359573
440 52989690
898 914902760
539 484302257
162 47039995
760 957721142
660 453045917
13 266667020
161 107818495
623 938389798
423 545622568
713 65322903
511 377335637
672 168733548
752 480622912
223 107613976
211 808166336
438 621067100
13 336788475
651 747998771
981 870773337
237 142604418
488 585343018
375 917199406
184 915193000
431 27458084
845 398180670
780 316759641
43 771389307
673 105468434
535 722255130
724 181028008
788 83724877
737 285913078
214 892630090
142 25806032
693 974481997
494 600776383
404 853655767
822 506550218
696 146461429
456 489605069
249 246201098
166 866891092
5 166211082
772 195769832
200 474117057
174 587189683
73 262652163
284 228443038
126 450819751
297 927995694
623 579491072
737 845960396
676 334147943
368 308918812
411 118836041
220 557346412
28 566956830
32 839367861
684 877761011
136 386447078
937 877995150
142 657412383
152 627251576
120 410296442
771 995768616
654 539065337
997 201069999
553 998037356
845 218048034
165 807518147
579 22603551
557 400437037
799 885380132
821 492170100
396 739165898
391 630881793
348 355094091
142 261758794
754 138484188
755 680024570
76 205109927
517 265829041
59 166127301
988 554206949
515 116125781
349 404114465
468 338149217
352 142858233
423 119268030
103 884335605
836 983437442
924 928125362
930 98995171
272 225267910
868 333660015
778 373572847
928 600070254
19 22216533
749 344537385
327 192992669
498 177833631
27 29091344
526 684136752
432 312523003
81 199326898
240 191987721
636 957114862
154 32446799
182 550899716
466 871969587
789 722475512
386 237910244
339 584890767
348 710556643
217 956397817
801 930145342
200 15088936
230 752951934
907 539412075
182 522301738
485 772775257
45 80631237
130 224554074
621 46255976
737 99100814
318 882800538
608 890821765
955 283962056
188 80594930
838 777586703
410 594554815
24 633441960
310 720420602
882 116365693
10 317120528
616 777929667
763 6085740
426 672491171
42 974639345
351 457291663
468 347965802
362 28390499
574 130623394
549 881026867
107 405716020
269 343066157
14 27691631
693 357600620
947 274370261
974 157294522
731 687107459
360 392074738
160 210529507
864 481014747
390 342155864
915 182778160
58 347853208
23 243016664
472 587409270
688 827416791
844 204000580
726 746952938
363 669069123
766 190367442
558 137858206
166 652121445
43 612179253
425 346732275
235 141061262
1000 440677408
820 734496047
148 496759820
880 506594457
664 771737635
843 148341447
869 221278334
82 327928251
655 173733733
348 71624665
513 202597960
38 751104763
635 995404027
391 43766855
988 645711130
947 760130158
156 59306920
913 348172558
494 958147699
638 87884088
878 177893445
119 192222847
476 858276820
111 111001581
522 545841487
840 325259722
602 867457010
160 869053218
974 159817596
702 180814113
378 50309600
792 677338201
180 126949319
94 347634526
36 947643214
795 273769574
115 72798870
869 318181148
292 527886196
870 906651862
137 756785990
174 67386037
142 145505555
644 304830695
307 812702570
268 22345523
330 29428478
880 974845669
417 174386760
147 485743383
11 30154109
410 163191519
282 972774634
928 542189784
40 463609714
494 732819974
749 46023379
348 613272772
906 498242673
252 354246444
137 506120484
430 588437986
21 296050857
652 949203914
993 329507597
872 633062165
156 463702239
513 879249708
108 194452091
853 40009998
166 407894259
512 342511814
339 505745936
705 125712283
169 392101461
923 391589329
608 423326203
713 871158923
155 830950727
839 62099694
503 24079598
877 309330808
690 210241174
5 599763366
214 230379871
90 15954564
237 307294945
733 390667358
70 957259115
931 432338972
808 815344377
926 987598907
858 159112584
422 784054317
718 379287742
248 991146680
929 617072159
131 974800608
266 282689753
294 804655048
753 88467749
488 644607670
833 283296081
344 899164235
167 984374049
17 828277519
115 756575806
148 770038831
280 318746930
581 911238881
685 882900506
348 114039392
44 6350049
984 38968688
422 236454952
376 409356093
998 667550205
295 945359226
938 264386006
704 546080656
400 960036829
908 638539547
713 405140089
711 9080116
160 394634730
952 682294969
816 769173257
759 985681836
301 707333600
615 69548053
665 721528151
892 140807200
59 380042650
761 837755319
985 21075635
319 63776365
374 153884416
734 115372090
603 174939106
539 135254753
272 97646680
169 658683804
259 425686125
808 289433820
677 656421444
412 232373394
452 579993452
229 747191962
362 589563185
241 699092526
564 240083625
514 593988395
135 419506761
982 562826724
457 412031334
383 277199148
314 167061804
861 389483016
263 953417086
318 439550435
137 584052404
617 820035829
762 310972168
624 328146455
574 884891568
454 881114531
518 682010799
361 568906140
845 680036075
994 350169348
289 98340504
402 408208584
269 106207290
29 614145639
680 44042483
409 746381696
715 864115445
871 720798207
37 817501495
535 569242981
819 957359267
149 533833655
113 51807701
4 445313471
878 602154489
981 296089117
326 756957716
863 51377374
384 473114249
15 273115320
310 216494385
294 177497640
371 517406164
643 825063922
353 808754877
414 440056303
126 63958509
312 732578620
309 268039955
813 191980407
15 222489677
501 141615618
453 519678872
767 379370917
514 251400428
770 99660552
590 825170044
79 512823194
38 979932402
211 69323929
429 794140894
184 30447225
687 388706084
853 132049829
708 516225159
285 875651598
217 416594036
182 695309251
895 44450817
845 500542844
50 815383762
402 752428078
975 841035760
972 330810238
759 593432266
936 465500984
747 190119839
974 223756790
575 512421679
82 541740413
451 446943091
15 912793536
43 67696456
974 187628170
17 20376811
966 982246311
526 935075823
979 81410091
103 239909630
848 771267529
162 785214592
557 984538490
150 269413717
874 512500597
504 485623901
998 733010577
655 555833356
531 481966414
920 122092074
595 781193939
623 818720076
72 386867021
145 532309325
932 469186148
343 290623776
83 453535047
119 434846057
660 117888056
554 879269459
278 758141417
425 787288731
21 656657973
902 719396238
657 29446777
33 996288791
91 975618877
81 914836183
926 54023951
614 45730222
294 543691234
782 758466792
87 428901740
872 451734718
947 359780086
91 10956808
641 621544794
589 933425037
788 641607604
610 774598494
198 288034121
378 989571505
707 98529981
962 678467943
138 177387522
819 208563576
449 608407659
842 62117598
896 957104185
187 111253615
575 534882609
166 242985128
364 210124562
541 847688311
401 995909324
976 439062952
149 796140717
530 514533863
97 566460925
799 309306326
941 106099729
888 482448119
135 3070404
413 913904531
775 249315158
150 521681246
688 50796007
626 464559837
389 489996894
178 950957789
359 982000926
903 633335410
56 555874770
371 568503290
433 274353367
295 729101551
423 752246164
275 184855823
570 767744018
704 121428677
811 298798779
376 51276460
133 873844529
473 128861048
958 87559605
787 101132199
192 646077415
590 887036430
929 9901000
100 375260314
801 53368180
311 940969641
942 206269966
933 778914082
876 73408572
781 1441193
221 319009032
892 592738306
731 133892810
333 342351807
41 576897602
145 775712712
183 386675202
537 162341264
918 698500265
138 322593938
120 156580991
402 475463660
549 384086954
604 824217190
321 262370528
222 990877685
1000 601349205
519 702981877
169 440902766
655 343989755
981 699333210
391 918055981
114 874130391
838 388396193
106 323080985
920 339335639
538 842260138
216 274913716
30 875234023
930 58849217
225 242324734
561 122577992
473 466894635
386 253724425
540 12408433
884 817226477
821 422221312
707 46652808
552 965705876
379 988352465
210 916224239
445 806496987
779 190722166
905 858676696
819 281244565
247 605785762
62 476961545
814 414434202
242 152473284
657 724405422
18 437015002
459 607308555
25 686822080
727 539209041
216 288356700
802 694292818
311 885726667
943 42907172
682 106872649
49 852120823
750 208729403
402 570731572
292 297836531
685 697967205
12 324722343
275 72135247
939 798605532
523 187302045
207 123208104
243 66316988
175 971039728
851 633434239
566 572408424
169 605976303
996 210736492
652 673094557
508 513214950
948 783843677
29 122245811
412 854162230
986 555505012
936 837445100
743 902021941
111 95397717
983 510018324
301 539973422
812 258374954
34 505638669
701 257514557
275 520651628
199 160196510
136 864785984
367 776560783
315 62812444
184 43602331
826 561294206
981 351881200
999 25484488
578 394022581
250 681912542
184 624502621
666 569067670
721 911881648
945 646326700
777 150775851
556 473837178
572 717516704
974 429356976
14 33406120
434 470281656
864 234611334
695 35122179
78 622418979
57 709370865
573 782429919
764 423055897
32 45055459
928 83151850
912 101141804
88 581359078
553 99027345
979 433135132
808 494733729
436 928745061
435 156401252
412 612549669
110 852833077
163 886810513
857 410532978
377 344995735
855 934294189
125 796238297
85 906799625
642 64918471
983 362330000
387 112995124
361 464418059
575 136677075
831 880643688
784 850616777
187 457610782
742 793384961
77 967078294
834 61698639
612 85560916
377 968914525
754 702934306
220 205934279
652 207997537
157 495876334
134 358419194
748 14638110
803 314252181
363 177403543
127 406561163
245 860362068
607 916976351
547 126291517
604 766293330
452 496927906
851 925346347
333 54638052
247 92062651
552 627449612
334 877186703
750 505850940
222 112625915
32 603526573
560 659466239
345 520110613
448 929536296
890 394437360
125 365359607
190 249054824
359 40215947
298 570953330
255 346121284
694 271941600
334 220014787
657 536468449
575 998062383
510 620016421
863 354594392
322 614942407
459 112130235
160 205886654
43 161828721
905 39465505
913 506061110
820 160364517
850 852907261
429 885254903
642 339768876
379 921119562
227 719881174
540 349843419
948 731745780
557 415191645
149 961783687
222 289616823
454 658141195
439 163638816
366 956371694
226 172949219
880 6554318
25 57650601
331 750989957
997 292520680
585 501082939
882 14336183
882 165226730
106 302079743
571 99039472
491 774062790
601 602429681
147 611757819
896 428616653
145 657107967
733 771967579
522 289049108
433 710978532
411 109294146
815 66312196
585 854266543
241 773033462
89 57634987
971 523940596
280 839572228
807 841574740
590 282317313
190 946784018
343 829062769
265 302393193
414 625150299
551 851566974
870 53197246
196 749153811
928 596922294
581 528506020
73 913725715
349 707973474
659 233425984
928 353992976
894 764420346
815 126298986
850 155064343
185 89066278
710 622794140
959 973171211
842 834489115
324 484667803
824 140728603
258 358839684
587 711574550
837 871811476
461 495787533
754 30313351
483 894322715
124 755119577
88 465762013
921 128432547
641 519089777
673 835399999
128 178806555
754 611040948
170 84884640
604 702801920
759 717849023
443 516451742
198 214896931
275 109891115
872 617257862
300 335359153
325 470697650
617 643224880
465 576722967
58 967536422
580 928081877
232 269253246
322 511639194
153 388300183
61 445402458
315 341126704
631 259262652
658 701261102
546 165274712
994 702619811
413 813570353
789 15416795
376 246008478
501 130109105
72 909084983
857 370853064
889 642129358
864 562971629
368 302192213
582 627298372
605 770278948
824 157120569
492 253522757
24 502674658
446 26465589
62 263523911
267 396896507
684 991217119
975 455147014
293 666942841
657 854190480
835 842134598
653 729617168
870 9319315
434 766251074
233 936916189
411 379212760
396 473314110
987 861259726
691 804940021
565 40654464
209 765476455
222 88209948
269 970971225
554 616672696
835 945157290
531 803135557
57 603976614
936 366066343
742 154356028
640 94539421
79 300042859
490 635045126
11 526430517
739 755016997
520 151568564
555 418618964
625 877003284
263 958544545
986 614175342
719 40271056
57 358132188
103 315887573
436 405169332
791 63196615
565 51352059
284 732730324
398 857038367
827 319999026
399 188994766
276 52858142
802 770391350
989 394337772
264 666115482
390 322550039
78 493686564
98 17053461
243 192272390
6 936171761
465 83186841
983 145507598
822 286224592
202 39866371
753 564004081
506 683885866
129 335037036
227 420522553
390 633465027
348 701526699
122 255291773
799 915410685
959 605288452
531 943572273
409 596954353
443 53896724
155 295980657
500 50720511
397 815698457
905 772905802
20 960231717
725 931575814
30 131489652
497 121272867
382 507597354
863 456305395
461 807655261
798 318837646
583 13567514
555 679678905
854 184626138
262 773681850
169 181581909
507 43068098
75 932437173
307 274726708
664 694101583
922 535140791
913 133147912
296 837022560
172 361487328
905 217415450
796 451387953
414 444089979
649 233096159
970 975455413
649 984189028
695 842310562
602 137761154
696 640493099
82 799861948
154 577344527
766 757732202
26 838097498
357 880351738
260 868683322
678 659441923
245 504659036
939 777179713
299 940084037
57 923454834
65 265251796
171 764257418
302 310891184
250 85795341
890 13344870
752 498787771
849 322552299
919 85106144
664 49178603
42 12825490
256 291757897
459 954946717
414 37442565
300 571775046
684 302797692
486 418489621
61 820158289
947 563378832
885 961987733
723 330750030
255 394124713
918 591168379
936 134257309
452 37197997
567 534156779
627 496794724
453 335339763
381 506403036
938 157769031
429 395724048
550 566257463
517 435038949
405 231042834
228 753098305
370 631505350
59 17724196
314 188686536
899 283842840
487 349862399
125 845305242
710 800673350
770 629689315
259 119973313
639 669960234
450 286218389
23 192552776
112 549469222
338 246158276
382 339678319
645 635198932
951 762838166
775 733437632
723 834469706
727 448310753
470 268696075
805 833761186
579 528416320
356 43441367
129 886572101
652 8638310
972 999436795
57 865854820
511 880979510
282 900986291
210 858550737
75 490419271
398 365338577
175 734335957
298 154863523
165 190097604
146 366185162
279 148970408
524 519281019
654 425906558
205 867651872
12 850106365
568 15471713
201 979711958
578 88923019
813 682941717
825 342695925
632 104912762
998 452858093
513 924042859
667 208416866
362 214124262
720 184623147
205 851285363
686 562664515
379 95458686
350 892264486
523 991016101
119 460653860
995 812501456
218 417438288
131 782745002
631 522264236
444 922817910
127 589780967
854 349657048
465 508798193
12 414816187
570 554696621
853 914550839
476 677702205
506 730467955
788 236570862
341 989863108
539 140754917
358 971639603
872 538855519
211 210448870
183 883404863
539 123090011
696 727709329
854 176407995
103 605834068
869 205169113
248 275646872
727 270940481
893 265266351
926 760322609
420 565006003
757 980476313
929 746958154
322 476108477
928 548672554
941 360824368
345 590291399
881 113972621
783 52887026
236 905186100
670 970531381
709 387132372
60 375481
702 51489264
577 374485901
710 232659940
313 926554328
337 374310256
455 329729623
726 632863592
94 189019789
819 62331591
216 345728865
414 428095115
662 163924086
921 84206308
292 110445654
842 79855127
184 669607620
477 145282657
522 357309132
923 389421790
106 957114749
955 767437135
738 594484614
48 452483309
366 369151449
731 785998059
481 355799129
667 970501711
856 975168783
587 679510998
348 84303582
650 554553515
827 653816160
990 746682695
196 901475938
952 37545510
563 910219324
475 887277396
75 888998635
951 236639757
403 477850203
484 645794920
40 386409047
268 364925138
292 642961859
60 145990997
314 791421448
667 72339896
101 963544540
949 811893373
357 647589563
774 35054747
921 899016121
605 721754518
859 889908157
775 926390655
900 125800587
895 96290431
189 262282721
897 565250359
491 83039082
228 557198524
544 456640221
430 980518173
914 115920911
297 679093604
68 904893718
148 955780649
501 115617616
37 618622801
763 457787937
797 442256748
375 498972986
992 421626386
896 509462220
698 205397928
216 886939402
232 335227689
430 579270684
587 684149080
706 38839654
351 385271192
559 925481968
689 79681435
856 537541321
566 448691929
779 371631966
232 741472571
411 500086278
49 908830647
362 811333785
658 126834467
454 125714020
45 867776225
521 514808870
574 163816090
350 302498528
616 622090883
596 661828540
862 194698958
103 210758264
944 331050777
64 82321629
755 169112411
451 643258967
148 141346127
188 982669470
976 201769333
56 113056406
932 246948810
337 131060402
136 432238945
463 105956233
677 135593560
883 523044834
991 211330145
735 249062218
538 570696111
675 306761351
511 284945675
711 225841260
137 743468366
395 487686498
955 135827073
895 58163319
339 713663353
28 2433289
473 5113497
442 182657907
877 158141044
866 305825575
910 488446681
140 685723170
12 129537007
511 823486626
974 750585851
514 400365804
637 247740504
34 438810923
41 482069781
118 553490844
557 400069801
874 2406703
225 836095963
450 392536975
891 568980272
447 612075458
911 422494811
139 20578233
822 722545537
369 95348952
147 532251518
429 888118993
877 34002326
20 651054623
12 149900732
463 564058597
260 89250125
794 662939230
329 120712595
82 637222585
845 828436362
482 449232295
762 549371633
649 606582566
672 714146084
205 645241104
452 372703106
534 13681132
664 251854139
406 813384219
552 167110164
981 749046089
259 641427505
44 152326272
949 364381474
164 279831375
566 258902575
488 128999791
293 384551450
634 344128641
123 588096369
638 274074815
82 484368183
397 942196374
117 69731857
325 500139415
295 885444231
105 438527893
918 770961887
841 770220076
668 387623809
447 3925274
723 288879305
237 761011976
870 747763133
344 223688240
626 284070140
82 360398447
319 221085244
394 561687761
232 522624733
794 465521982
400 255565327
367 803166863
579 26385874
945 115088672
595 762817005
665 279244377
205 97448295
508 572024229
16 261271540
248 22972699
459 620285098
816 737501338
744 59806710
353 750588016
93 926440495
106 199498603
629 538966125
788 75743206
739 716229302
339 404594152
32 824802754
667 408571849
895 676508262
447 953606438
446 317703254
950 270774657
586 592806952
941 152503255
481 262073081
857 873177258
408 374166407
502 233204755
662 1182067
783 60183420
185 39446307
212 122284308
158 446634575
25 812751960
926 273639075
36 449641608
722 821411090
349 450050917
213 373627139
797 975643322
280 272450469
792 742024990
49 499233
268 189697646
58 97730644
712 601093371
110 639740467
591 621825934
858 79662835
801 422755309
930 173266547
406 344943209
859 46321105
385 494750319
567 973730629
317 989169703
488 784242528
38 665650915
323 664171145
452 776989964
832 588407009
430 56124108
394 649682978
266 976512454
140 220027122
524 502705784
612 963092733
700 322725994
718 917114545
776 553116658
57 114169181
965 165776101
77 991237374
527 94879900
124 577655001
803 893530395
713 711522237
316 169007958
581 533901304
796 320513883
914 103165790
595 221934723
576 236062132
742 109568049
965 786043694
681 916937949
239 41602829
647 409965678
523 660944468
249 462191013
69 770328448
997 5842864
845 463908169
167 560168755
158 632037135
90 636906012
201 747901825
837 736750327
672 507616159
764 118742575
808 447240829
112 478929190
332 298158680
146 197415681
347 640424548
241 109190335
121 917438043
295 7070515
358 973972181
155 862677607
755 655883655
968 553955300
460 915950761
488 912023263
582 610898752
997 915994970
635 242898998
698 459165056
155 844415858
838 93150736
375 111780903
976 583266282
441 948781898
280 219554230
949 142550017
580 9938920
567 220632338
588 574911778
508 997759053
764 442691317
655 435303440
725 25969374
444 212964713
152 235379120
586 203128190
848 765499605
743 302519183
697 435290079
721 413012853
982 339986738
5 104945120
116 506641190
143 105571042
170 355820963
930 551976605
757 6825104
422 180403823
822 825342333
581 469106195
437 632555978
193 478582464
859 629223869
876 536547542
818 950629385
880 978911435
515 478152013
911 399909711
305 807994052
229 519599110
212 986984503
607 569609233
102 910078143
764 520473118
688 567012727
206 501027236
424 908222706
310 908342358
372 981637986
20 525693543
856 348039418
976 494683337
306 105093414
859 665120426
967 60692042
333 99469124
204 791435932
931 487498877
692 6136345
750 533828738
477 953005565
355 232418817
2 238437954
8 168667699
777 123818179
93 853785028
659 285338854
923 560073518
928 64394091
300 643450027
473 713481252
446 652911732
619 761729126
550 855272266
672 278815800
928 355851188
6 971397159
290 510573439
36 269324177
795 151177090
962 668349323
60 405318849
178 354115799
953 33688573
384 991850462
906 461626499
214 345900034
128 429601403
413 306797513
522 165113647
91 415184968
303 775265768
15 742670864
36 651273681
824 609113928
389 195463632
186 751723476
743 295011115
838 759762524
349 420334035
157 526546292
942 298509809
740 621917814
511 418183314
617 937684123
54 108927561
200 538615871
214 298903311
222 443781091
91 868883071
103 675129500
547 301080973
119 516281602
199 117613163
886 861760387
204 52445190
228 215587694
783 491104802
940 452282277
869 304894515
637 847799598
3 953320000
732 3620624
636 316457686
986 123146646
890 927905115
591 931643493
322 874441129
645 83216122
437 376110149
265 209716142
82 980537099
430 418280044
921 744156698
294 776414493
514 196533042
99 378100370
429 375714100
678 67821464
331 959792366
745 375896192
951 432627016
757 108066150
84 739051396
915 48611907
671 587571628
622 693206188
977 496100035
680 237705180
185 894246421
483 176792429
150 742646639
903 571265999
865 39800694
824 728146766
929 682778842
906 433729611
544 56945599
463 473937770
552 554069421
778 249333127
266 78166607
824 270099428
251 315459177
620 431829591
726 137333448
145 564140879
677 912254450
380 238584045
148 804431018
782 206544076
547 956602473
903 514849858
639 764903537
126 448624932
55 150755723
630 348722561
947 340597583
161 124790134
883 627486345
854 399525916
681 636755599
774 172307470
992 40122908
659 818694838
406 922240799
737 794966392
141 271736734
403 34972508
822 927468035
689 369566310
92 125217890
626 795215487
975 142192433
97 863759564
186 151192201
764 101830371
585 679777531
848 840742714
431 583571460
613 154357287
834 248592511
842 98560316
310 73033647
369 9651379
2 279040109
